1 0.259810 0.543608 0.259429 0.519176 0.264163 0.519176 0.270762 0.522372 0.276231 0.527628 0.279619 0.534695 0.281320 0.543608 0.283565 0.534465 0.287333 0.527397 0.293197 0.522372 0.299986 0.520082 0.303918 0.520082 0.304109 0.544514
0 0.070762 0.522636 0.070762 0.545667 0.088558 0.545667 0.088558 0.542224 0.093184 0.542224 0.093184 0.522636
0 0.148517 0.820544 0.148517 0.845255 0.141986 0.845585 0.141986 0.855964 0.216925 0.854959 0.216381 0.845717 0.151483 0.845552 0.151211 0.820511
0 0.233986 0.669522 0.234354 0.702010 0.230367 0.701565 0.230367 0.710346 0.237687 0.710824 0.238082 0.714465 0.245007 0.714300 0.244612 0.710346 0.336626 0.710956 0.337020 0.714909 0.343048 0.714909 0.342789 0.692784 0.345619 0.692603 0.345510 0.685667 0.336667 0.686194 0.336912 0.706606 0.240585 0.706606 0.240476 0.669390
0 0.530871 0.525371 0.530871 0.535173 0.550694 0.535420 0.551102 0.595189 0.552463 0.597002 0.552626 0.629951 0.550980 0.632438 0.531116 0.632603 0.531211 0.637282 0.548095 0.637430 0.547946 0.640247 0.553810 0.640741 0.553810 0.637595 0.556803 0.637282 0.556667 0.630181 0.553673 0.629374 0.553796 0.534003 0.556789 0.533509 0.556653 0.526425
0 0.378476 0.685783 0.378286 0.693278 0.381741 0.693278 0.381565 0.718171 0.385211 0.718171 0.385211 0.711565 0.506014 0.711895 0.506680 0.787068 0.510395 0.787068 0.510177 0.783114 0.585728 0.782751 0.586395 0.845700 0.510490 0.845025 0.510340 0.817562 0.506789 0.817924 0.506789 0.845025 0.494626 0.845173 0.494599 0.854712 0.610313 0.854843 0.610177 0.845733 0.590680 0.845157 0.590381 0.733460 0.613102 0.733460 0.613102 0.728501 0.605374 0.729061 0.605374 0.725404 0.599306 0.725750 0.599442 0.728550 0.553850 0.727908 0.553850 0.677479 0.547415 0.677150 0.547551 0.684778 0.551252 0.684778 0.551646 0.732389 0.585102 0.733377 0.585429 0.778254 0.509959 0.777661 0.510286 0.711499 0.519007 0.711499 0.518884 0.707002 0.385483 0.707249 0.385061 0.685848
0 0.238667 0.751400 0.238259 0.755025 0.234707 0.755025 0.234435 0.757825 0.239197 0.757825 0.239061 0.790939 0.242068 0.790939 0.242190 0.757496 0.287361 0.757825 0.287333 0.845634 0.242599 0.846392 0.242286 0.818731 0.238816 0.818731 0.239143 0.846392 0.234884 0.846392 0.234721 0.854975 0.296476 0.854794 0.296476 0.846392 0.292857 0.846211 0.292503 0.757842 0.382218 0.758171 0.382218 0.787331 0.385211 0.787331 0.385075 0.751087 0.381946 0.751252 0.381946 0.755041 0.342490 0.755206 0.342762 0.751746 0.336503 0.751911 0.336503 0.755371 0.244735 0.755074 0.244735 0.751285
0 0.314599 0.845239 0.314599 0.855404 0.398027 0.854860 0.397796 0.846046 0.384776 0.846310 0.384776 0.815321 0.381469 0.815321 0.381687 0.846310
0 0.699156 0.616837 0.698735 0.670643 0.694912 0.670643 0.694912 0.673773 0.698857 0.673591 0.698857 0.686606 0.703361 0.686606 0.703102 0.664053 0.745565 0.664069 0.745565 0.657512 0.715633 0.657512 0.715633 0.628007 0.705973 0.628188 0.705973 0.616787
0 0.907959 0.655338 0.908259 0.664250 0.923605 0.664250 0.924218 0.729292 0.942027 0.730033 0.942327 0.756425 0.948163 0.756425 0.947551 0.722224 0.930054 0.722224 0.929741 0.656820
0 0.941973 0.813427 0.942381 0.839094 0.923184 0.839094 0.923741 0.904234 0.736395 0.904712 0.736395 0.912323 0.929973 0.912455 0.929782 0.846837 0.948463 0.846837 0.948259 0.813328
0 0.696980 0.912290 0.696707 0.855157 0.636612 0.854827 0.636871 0.845568 0.640830 0.845568 0.640912 0.733196 0.638857 0.732685 0.638721 0.728369 0.673388 0.728880 0.673388 0.732521 0.671320 0.732010 0.671456 0.765371 0.698735 0.765206 0.698871 0.733031 0.697497 0.733031 0.697497 0.728534 0.699959 0.728534 0.699959 0.721730 0.702980 0.721565 0.703537 0.790741 0.699129 0.790577 0.699129 0.769357 0.668585 0.769193 0.668190 0.733196 0.645156 0.733196 0.645048 0.845025 0.698898 0.845865 0.698707 0.842059 0.703401 0.842290 0.703755 0.904712 0.707973 0.905321 0.707619 0.912669
0 0.421973 0.846046 0.421973 0.855025 0.471020 0.855502 0.470816 0.846046
1 0.457986 0.103278 0.458122 0.076096 0.462476 0.076425 0.468599 0.079555 0.474313 0.085486 0.479211 0.095371 0.479891 0.102784
1 0.457891 0.155173 0.457891 0.182273 0.463932 0.181746 0.470204 0.178221 0.476694 0.170346 0.479388 0.162768 0.479605 0.156260
1 0.572204 0.267727 0.598558 0.267924 0.597878 0.275601 0.595306 0.283674 0.588803 0.291977 0.580925 0.298171 0.571878 0.299638
1 0.787986 0.220560 0.766122 0.245552 0.769007 0.248040 0.773143 0.250840 0.778095 0.252389 0.781932 0.253196 0.788245 0.254547
1 0.626707 0.613064 0.644014 0.592092 0.646599 0.595338 0.647973 0.598138 0.649483 0.601746 0.649864 0.606211 0.650422 0.612109
1 0.693605 0.669835 0.693088 0.638320 0.686150 0.639588 0.679905 0.642735 0.672966 0.650297 0.669673 0.658484 0.667415 0.668781
1 0.703796 0.689374 0.730231 0.689374 0.728721 0.698303 0.725891 0.706063 0.720231 0.713608 0.714000 0.717957 0.704558 0.720247
1 0.637347 0.732982 0.638109 0.764333 0.630231 0.762488 0.622109 0.757578 0.616776 0.748649 0.613728 0.740362 0.613224 0.732982
1 0.545755 0.684662 0.528626 0.664893 0.525878 0.666853 0.524095 0.670577 0.522476 0.675272 0.521837 0.678995 0.521510 0.684086
1 0.510340 0.788501 0.534680 0.788501 0.533810 0.795865 0.531633 0.802718 0.528367 0.808501 0.519905 0.813773 0.509469 0.816656
1 0.385401 0.719127 0.412000 0.718847 0.411061 0.727611 0.406639 0.738336 0.400571 0.745684 0.394041 0.749934 0.385170 0.750774
1 0.170626 0.717397 0.143986 0.718188 0.145320 0.726260 0.148313 0.734728 0.154980 0.742784 0.161959 0.746409 0.169959 0.748023
1 0.232776 0.759440 0.232531 0.786936 0.224966 0.785173 0.219102 0.781021 0.213728 0.773344 0.211048 0.765651 0.211048 0.759440
1 0.043823 0.700544 0.044272 0.671351 0.037361 0.671351 0.027537 0.677842 0.021279 0.687562 0.017932 0.696211 0.017932 0.701351
1 0.708286 0.912257 0.708531 0.944135 0.716190 0.942109 0.723850 0.937463 0.729823 0.929934 0.734367 0.921252 0.735333 0.912850
1 0.716939 0.113608 0.698354 0.135519 0.700463 0.139193 0.704327 0.141499 0.709497 0.144069 0.714653 0.146178 0.718680 0.145914
1 0.319524 0.819621 0.336381 0.800906 0.333918 0.797924 0.331891 0.795931 0.329320 0.794316 0.325782 0.793641 0.320476 0.792652
1 0.152680 0.792175 0.167592 0.811516 0.170027 0.808204 0.172150 0.803591 0.173374 0.799357 0.174286 0.795486 0.174435 0.791812
1 0.646395 0.256755 0.660395 0.239407 0.657088 0.236145 0.654027 0.234119 0.651156 0.232669 0.647497 0.232306 0.645224 0.231895
1 0.609728 0.258583 0.594667 0.241186 0.592218 0.243311 0.590299 0.247430 0.588816 0.253361 0.588680 0.256656 0.588408 0.258320
1 0.572395 0.112652 0.585769 0.112652 0.585129 0.118550 0.583224 0.123443 0.580884 0.126013 0.576857 0.128056 0.572612 0.129605 0.576639 0.130379 0.581102 0.133723 0.583864 0.136804 0.585769 0.141680 0.586190 0.146820 0.572190 0.147084
1 0.527891 0.219918 0.540313 0.204860 0.543197 0.206837 0.544463 0.210099 0.545537 0.213147 0.545905 0.217727 0.546803 0.212718 0.547524 0.209226 0.548966 0.207051 0.550041 0.205519 0.550585 0.204860 0.563184 0.219473
1 0.520599 0.248781 0.504558 0.268040 0.506122 0.270099 0.509102 0.272158 0.512653 0.274053 0.516054 0.274563 0.520177 0.275601 0.516054 0.275931 0.513075 0.276804 0.509959 0.279209 0.507537 0.280758 0.504558 0.283328 0.520748 0.302570
1 0.670830 0.414448 0.695184 0.414283 0.694503 0.421862 0.692735 0.428122 0.688245 0.436030 0.683891 0.440643 0.678177 0.444926 0.670558 0.446409 0.678993 0.449044 0.684707 0.453163 0.690966 0.461400 0.694095 0.469308 0.695184 0.479193 0.669878 0.479357
1 0.165578 0.221516 0.165769 0.245585 0.171769 0.244679 0.177592 0.241269 0.183211 0.235354 0.186408 0.228781 0.187524 0.221960 0.189401 0.228995 0.192027 0.235585 0.198218 0.241499 0.204408 0.245124 0.209660 0.246030 0.209102 0.221730
1 0.184177 0.701120 0.184871 0.675651 0.191701 0.677348 0.197483 0.681796 0.202395 0.688171 0.205728 0.694316 0.206068 0.700692 0.207306 0.693262 0.211156 0.686474 0.216231 0.682010 0.222367 0.677776 0.227973 0.676919 0.228327 0.701746
0 0.707252 0.053180 0.707524 0.073278 0.716776 0.073278 0.717320 0.096837 0.720041 0.096837 0.719769 0.062570 0.729156 0.062405 0.729156 0.052850
0 0.140925 0.360033 0.140639 0.383410 0.159361 0.383064 0.158789 0.359687
0 0.140150 0.037842 0.169673 0.037529 0.169673 0.047414 0.147905 0.048056 0.148177 0.067183 0.140150 0.067002
0 0.205578 0.037265 0.205578 0.047414 0.226435 0.047644 0.227374 0.078303 0.233510 0.078303 0.232952 0.047414 0.255673 0.046969 0.255673 0.037941
0 0.282966 0.037150 0.283129 0.047068 0.355279 0.046853 0.355116 0.037759
0 0.382585 0.038155 0.382313 0.047035 0.405129 0.048023 0.405796 0.111318 0.410585 0.111318 0.410857 0.106853 0.457102 0.106853 0.457102 0.104382 0.408544 0.103888 0.408245 0.047199 0.461293 0.047529 0.461293 0.037957
0 0.488095 0.038254 0.488231 0.047315 0.506327 0.047644 0.506054 0.038254
0 0.533878 0.037562 0.533878 0.047331 0.586122 0.047002 0.586857 0.103344 0.479810 0.103707 0.479578 0.106672 0.516857 0.107002 0.516857 0.111285 0.522694 0.111450 0.522694 0.107331 0.567456 0.107331 0.567456 0.111450 0.571415 0.111285 0.571415 0.107331 0.594952 0.107661 0.594952 0.103707 0.589374 0.103542 0.589415 0.046919 0.597306 0.046886 0.597170 0.038484
0 0.140367 0.190725 0.148190 0.191301 0.147959 0.211104 0.162884 0.212241 0.162884 0.221433 0.158857 0.221433 0.158857 0.243591 0.140136 0.243245
0 0.227592 0.181120 0.227592 0.211433 0.211537 0.211763 0.211537 0.220329 0.217252 0.220824 0.216844 0.238946 0.220517 0.239110 0.220925 0.221153 0.256980 0.220988 0.257252 0.238451 0.259837 0.238451 0.260109 0.220329 0.318204 0.220494 0.318340 0.231862 0.326367 0.231862 0.326231 0.215717 0.456327 0.215535 0.457374 0.248138 0.462544 0.248633 0.462408 0.244679 0.520014 0.245387 0.520286 0.248517 0.523537 0.248353 0.523415 0.244893 0.526531 0.244893 0.526531 0.237644 0.523415 0.237644 0.523129 0.222982 0.527497 0.222817 0.527347 0.219687 0.523007 0.219687 0.523361 0.158649 0.526354 0.158320 0.526476 0.151400 0.523211 0.151400 0.523075 0.147776 0.523075 0.147776 0.517510 0.147776 0.517633 0.151730 0.479537 0.151236 0.479823 0.154201 0.520490 0.154366 0.520449 0.241021 0.460177 0.240362 0.459497 0.211367 0.408340 0.211367 0.408204 0.154399 0.456776 0.154728 0.456639 0.151928 0.411197 0.151433 0.411197 0.148138 0.406027 0.148468 0.405483 0.211400 0.232966 0.211565 0.232816 0.181120
0 0.615497 0.038072 0.615497 0.046969 0.622027 0.047133 0.622571 0.103476 0.616993 0.103641 0.616721 0.106606 0.619442 0.107100 0.619306 0.111219 0.625973 0.111384 0.625973 0.071845 0.635361 0.071845 0.635224 0.053394 0.629782 0.053229 0.629646 0.038402
0 0.140190 0.518303 0.139891 0.541878 0.159646 0.541878 0.159361 0.518303
0 0.233946 0.567891 0.234204 0.543427 0.257156 0.543723 0.257646 0.552488 0.242177 0.553394 0.242177 0.568188
0 0.318789 0.534069 0.318544 0.542850 0.304286 0.543443 0.305007 0.553987 0.329184 0.553394 0.329429 0.534959
0 0.004082 0.701779 0.004082 0.728320 0.012340 0.728320 0.012340 0.711779 0.017116 0.711779 0.017429 0.701779
0 0.004190 0.829341 0.004190 0.855107 0.019306 0.854185 0.019306 0.846112 0.012395 0.846112 0.012395 0.829341
0 0.318327 0.319835 0.318327 0.359012 0.318327 0.359012 0.328884 0.359308 0.329156 0.339061 0.526354 0.339374 0.526231 0.332768 0.522816 0.332768 0.522857 0.303229 0.520408 0.303048 0.520408 0.307002 0.513741 0.306853 0.514014 0.310478 0.520408 0.310478 0.520680 0.336178 0.459864 0.335997 0.460000 0.311120 0.469116 0.311120 0.469116 0.306524 0.462707 0.306672 0.462707 0.303542 0.457279 0.303723 0.457007 0.336178 0.326585 0.336474 0.326449 0.319835
0 0.568531 0.147891 0.568667 0.151351 0.565129 0.151351 0.565265 0.158105 0.568531 0.158270 0.568762 0.219242 0.564000 0.219242 0.564136 0.222208 0.568490 0.222372 0.568694 0.237133 0.564884 0.237133 0.565156 0.244547 0.568694 0.244712 0.568694 0.265634 0.571415 0.265964 0.571415 0.262669 0.588150 0.263163 0.588150 0.258880 0.571823 0.258715 0.571551 0.207809 0.613755 0.208616 0.614299 0.258204 0.609810 0.258204 0.611714 0.262817 0.655973 0.262998 0.655973 0.258386 0.616517 0.257891 0.616163 0.207875 0.620109 0.207875 0.619986 0.189885 0.640939 0.189885 0.641415 0.208386 0.644571 0.208188 0.644408 0.189506 0.698816 0.189456 0.699415 0.258715 0.677782 0.258880 0.677918 0.262998 0.699279 0.263130 0.699415 0.276474 0.706490 0.276639 0.706639 0.264448 0.715755 0.264778 0.715483 0.236277 0.706095 0.236277 0.706041 0.205272 0.729265 0.205766 0.729129 0.197364 0.719741 0.197199 0.719878 0.170807 0.721238 0.170807 0.721238 0.167315 0.719728 0.167315 0.719429 0.161829 0.717769 0.161829 0.717320 0.186359 0.625878 0.186540 0.625728 0.147628 0.619469 0.147628 0.619605 0.151582 0.616612 0.151582 0.616612 0.153723 0.622871 0.153888 0.623279 0.186013 0.616748 0.186013 0.617020 0.204629 0.572694 0.204102 0.572694 0.155338 0.595007 0.154843 0.595007 0.151219 0.571333 0.151878 0.571333 0.147924
0 0.599156 0.490956 0.599020 0.525881 0.596163 0.526211 0.596163 0.533624 0.599293 0.533624 0.599048 0.629951 0.596435 0.630148 0.596435 0.637463 0.599374 0.637265 0.599224 0.673707 0.605483 0.673542 0.605211 0.652455 0.659483 0.652455 0.659918 0.673542 0.666857 0.673871 0.666721 0.670906 0.662639 0.670906 0.662231 0.612422 0.651211 0.612092 0.651211 0.615552 0.660054 0.615552 0.660190 0.649489 0.602367 0.649489 0.602367 0.615717 0.625361 0.615717 0.625184 0.611730 0.602327 0.611895 0.602735 0.499390 0.699265 0.499077 0.699537 0.530214 0.706340 0.530379 0.706068 0.519835 0.730993 0.519918 0.730585 0.490099 0.670571 0.489605 0.670721 0.481367 0.663088 0.481697 0.663088 0.494547 0.607986 0.494876 0.608136 0.490923
0 0.568027 0.298979 0.567755 0.333081 0.565170 0.333245 0.565170 0.339176 0.567619 0.339176 0.568435 0.398171 0.599184 0.398666 0.599320 0.403278 0.608027 0.403443 0.608027 0.399489 0.662041 0.399160 0.662585 0.411351 0.671565 0.411845 0.671293 0.403773 0.730694 0.403460 0.730435 0.374300 0.706354 0.373806 0.706626 0.363262 0.699265 0.362932 0.699265 0.394563 0.571605 0.394168 0.571633 0.299012
0 0.942027 0.168435 0.942204 0.193871 0.923401 0.194069 0.923224 0.259918 0.901878 0.260956 0.902218 0.269357 0.930000 0.268122 0.929497 0.203097 0.948639 0.202488 0.948463 0.168847
0 0.789374 0.218616 0.783850 0.218435 0.783714 0.205964 0.774707 0.205255 0.774857 0.196656 0.783129 0.196656 0.783510 0.062570 0.774816 0.061829 0.774816 0.052603 0.783959 0.052241 0.783932 0.012636 0.930517 0.011878 0.930748 0.077018 0.947293 0.077298 0.948231 0.111812 0.942245 0.112092 0.942245 0.085651 0.924776 0.085371 0.923388 0.019390 0.790041 0.019671
0 0.783156 0.255552 0.783293 0.268237 0.811320 0.268237 0.811184 0.260329 0.789143 0.260329 0.789279 0.255881
0 0.747116 0.053031 0.747116 0.062339 0.756735 0.062092 0.756735 0.053031
0 0.680000 0.053064 0.680136 0.072834 0.690340 0.072504 0.690340 0.053064
0 0.653605 0.052735 0.653197 0.072998 0.663129 0.072834 0.663265 0.052900
0 0.747293 0.196623 0.747293 0.206359 0.756449 0.206013 0.756313 0.196458
0 0.071238 0.674382 0.070762 0.700675 0.046653 0.700675 0.046422 0.710791 0.170054 0.710346 0.170313 0.715964 0.173864 0.715964 0.173864 0.710527 0.182027 0.710840 0.181891 0.702603 0.088422 0.701779 0.088272 0.674267
0 0.148476 0.794547 0.148639 0.754679 0.170150 0.754679 0.170313 0.748847 0.174163 0.749044 0.174163 0.753904 0.209973 0.754679 0.209973 0.759143 0.151850 0.758962 0.152000 0.795124
0 0.041946 0.846046 0.041946 0.855733 0.119551 0.855157 0.119075 0.846046
