1 0.690750 0.721860 0.720703 0.700631 0.725219 0.702702 0.728812 0.705891 0.731750 0.712126 0.733547 0.716279 0.734234 0.721063
0 0.006250 0.371174 0.006547 0.387065 0.017016 0.386645 0.017016 0.371384
0 0.593328 0.209192 0.587641 0.209192 0.587641 0.208051 0.580516 0.207929 0.579719 0.154839 0.844844 0.155393 0.844531 0.165039 0.759125 0.164707 0.759297 0.168704 0.753359 0.168704 0.753359 0.164828 0.701641 0.164707 0.701438 0.208073 0.753000 0.208638 0.753172 0.198007 0.759781 0.198228 0.759563 0.238981 0.753250 0.238981 0.753234 0.212370 0.701656 0.212270 0.701656 0.219025 0.695891 0.218904 0.695750 0.164928 0.645359 0.164607 0.645500 0.206689 0.639719 0.206689 0.639563 0.164607 0.593641 0.164374
0 0.461172 0.269192 0.461500 0.293234 0.474781 0.293034 0.474922 0.278693 0.701953 0.278560 0.701422 0.248029 0.695484 0.247929 0.695828 0.255471 0.700469 0.255570 0.700656 0.269424 0.696109 0.269524 0.696109 0.274618 0.593141 0.273743 0.593328 0.239579 0.579719 0.239812 0.579578 0.269048
0 0.896047 0.154651 0.895766 0.164031 0.982219 0.165028 0.982672 0.292093 0.759484 0.292514 0.759031 0.270244 0.753891 0.270365 0.753328 0.426168 0.768813 0.426069 0.768984 0.432658 0.776609 0.432658 0.776438 0.425847 0.779453 0.425847 0.779453 0.422315 0.759172 0.422182 0.759453 0.296667 0.983016 0.296711 0.983469 0.367486 0.995016 0.367486 0.995906 0.155426
0 0.379734 0.154939 0.380312 0.163588 0.403578 0.164009 0.401828 0.155349
0 0.822063 0.421783 0.822063 0.426224 0.841078 0.426224 0.841922 0.483776 0.848719 0.483898 0.848719 0.475460 0.843578 0.475460 0.843578 0.461573 0.848328 0.461573 0.848328 0.456766 0.982984 0.456224 0.983641 0.485869 0.995328 0.485869 0.994938 0.404241 0.982812 0.404352 0.982969 0.422027 0.960031 0.422027 0.960203 0.426268 0.983125 0.426268 0.983078 0.451993 0.848375 0.451927 0.848375 0.426013 0.877750 0.426346 0.877750 0.421916
0 0.841656 0.514884 0.841656 0.518317 0.824453 0.518693 0.823922 0.523267 0.841656 0.523267 0.841656 0.576423 0.849344 0.582846 0.869641 0.582447 0.869078 0.577586 0.848516 0.577398 0.848516 0.554241 0.982312 0.554762 0.982578 0.577010 0.950641 0.577375 0.950641 0.582769 0.982844 0.582392 0.982938 0.598151 0.995375 0.598151 0.995375 0.512591 0.983047 0.512746 0.983203 0.549767 0.901859 0.549579 0.901859 0.518848 0.895937 0.519037 0.895937 0.549181 0.848625 0.549579 0.848359 0.522824 0.855687 0.522713 0.855687 0.518848 0.848359 0.518726 0.848188 0.515183
0 0.772047 0.481761 0.771578 0.464264 0.769234 0.464264 0.769391 0.471794 0.750953 0.471905 0.750328 0.489291 0.769859 0.489402 0.769156 0.628084 0.725266 0.628084 0.725266 0.632514 0.767281 0.632514 0.767281 0.663101 0.781500 0.663322 0.782359 0.722060 0.733156 0.722060 0.732984 0.726246 0.983563 0.726434 0.984234 0.968926 0.951516 0.969491 0.951516 0.977309 0.995266 0.977586 0.995375 0.634906 0.982094 0.634773 0.982781 0.722525 0.788781 0.721938 0.788578 0.659336 0.776391 0.659214 0.776453 0.522126 0.780984 0.522348 0.780984 0.519247 0.776453 0.519358 0.776641 0.464186 0.773828 0.464297 0.773672 0.481628
0 0.682766 0.632436 0.682766 0.628007 0.670266 0.628007 0.669797 0.653145 0.587922 0.653477 0.587922 0.657464 0.593703 0.657685 0.593703 0.669535 0.599953 0.669756 0.599953 0.657685 0.636047 0.657575 0.636203 0.681894 0.616203 0.682004 0.616266 0.721927 0.599859 0.722148 0.599703 0.716390 0.594078 0.716611 0.594078 0.722148 0.587359 0.722148 0.587359 0.726357 0.645609 0.726257 0.645563 0.886323 0.605094 0.886545 0.605094 0.895958 0.640875 0.895847 0.640875 0.934474 0.636500 0.934917 0.632750 0.937132 0.630563 0.939900 0.630453 0.944906 0.632641 0.947785 0.635766 0.949336 0.640609 0.949779 0.640562 0.977486 0.687594 0.977663 0.687063 0.969524 0.652062 0.968970 0.651813 0.726357 0.690063 0.725914 0.689750 0.722447 0.684094 0.722226 0.684094 0.718882 0.679516 0.719103 0.679516 0.722337 0.621750 0.721894 0.621672 0.686556 0.678078 0.686445 0.678078 0.688549 0.684484 0.688439 0.684172 0.681683 0.641828 0.681905 0.641828 0.681905 0.642453 0.657940 0.676828 0.657608 0.676203 0.632292
0 0.240750 0.527519 0.240750 0.535526 0.264250 0.535847 0.264484 0.667486 0.195406 0.668062 0.195687 0.697663 0.200969 0.697663 0.201234 0.672414 0.269500 0.672004 0.331922 0.716179 0.316453 0.727907 0.331469 0.739280 0.285719 0.771285 0.228313 0.730919 0.201641 0.731041 0.201469 0.726489 0.196000 0.726489 0.195234 0.731141 0.183344 0.731141 0.183203 0.735371 0.190531 0.735460 0.190391 0.738571 0.195234 0.738793 0.195547 0.735592 0.217281 0.735592 0.217281 0.760133 0.206219 0.767752 0.190578 0.767752 0.189578 0.784862 0.195500 0.785094 0.195813 0.781118 0.243141 0.747442 0.281422 0.775028 0.210422 0.825260 0.195719 0.815615 0.195719 0.811739 0.189484 0.811872 0.188859 0.816290 0.206266 0.828472 0.199516 0.832979 0.200703 0.833942 0.215344 0.823987 0.217156 0.824972 0.202875 0.835515 0.203953 0.836224 0.267328 0.791274 0.272797 0.795050 0.277500 0.791949 0.271578 0.788295 0.277219 0.784452 0.275141 0.782879 0.330562 0.743411 0.332094 0.744496 0.338375 0.740078 0.338375 0.713810 0.270437 0.666523 0.270484 0.531584 0.246797 0.531584 0.246797 0.527386
0 0.005953 0.460454 0.005531 0.844695 0.018328 0.844695 0.018766 0.761683 0.128312 0.761683 0.128469 0.764884 0.132516 0.765116 0.132844 0.778848 0.128469 0.778848 0.128469 0.784828 0.134703 0.784828 0.134578 0.735194 0.140203 0.735194 0.140203 0.731207 0.134500 0.731085 0.134359 0.721229 0.128891 0.721229 0.128734 0.758007 0.018875 0.757885 0.018797 0.674961 0.020313 0.672458 0.128266 0.672215 0.128594 0.691960 0.134156 0.692082 0.134500 0.668140 0.018797 0.667542 0.018469 0.470033 0.062500 0.470033 0.062281 0.460543
0 0.197078 0.460919 0.197078 0.470421 0.240375 0.470421 0.241266 0.496899 0.246969 0.497054 0.246969 0.494097 0.278625 0.493942 0.278406 0.483976 0.253781 0.484131 0.253781 0.460919
0 0.384828 0.460819 0.384625 0.483732 0.380297 0.484164 0.380094 0.493798 0.397594 0.493654 0.411188 0.503566 0.419625 0.497586 0.399250 0.483577 0.397797 0.460676
0 0.461750 0.397885 0.461438 0.415050 0.474875 0.414939 0.474875 0.397663
0 0.497484 0.721683 0.497484 0.725748 0.538484 0.725958 0.538484 0.722326
0 0.488781 0.546955 0.480656 0.552492 0.497141 0.564828 0.497453 0.657464 0.542141 0.657575 0.542141 0.653810 0.502922 0.653588 0.503109 0.557586
0 0.456062 0.862813 0.456219 0.866235 0.452469 0.866235 0.452469 0.869668 0.456062 0.869668 0.456609 0.895891 0.531609 0.895338 0.531453 0.886478 0.470516 0.885925 0.470047 0.863112
0 0.335703 0.833488 0.331469 0.836058 0.336609 0.839712 0.336516 0.968117 0.313016 0.967984 0.313063 0.977508 0.349953 0.977608 0.349766 0.950210 0.355250 0.949756 0.358359 0.947553 0.361031 0.942791 0.359453 0.938239 0.353828 0.935371 0.350406 0.935050 0.349531 0.869468 0.354156 0.869468 0.354156 0.866190 0.349531 0.865847 0.349531 0.862913 0.342687 0.862913 0.342203 0.837973
0 0.239156 0.967929 0.239516 0.977342 0.263125 0.977342 0.263125 0.968195
0 0.005828 0.897287 0.006141 0.954286 0.058250 0.954485 0.058250 0.944895 0.018516 0.944895 0.018812 0.896988
0 0.169813 0.854729 0.158250 0.863234 0.158000 0.944795 0.108594 0.944983 0.108594 0.954175 0.150984 0.954363 0.150719 0.977342 0.187719 0.977519 0.187719 0.967951 0.164219 0.967951 0.165016 0.864075 0.174703 0.857420
1 0.758156 0.269535 0.789813 0.247453 0.785078 0.244319 0.780516 0.242204 0.775641 0.240310 0.769641 0.239192 0.761000 0.238416
1 0.695797 0.219690 0.667141 0.239380 0.669813 0.240952 0.674250 0.243466 0.680922 0.245991 0.688250 0.247409 0.696031 0.247564
1 0.586172 0.238261 0.545500 0.238970 0.545750 0.231539 0.550734 0.224463 0.559719 0.216855 0.569703 0.212436 0.586672 0.209435
1 0.778594 0.422104 0.809891 0.400221 0.813750 0.402348 0.817609 0.407209 0.821047 0.412680 0.822766 0.418461 0.822969 0.421440
1 0.847344 0.514574 0.879297 0.492791 0.876359 0.490532 0.871922 0.488261 0.865297 0.486179 0.857672 0.484607 0.848828 0.484252
1 0.782109 0.522658 0.812297 0.544053 0.815484 0.541573 0.819297 0.537741 0.822156 0.532569 0.823750 0.528505 0.824062 0.522658
1 0.683422 0.631761 0.713297 0.653090 0.716203 0.651351 0.719766 0.648826 0.723109 0.643455 0.724891 0.636966 0.724891 0.632071
1 0.240250 0.496955 0.209437 0.516988 0.213391 0.520997 0.219609 0.525028 0.228953 0.526611 0.236297 0.527209 0.241953 0.526833
1 0.141859 0.733832 0.169500 0.755205 0.175781 0.752093 0.179563 0.748970 0.182062 0.745858 0.183953 0.739169 0.182062 0.733832
1 0.355219 0.865183 0.353828 0.830066 0.363953 0.830554 0.375469 0.832780 0.386281 0.838715 0.397453 0.847630 0.402344 0.857519 0.403391 0.865437 0.404437 0.856279 0.410016 0.847375 0.421187 0.837973 0.434797 0.832780 0.452594 0.831052 0.452937 0.865681
1 0.273250 0.795227 0.273813 0.824197 0.278344 0.824197 0.285453 0.822791 0.291125 0.821384 0.296797 0.819169 0.302187 0.815947 0.297359 0.819967 0.293953 0.824197 0.291969 0.828416 0.290844 0.832447 0.290563 0.836667 0.330297 0.836268
1 0.683531 0.718029 0.714406 0.696955 0.711250 0.693765 0.706516 0.692004 0.700891 0.689922 0.694125 0.687852 0.688937 0.687852 0.684891 0.687852
1 0.539094 0.725770 0.554938 0.738162 0.557312 0.736357 0.560047 0.733643 0.561141 0.731196 0.562234 0.728228 0.562953 0.731063 0.564781 0.733134 0.567141 0.735581 0.569688 0.737652 0.586453 0.726423
1 0.190125 0.811118 0.162875 0.792924 0.166844 0.790111 0.172141 0.787863 0.179016 0.786168 0.185375 0.784862 0.188547 0.784862
