1 0.134400 0.529582 0.202691 0.529582 0.200545 0.537144 0.196291 0.545732 0.184564 0.556161 0.169982 0.563107 0.154673 0.566590 0.142236 0.567615 0.135164 0.568023
1 0.667964 0.694603 0.718455 0.680994 0.715000 0.677176 0.708945 0.673023 0.699418 0.668211 0.690182 0.665220 0.678927 0.663556 0.667673 0.663065
1 0.548964 0.773640 0.548000 0.735366 0.536036 0.735649 0.524073 0.738672 0.508291 0.743902 0.496800 0.750785 0.487236 0.761245 0.483891 0.768128 0.482455 0.773086
1 0.585727 0.710837 0.585436 0.742793 0.595564 0.742626 0.608855 0.739969 0.623036 0.734634 0.632291 0.727814 0.638364 0.720659 0.640109 0.714331 0.640109 0.710837
1 0.615582 0.431119 0.615582 0.457249 0.609036 0.456705 0.601345 0.455680 0.589745 0.452427 0.579164 0.446475 0.574000 0.440680 0.571945 0.435513 0.570909 0.431632
1 0.517564 0.054906 0.518291 0.097029 0.502109 0.095973 0.483709 0.091527 0.470836 0.084540 0.458327 0.074801 0.453182 0.065492 0.451709 0.054059
1 0.770145 0.733410 0.809691 0.747238 0.811473 0.744404 0.814145 0.741872 0.815036 0.739038 0.815473 0.734937 0.817255 0.739310 0.819036 0.742866 0.822145 0.744686 0.823927 0.745941 0.859927 0.733944
0 0.124109 0.264686 0.122436 0.280533 0.078018 0.281182 0.077455 0.345858 0.124673 0.345858 0.124673 0.361056 0.134236 0.361381 0.133673 0.339393 0.089273 0.339718 0.089273 0.286674 0.133109 0.286674 0.131982 0.264362
0 0.883364 0.335000 0.883364 0.399425 0.894673 0.399132 0.894145 0.335000
0 0.123545 0.686464 0.123273 0.738556 0.169309 0.738839 0.168818 0.733787 0.134055 0.733504 0.133055 0.685889
0 0.883218 0.826914 0.883091 0.878672 0.828473 0.879508 0.828473 0.885094 0.894236 0.885094 0.893182 0.826757
0 0.564455 0.733473 0.563964 0.774456 0.551200 0.774738 0.551200 0.780397 0.609673 0.780397 0.610455 0.885439 0.675600 0.884906 0.675600 0.878483 0.621309 0.878483 0.621564 0.775052 0.572273 0.774435 0.572509 0.733588
0 0.387218 0.717856 0.387218 0.733598 0.358945 0.733766 0.358945 0.738849 0.384564 0.739519 0.384564 0.780199 0.481455 0.780366 0.481455 0.774937 0.394582 0.774446 0.394000 0.718023
0 0.123527 0.404404 0.122945 0.528305 0.133982 0.528640 0.133982 0.522636 0.214091 0.522301 0.214673 0.476872 0.403327 0.476872 0.403327 0.531318 0.410873 0.531318 0.410236 0.472437 0.206600 0.472364 0.206018 0.519393 0.135073 0.519393 0.134036 0.430324 0.221636 0.430126 0.221455 0.425178 0.133564 0.425146 0.133564 0.404644
0 0.599255 0.034540 0.598873 0.051611 0.529727 0.052259 0.529345 0.067395 0.541745 0.067186 0.541745 0.057667 0.609018 0.057667 0.607891 0.034540
0 0.123109 0.568556 0.124455 0.643086 0.133000 0.642866 0.134000 0.595554 0.387455 0.595847 0.387891 0.647437 0.395145 0.647437 0.394655 0.633703 0.439927 0.633849 0.439255 0.630481 0.410655 0.630303 0.410709 0.565973 0.408255 0.565973 0.408255 0.596339 0.404436 0.596548 0.404436 0.565973 0.402527 0.566192 0.402709 0.592374 0.134055 0.591768 0.134055 0.568316
0 0.533545 0.595921 0.532818 0.566747 0.530073 0.566642 0.530145 0.630105 0.519655 0.630209 0.519655 0.633923 0.565182 0.634142 0.564909 0.662824 0.572982 0.662929 0.572764 0.634027 0.659436 0.634006 0.660018 0.662741 0.667527 0.662866 0.666945 0.633672 0.882564 0.633651 0.883709 0.657584 0.893582 0.657709 0.895200 0.575272 0.882909 0.575732 0.882091 0.630000 0.538145 0.630042 0.538145 0.566119 0.536691 0.566119 0.536691 0.595941
0 0.659673 0.695701 0.659164 0.706015 0.640236 0.706161 0.639982 0.710669 0.681636 0.711098 0.681545 0.733253 0.771036 0.733253 0.771036 0.730690 0.760091 0.730690 0.760091 0.729759 0.757655 0.729759 0.757655 0.704728 0.759473 0.703201 0.880982 0.703734 0.883327 0.704990 0.883527 0.728839 0.881709 0.730209 0.861891 0.730303 0.862055 0.733651 0.881891 0.733546 0.883527 0.735042 0.883582 0.786831 0.893218 0.786831 0.893400 0.696851 0.883418 0.696987 0.883200 0.699603 0.881855 0.700377 0.743818 0.699728 0.743818 0.704289 0.752200 0.704425 0.752127 0.729927 0.689655 0.729623 0.689400 0.703839 0.697527 0.704163 0.697527 0.699948 0.668218 0.699644 0.667382 0.695533
0 0.530291 0.417542 0.530291 0.425010 0.513618 0.425241 0.513618 0.431308 0.529836 0.431067 0.530073 0.496349 0.533000 0.496349 0.533000 0.466527 0.536455 0.466527 0.536982 0.496349 0.538436 0.496349 0.538436 0.481799 0.634636 0.481632 0.634636 0.465167 0.882255 0.464446 0.882255 0.464446 0.883745 0.486559 0.894545 0.486559 0.895055 0.438494 0.882745 0.438797 0.882745 0.460021 0.634145 0.460628 0.634673 0.426987 0.615182 0.426987 0.615182 0.430837 0.627491 0.431423 0.626491 0.477134 0.538309 0.476831 0.536764 0.430533 0.570582 0.431119 0.570582 0.427291 0.541873 0.427291 0.540345 0.418452
0 0.573836 0.705314 0.573836 0.710450 0.584509 0.710617 0.583945 0.705314
0 0.882836 0.167416 0.882073 0.194634 0.823418 0.195073 0.823800 0.200513 0.882455 0.200513 0.883091 0.295335 0.894600 0.295335 0.894309 0.167228
0 0.125145 0.193985 0.124636 0.220324 0.133691 0.220042 0.133182 0.200931 0.220727 0.200931 0.221218 0.194854
0 0.530818 0.185293 0.530818 0.195031 0.513891 0.194592 0.513891 0.201684 0.530436 0.201904 0.530055 0.210753 0.541982 0.210753 0.541982 0.201454 0.560073 0.201234 0.560073 0.194592 0.541982 0.194372 0.541982 0.185513
0 0.815509 0.034393 0.816055 0.057301 0.882945 0.057615 0.883491 0.084498 0.894109 0.084801 0.893582 0.051192 0.826127 0.051192 0.826127 0.034090
