0 0.133412 0.008544 0.133412 0.012700 0.139599 0.012700 0.139377 0.008867
0 0.340341 0.076500 0.340193 0.082500 0.345089 0.082722 0.345089 0.076611
0 0.718724 0.226611 0.718902 0.247656 0.751113 0.247533 0.751647 0.321333 0.718605 0.321033 0.719080 0.340267 0.724110 0.340267 0.723516 0.324700 0.756009 0.324811 0.756009 0.332922 0.723961 0.332922 0.724110 0.336811 0.756009 0.336589 0.757315 0.397467 0.723724 0.397678 0.723427 0.393744 0.719050 0.394078 0.718991 0.442289 0.665712 0.442178 0.665712 0.446400 0.672107 0.446522 0.672240 0.449289 0.678042 0.449289 0.678190 0.446400 0.728783 0.446189 0.728783 0.442067 0.723887 0.442178 0.724525 0.401711 0.761929 0.401156 0.761261 0.299922 0.869866 0.300300 0.869866 0.297000 0.830089 0.296322 0.830045 0.247467 0.945890 0.247744 0.946469 0.296389 0.910000 0.296389 0.910000 0.300467 0.972359 0.300589 0.973561 0.340578 0.978754 0.340578 0.977864 0.296700 0.951306 0.296478 0.951543 0.021144 0.913234 0.020889 0.913576 0.025344 0.946276 0.024844 0.946068 0.244144 0.803249 0.243556 0.803101 0.247133 0.824733 0.247856 0.824110 0.296378 0.756098 0.295967 0.756380 0.247278 0.761573 0.247389 0.761573 0.242944 0.724228 0.242778 0.724228 0.226500
0 0.101721 0.970122 0.101721 0.974122 0.117745 0.974011 0.117745 0.970122
0 0.374139 0.960456 0.374481 0.982433 0.314614 0.982311 0.314451 0.986289 0.382433 0.985911 0.382596 0.960333
0 0.142062 0.970222 0.142359 0.974222 0.198887 0.974333 0.200074 0.986333 0.267404 0.986511 0.267196 0.983056 0.204985 0.982456 0.204570 0.970433
0 0.019807 0.885522 0.020697 0.973600 0.076795 0.974267 0.076795 0.970778 0.024822 0.970778 0.025089 0.885656
0 0.020297 0.700778 0.020326 0.866422 0.025742 0.866422 0.025282 0.701044
0 0.973398 0.583244 0.973665 0.588689 0.922344 0.588433 0.922344 0.593011 0.970089 0.593211 0.971083 0.640844 0.968116 0.640967 0.968116 0.644100 0.945549 0.643967 0.945549 0.641289 0.922389 0.641744 0.922567 0.645289 0.972567 0.645211 0.973501 0.694278 0.875861 0.694278 0.875579 0.645211 0.881632 0.645211 0.881142 0.642033 0.875861 0.642033 0.875312 0.632967 0.869807 0.632967 0.870297 0.706711 0.806217 0.706589 0.806217 0.709478 0.874926 0.709600 0.874763 0.697567 0.979659 0.697733 0.977849 0.583622
0 0.358754 0.652422 0.339214 0.667400 0.374392 0.693956 0.375178 0.741322 0.383042 0.741322 0.382611 0.695100 0.346543 0.667844 0.348472 0.666289 0.349510 0.667178 0.352626 0.664411 0.350846 0.663400 0.362715 0.655300
0 0.973472 0.401622 0.974065 0.441956 0.921988 0.442178 0.922047 0.446389 0.945193 0.446389 0.945193 0.444167 0.967893 0.444056 0.967893 0.446500 0.971157 0.446500 0.971187 0.495167 0.960875 0.495400 0.960875 0.498489 0.972760 0.498611 0.973398 0.524156 0.929614 0.524389 0.929644 0.528689 0.973858 0.528467 0.973858 0.533911 0.978472 0.533911 0.978071 0.401989
0 0.020193 0.313356 0.020326 0.351967 0.025089 0.351856 0.025089 0.343189 0.032507 0.342856 0.032507 0.338522 0.037107 0.338300 0.037107 0.334300 0.078650 0.334189 0.079095 0.338411 0.083694 0.338522 0.083828 0.342533 0.090519 0.342533 0.090356 0.331522 0.026855 0.331189 0.024481 0.328967 0.024481 0.313544
0 0.438279 0.584100 0.444214 0.588767 0.428338 0.600433 0.431751 0.603544 0.448368 0.591656 0.479926 0.615311 0.504703 0.615311 0.504555 0.612533 0.482893 0.612533 0.442240 0.581978
0 0.672789 0.487822 0.672789 0.589744 0.670801 0.591222 0.650653 0.591344 0.650326 0.595433 0.672611 0.595433 0.672908 0.652167 0.662671 0.651944 0.662522 0.661611 0.673056 0.661611 0.673220 0.709756 0.742211 0.709756 0.742211 0.706978 0.678264 0.706756 0.678027 0.548356 0.723858 0.548689 0.724154 0.544467 0.715252 0.544578 0.715252 0.540022 0.711409 0.540022 0.711409 0.544244 0.678160 0.544356 0.677923 0.494033 0.711009 0.494700 0.711157 0.499367 0.715460 0.499367 0.715608 0.491033 0.677923 0.490922 0.677923 0.487922
0 0.775445 0.441711 0.775445 0.446267 0.781231 0.446156 0.781380 0.474156 0.786721 0.474156 0.786128 0.447822 0.869674 0.448378 0.869955 0.508622 0.786128 0.508622 0.786128 0.505511 0.781380 0.505511 0.780786 0.517511 0.786424 0.517511 0.786424 0.512956 0.818917 0.513067 0.819451 0.544344 0.786662 0.544344 0.786513 0.540122 0.781172 0.540122 0.781172 0.544344 0.769896 0.544567 0.769896 0.548900 0.870045 0.548789 0.870490 0.601844 0.876291 0.601844 0.876128 0.592956 0.882359 0.592956 0.882226 0.589178 0.875994 0.589178 0.875905 0.544256 0.826855 0.544144 0.826766 0.512900 0.875742 0.512778 0.875742 0.498633 0.880786 0.498633 0.880638 0.495522 0.875890 0.495411 0.875757 0.446178 0.880356 0.446178 0.880356 0.442289
0 0.504688 0.442211 0.505252 0.446244 0.511365 0.446111 0.512478 0.472778 0.567211 0.473333 0.567344 0.611256 0.545430 0.611256 0.545430 0.615500 0.574214 0.615389 0.574036 0.595856 0.576484 0.594478 0.597849 0.594589 0.597849 0.591478 0.576632 0.591478 0.574703 0.589700 0.575178 0.446411 0.582448 0.446289 0.582270 0.442078 0.570712 0.442200 0.570223 0.470311 0.516172 0.470189 0.516335 0.442578
0 0.184941 0.248356 0.185401 0.289844 0.166217 0.289844 0.166543 0.294444 0.204570 0.293944 0.204332 0.476500 0.165415 0.476500 0.165712 0.480589 0.194006 0.480711 0.206706 0.490867 0.206869 0.484689 0.202418 0.481356 0.206172 0.481356 0.206172 0.492278 0.207136 0.506911 0.193175 0.517778 0.163783 0.517778 0.163783 0.520533 0.207404 0.520989 0.207404 0.517878 0.201469 0.517878 0.207404 0.513422 0.207151 0.654200 0.025089 0.654611 0.024748 0.521011 0.122938 0.520600 0.123131 0.517178 0.117077 0.517311 0.116914 0.514444 0.112136 0.514444 0.112136 0.517456 0.027864 0.517178 0.027730 0.480778 0.113338 0.480344 0.113487 0.483233 0.117196 0.483000 0.117493 0.480222 0.121795 0.480222 0.121647 0.476778 0.090045 0.476778 0.089599 0.462444 0.084570 0.462444 0.084718 0.476778 0.025950 0.476567 0.025401 0.433633 0.085104 0.434078 0.085267 0.436211 0.091128 0.436111 0.090682 0.422022 0.083294 0.422144 0.083457 0.426878 0.079407 0.426878 0.079407 0.429922 0.037270 0.429800 0.037270 0.426644 0.033071 0.426756 0.033071 0.422356 0.025252 0.422356 0.025178 0.412956 0.019985 0.412956 0.020000 0.682011 0.025045 0.681900 0.025045 0.657133 0.212092 0.657256 0.212077 0.509567 0.288412 0.509600 0.288353 0.482989 0.342300 0.483289 0.343056 0.512433 0.405668 0.559700 0.409377 0.556922 0.405668 0.554144 0.424228 0.541156 0.420074 0.538156 0.401958 0.551044 0.347626 0.510744 0.347151 0.475322 0.448412 0.475200 0.448591 0.516467 0.445875 0.519144 0.449110 0.522333 0.453353 0.519022 0.452700 0.446189 0.459154 0.446189 0.458605 0.442722 0.448635 0.442867 0.449377 0.472744 0.343561 0.472044 0.342804 0.480067 0.287596 0.479933 0.287804 0.446056 0.283027 0.442256 0.279496 0.444444 0.283190 0.447900 0.283190 0.506778 0.211855 0.506667 0.212018 0.423833 0.251573 0.424344 0.253813 0.426411 0.257774 0.423456 0.253309 0.420344 0.212181 0.419844 0.212136 0.294511 0.253546 0.294089 0.253368 0.287822 0.248546 0.287822 0.248546 0.290744 0.190030 0.289778 0.190786 0.247556 0.195772 0.247278 0.195772 0.242889 0.141602 0.243433 0.141602 0.247433
0 0.859436 0.021067 0.859733 0.024511 0.865223 0.024511 0.864926 0.020956
0 0.494199 0.146811 0.494199 0.152356 0.527226 0.152056 0.526617 0.146367
0 0.718487 0.104200 0.718694 0.146422 0.683234 0.146422 0.683234 0.151978 0.719139 0.152089 0.719110 0.169600 0.724006 0.169600 0.724021 0.104322
0 0.393961 0.076578 0.393961 0.082567 0.431929 0.082689 0.432507 0.151922 0.448086 0.152144 0.447938 0.146922 0.439036 0.146922 0.439199 0.076611
0 0.188531 0.009122 0.188531 0.013089 0.247567 0.012933 0.247953 0.243878 0.242315 0.244011 0.242596 0.247233 0.248101 0.247333 0.248531 0.250444 0.252685 0.250344 0.253234 0.082256 0.290964 0.082456 0.290608 0.077067 0.252493 0.076556 0.253027 0.008989
0 0.084748 0.008811 0.020401 0.009289 0.020504 0.265089 0.024792 0.265089 0.024792 0.247744 0.084599 0.247744 0.085415 0.294211 0.098160 0.294267 0.098160 0.290589 0.090742 0.290378 0.090386 0.247411 0.099540 0.247522 0.099540 0.244500 0.024985 0.244111 0.025148 0.012056 0.084822 0.012300
0 0.718724 0.021422 0.718872 0.043000 0.724614 0.043122 0.724154 0.024589 0.757047 0.024811 0.756751 0.021311
0 0.575193 0.146567 0.575193 0.152344 0.580831 0.152233 0.580534 0.146456
0 0.805312 0.021056 0.805312 0.025322 0.810534 0.025444 0.810208 0.021056
0 0.432166 0.021189 0.432166 0.027189 0.439288 0.027078 0.438991 0.021189
1 0.100312 0.247289 0.128472 0.269289 0.133338 0.265111 0.136736 0.260567 0.139407 0.256200 0.140861 0.252022 0.140371 0.246389
1 0.089436 0.462311 0.115030 0.443333 0.111869 0.440767 0.106988 0.438400 0.102359 0.436933 0.097730 0.436389 0.091380 0.435478
1 0.116677 0.513811 0.144926 0.492378 0.140519 0.488256 0.133917 0.484967 0.126588 0.483867 0.121810 0.483589 0.116677 0.483311
1 0.162656 0.520233 0.134644 0.542133 0.130415 0.538511 0.127136 0.534278 0.125252 0.530067 0.124169 0.525033 0.124006 0.521044
1 0.282567 0.441767 0.282344 0.415989 0.278145 0.415656 0.272641 0.416322 0.266231 0.418800 0.261380 0.420944 0.257849 0.423922
0 0.629510 0.146589 0.629807 0.152589 0.635297 0.152589 0.634852 0.146589
1 0.649763 0.590800 0.613412 0.564033 0.609481 0.567667 0.604926 0.573111 0.600994 0.578333 0.598872 0.584222 0.598576 0.590800
1 0.724377 0.548400 0.756899 0.571256 0.760682 0.568233 0.765223 0.563889 0.768501 0.558978 0.770267 0.554256 0.770267 0.546322
1 0.881944 0.645333 0.910386 0.666789 0.914510 0.663556 0.918012 0.658767 0.920697 0.654133 0.921528 0.649044 0.921320 0.643944
1 0.882374 0.588689 0.910490 0.568178 0.915089 0.572178 0.918724 0.576533 0.921157 0.580889 0.922122 0.583789 0.922122 0.588322
1 0.785846 0.504267 0.814318 0.483567 0.811172 0.480589 0.805935 0.478244 0.800920 0.476200 0.795059 0.474944 0.786884 0.474167
1 0.729451 0.441956 0.762774 0.419889 0.766914 0.422567 0.770208 0.425867 0.773798 0.431433 0.774614 0.436178 0.775445 0.441333
1 0.459614 0.445967 0.491751 0.468633 0.496691 0.465178 0.499807 0.461622 0.502493 0.456956 0.504273 0.452833 0.504421 0.447067
1 0.423561 0.540056 0.456380 0.539622 0.456766 0.535400 0.456573 0.531333 0.454822 0.528133 0.451128 0.524344 0.448412 0.522167
1 0.724139 0.169756 0.750994 0.189478 0.748116 0.191633 0.744466 0.193389 0.739525 0.195144 0.735089 0.196711 0.732211 0.197489 0.727522 0.198078 0.732478 0.198656 0.736395 0.199444 0.741602 0.201200 0.745772 0.203544 0.749688 0.206467 0.724110 0.225622
1 0.715920 0.499478 0.734407 0.513644 0.732626 0.514978 0.729955 0.516311 0.727047 0.517311 0.723264 0.518489 0.717656 0.519033 0.723294 0.519700 0.726113 0.520800 0.730415 0.522922 0.732493 0.523922 0.734273 0.525256 0.715282 0.539911
1 0.762181 0.244389 0.791424 0.222922 0.795000 0.225889 0.798205 0.229844 0.800846 0.234078 0.802359 0.238178 0.802923 0.242700
1 0.909852 0.300211 0.881543 0.321600 0.877493 0.318389 0.873932 0.314467 0.870593 0.308411 0.869407 0.304844 0.869169 0.300933
1 0.493101 0.151878 0.461157 0.176200 0.457211 0.173111 0.454021 0.169178 0.450831 0.163956 0.448175 0.157222 0.448175 0.152856
1 0.723665 0.073556 0.752493 0.094600 0.748160 0.097478 0.741231 0.100533 0.732077 0.102333 0.724169 0.103056
1 0.240712 0.242833 0.209332 0.220967 0.205682 0.223156 0.202760 0.226978 0.198739 0.232444 0.196914 0.238467 0.196558 0.242833
1 0.412211 0.557444 0.455401 0.557722 0.455697 0.561600 0.454659 0.566389 0.451083 0.573389 0.446914 0.577933 0.442923 0.582033
