0 0.292378 0.694181 0.292758 0.712534 0.302310 0.712807 0.302690 0.694727
1 0.192106 0.344035 0.220938 0.344259 0.220448 0.338879 0.218166 0.335136 0.214103 0.331394 0.207418 0.327427 0.200734 0.325331 0.192432 0.324747
1 0.181291 0.379854 0.181101 0.359006 0.174755 0.359561 0.167636 0.361901 0.160707 0.366326 0.154932 0.372398 0.153397 0.376257 0.153003 0.379708
1 0.172772 0.235019 0.138832 0.235370 0.139810 0.228850 0.143505 0.222846 0.151372 0.217027 0.158261 0.213850 0.164660 0.212086 0.172527 0.211559
1 0.275530 0.146404 0.303302 0.146404 0.303478 0.142749 0.301372 0.138840 0.298207 0.135185 0.292935 0.131394 0.286427 0.128626 0.277106 0.126608
1 0.240829 0.156092 0.221766 0.142037 0.218899 0.144279 0.216019 0.147846 0.214457 0.152339 0.213927 0.156092
1 0.196223 0.445107 0.196685 0.466696 0.196685 0.466696 0.189185 0.466062 0.181495 0.463606 0.172432 0.457729 0.167283 0.451852 0.166644 0.444250
1 0.285938 0.444698 0.286399 0.466277 0.286399 0.466277 0.278899 0.465653 0.271209 0.463187 0.262133 0.457310 0.256997 0.451433 0.256359 0.443830
1 0.286508 0.562982 0.286508 0.540195 0.277813 0.541637 0.267785 0.544756 0.261671 0.548470 0.257283 0.552865 0.254810 0.558207 0.254117 0.564035
1 0.568261 0.452914 0.568655 0.477388 0.578152 0.476842 0.586101 0.474064 0.591916 0.470448 0.596957 0.465984 0.600245 0.460556 0.601997 0.453762 0.603546 0.460556 0.607038 0.466257 0.612853 0.470984 0.621766 0.475595 0.630109 0.477251 0.636508 0.477251 0.635149 0.452914
1 0.452364 0.562505 0.452364 0.585429 0.458247 0.585097 0.466236 0.583070 0.474932 0.578353 0.479864 0.573294 0.484334 0.567222 0.484810 0.563012 0.485978 0.567222 0.489742 0.573626 0.494674 0.577505 0.500082 0.581384 0.507840 0.583743 0.518179 0.584922 0.517242 0.562164
1 0.733125 0.578928 0.712092 0.564717 0.708859 0.567904 0.705829 0.573129 0.704008 0.578928 0.704008 0.584298 0.706440 0.588938 0.712704 0.594454
1 0.831889 0.594610 0.831522 0.573285 0.826481 0.573285 0.820177 0.574834 0.814769 0.576901 0.811168 0.579357
1 0.724851 0.405653 0.746304 0.405975 0.745625 0.410029 0.742459 0.414240 0.738179 0.418294 0.731848 0.420400 0.725299 0.421540 0.732079 0.422349 0.737717 0.424942 0.742459 0.428986 0.745408 0.433207 0.745856 0.437417 0.724389 0.437251
1 0.247364 0.398528 0.247364 0.378431 0.241141 0.377758 0.231495 0.380439 0.226196 0.384230 0.219973 0.391160 0.217174 0.398080
0 0.144266 0.100497 0.144266 0.106647 0.172323 0.106647 0.173098 0.129688 0.177772 0.129464 0.177473 0.106092 0.181984 0.106092 0.181984 0.100166
0 0.207120 0.100653 0.207337 0.105828 0.267622 0.106131 0.268465 0.125019 0.276957 0.125019 0.276535 0.100351
0 0.173220 0.151228 0.172636 0.211209 0.177459 0.211209 0.177459 0.207086 0.184688 0.207222 0.184688 0.204961 0.177269 0.204961 0.177459 0.188216 0.241739 0.187817 0.242296 0.204698 0.229878 0.204561 0.230625 0.208012 0.261929 0.207749 0.261929 0.210146 0.269158 0.210273 0.269158 0.204825 0.246372 0.204961 0.245829 0.156618 0.297717 0.156423 0.297704 0.151023 0.275611 0.150906 0.275611 0.148577 0.267649 0.148577 0.267976 0.154279 0.242147 0.154055 0.242011 0.185263 0.178370 0.185127 0.177976 0.151023
0 0.388573 0.151257 0.388804 0.156823 0.405000 0.156657 0.405217 0.162222 0.412976 0.162544 0.412745 0.151092
0 0.405598 0.186481 0.405598 0.201871 0.460557 0.201871 0.461168 0.196452 0.413451 0.196238 0.413451 0.186706
0 0.365598 0.390000 0.365598 0.392622 0.444239 0.392622 0.444035 0.385049 0.431957 0.385049 0.431957 0.390302
0 0.866902 0.141628 0.866590 0.149932 0.877554 0.149825 0.877242 0.141404
0 0.723954 0.226530 0.723954 0.231930 0.738274 0.231754 0.738030 0.226355
0 0.806685 0.226355 0.807418 0.232271 0.822215 0.232446 0.821481 0.226355
0 0.855639 0.226462 0.855639 0.231910 0.869918 0.231910 0.869918 0.240195 0.877215 0.240419 0.877527 0.226462
0 0.435747 0.450078 0.436087 0.477807 0.444375 0.477807 0.444375 0.455770 0.451277 0.455770 0.450584 0.450331
0 0.293451 0.732329 0.292908 0.739298 0.271318 0.739298 0.270788 0.744717 0.301005 0.745097 0.301535 0.731940
0 0.017133 0.619103 0.017133 0.744347 0.047024 0.745205 0.047024 0.740058 0.026101 0.739630 0.025503 0.619961
0 0.869973 0.264922 0.870408 0.362437 0.877609 0.362271 0.877296 0.264883
0 0.714552 0.722349 0.723207 0.729220 0.744239 0.728558 0.744239 0.723899 0.727228 0.723236 0.720122 0.718577
0 0.826549 0.718665 0.831399 0.721988 0.820584 0.728957 0.801834 0.728324 0.801617 0.724045 0.819049 0.723889
0 0.436182 0.534483 0.436182 0.586657 0.399266 0.586657 0.399266 0.592953 0.443859 0.592427 0.444226 0.562008 0.448274 0.562096 0.448016 0.556930 0.443668 0.556930 0.444076 0.534825
0 0.291590 0.437856 0.291427 0.440595 0.285720 0.440819 0.285870 0.444347 0.293655 0.444464 0.292840 0.564581 0.287418 0.564581 0.287880 0.567827 0.292840 0.567827 0.292853 0.673918 0.301332 0.673918 0.301685 0.663869 0.313125 0.663743 0.312935 0.647856 0.300992 0.648207 0.301399 0.592534 0.332432 0.592534 0.332432 0.587096 0.298723 0.587339 0.298397 0.437914
0 0.333261 0.450877 0.333261 0.469825 0.402609 0.469669 0.402187 0.450565 0.395095 0.450721 0.395095 0.466891 0.339266 0.467515 0.339049 0.450877
0 0.518030 0.450097 0.517867 0.455799 0.525639 0.455926 0.526141 0.477515 0.529524 0.477515 0.530068 0.534727 0.525584 0.534630 0.526196 0.556891 0.520815 0.556891 0.520815 0.561667 0.526617 0.561969 0.525856 0.592856 0.568764 0.592427 0.568628 0.587066 0.532486 0.586774 0.532758 0.453012 0.567921 0.452856 0.567989 0.450643
0 0.642908 0.189162 0.642908 0.201306 0.672174 0.201920 0.671889 0.235682 0.656671 0.236092 0.656671 0.243713 0.672459 0.243509 0.672541 0.269045 0.649986 0.268762 0.649986 0.276257 0.671712 0.276462 0.671889 0.310195 0.650014 0.310010 0.650163 0.317320 0.672174 0.317222 0.672147 0.342329 0.656671 0.342047 0.656793 0.350809 0.672432 0.350731 0.672174 0.385088 0.661209 0.385390 0.661359 0.392456 0.672459 0.392456 0.672459 0.405380 0.679402 0.405380 0.679511 0.398811 0.719606 0.398811 0.719742 0.404990 0.724049 0.404786 0.723913 0.401803 0.755734 0.401384 0.755734 0.395936 0.675842 0.395936 0.676508 0.231774 0.689674 0.231686 0.689674 0.226131 0.679090 0.226209 0.679375 0.196160 0.652826 0.196160 0.652976 0.189288
0 0.789946 0.395789 0.789946 0.401150 0.808696 0.401345 0.808832 0.405331 0.813179 0.405244 0.813614 0.437690 0.808995 0.437690 0.809266 0.441491 0.789701 0.441589 0.789973 0.447339 0.795272 0.447339 0.794742 0.482115 0.800421 0.482115 0.800054 0.447193 0.816834 0.447310 0.816114 0.399561 0.818016 0.398489 0.869511 0.398684 0.870217 0.541462 0.800285 0.541345 0.800285 0.507593 0.794783 0.507827 0.794946 0.541589 0.789783 0.541589 0.789783 0.544698 0.803465 0.544942 0.803098 0.577788 0.807717 0.581101 0.810978 0.579444 0.807038 0.576326 0.807296 0.544873 0.869592 0.544903 0.870000 0.561959 0.878424 0.561764 0.877758 0.387349 0.870149 0.387476 0.869728 0.395984
0 0.870122 0.580029 0.870285 0.597778 0.836875 0.597895 0.832079 0.594786 0.829457 0.596667 0.833940 0.600224 0.870122 0.600107 0.870095 0.677242 0.839524 0.677349 0.839918 0.682027 0.846576 0.682154 0.847065 0.703499 0.840258 0.708265 0.845285 0.712173 0.855625 0.704474 0.854946 0.682047 0.878274 0.681754 0.877799 0.579776
0 0.763587 0.723635 0.763736 0.728587 0.782201 0.728694 0.781753 0.723635
0 0.742622 0.677096 0.742622 0.682086 0.749579 0.682203 0.749416 0.676832
0 0.795136 0.676725 0.795639 0.681579 0.802921 0.681706 0.802921 0.676969
0 0.053845 0.100819 0.018397 0.100565 0.017704 0.248041 0.025489 0.248294 0.025136 0.242456 0.187731 0.242710 0.188424 0.323986 0.193071 0.323821 0.192609 0.293645 0.251644 0.294230 0.253505 0.295809 0.253152 0.347495 0.192840 0.347749 0.192609 0.345663 0.188071 0.345419 0.189239 0.380263 0.182962 0.380263 0.182962 0.382593 0.188777 0.382934 0.188777 0.402183 0.217011 0.402018 0.217011 0.399854 0.192147 0.399932 0.192609 0.350585 0.253152 0.350663 0.253505 0.356920 0.256644 0.356920 0.256413 0.277222 0.258736 0.275799 0.283723 0.275721 0.283723 0.270136 0.276739 0.270214 0.276630 0.272807 0.253383 0.272973 0.252799 0.291559 0.192840 0.291472 0.192717 0.242456 0.276168 0.242710 0.276168 0.245039 0.283723 0.245039 0.283723 0.240039 0.268723 0.240039 0.268723 0.237203 0.261522 0.237037 0.261522 0.239708 0.177609 0.239786 0.177609 0.236033 0.174008 0.236033 0.174008 0.239542 0.131590 0.239708 0.131590 0.221530 0.113003 0.221287 0.113003 0.224035 0.128111 0.224035 0.128220 0.239620 0.025258 0.239873 0.025136 0.223363 0.043614 0.223363 0.043614 0.221365 0.024796 0.221287 0.025027 0.105984 0.053967 0.105653
0 0.017215 0.272661 0.017880 0.321365 0.025000 0.321228 0.024918 0.272641
0 0.017120 0.346189 0.018410 0.369084 0.025421 0.369084 0.025054 0.354522 0.035204 0.354522 0.035462 0.353080 0.048383 0.352895 0.048383 0.354259 0.105938 0.354474 0.105938 0.352135 0.024130 0.352232 0.024130 0.346189
0 0.196019 0.440809 0.196467 0.445312 0.201250 0.445312 0.201073 0.475867 0.175095 0.475975 0.175394 0.489269 0.179130 0.489269 0.179130 0.480049 0.201073 0.479727 0.201332 0.564591 0.179266 0.564591 0.179266 0.555565 0.175299 0.555565 0.175707 0.564503 0.025625 0.565507 0.025625 0.559766 0.017446 0.559766 0.017962 0.590526 0.025014 0.590429 0.025014 0.568207 0.253601 0.568070 0.253777 0.564591 0.207690 0.564464 0.207758 0.444630 0.255312 0.444737 0.255041 0.440828
0 0.018043 0.386189 0.018356 0.415468 0.025082 0.415575 0.025693 0.402086 0.138859 0.402524 0.139280 0.446628 0.133981 0.446628 0.133981 0.448957 0.144701 0.448957 0.150815 0.444678 0.166345 0.444864 0.166603 0.440906 0.146617 0.440906 0.146440 0.434883 0.142228 0.435078 0.142500 0.408090 0.146590 0.408090 0.146984 0.382856 0.151997 0.382963 0.151997 0.380331 0.146984 0.380127 0.146780 0.352066 0.138084 0.352066 0.138220 0.354298 0.143533 0.354201 0.143247 0.399990 0.025788 0.399912 0.025394 0.385975
0 0.253071 0.364532 0.253084 0.399425 0.257296 0.399425 0.257296 0.392505 0.290992 0.392407 0.290992 0.399425 0.248057 0.399620 0.248057 0.402154 0.290992 0.402446 0.291128 0.405224 0.298329 0.405127 0.298465 0.392456 0.331617 0.392651 0.331481 0.390117 0.256345 0.390019 0.256563 0.364552
0 0.017391 0.433158 0.017799 0.454464 0.025530 0.454464 0.025367 0.449123 0.035829 0.449006 0.035829 0.446764 0.025652 0.446881 0.025530 0.433129
0 0.050489 0.445448 0.050489 0.448957 0.102663 0.449152 0.102391 0.445546
0 0.017826 0.478606 0.017812 0.534308 0.025774 0.534181 0.025774 0.478606
0 0.672092 0.437963 0.672092 0.450049 0.636902 0.450244 0.636766 0.453070 0.669783 0.452973 0.669864 0.587251 0.636345 0.587251 0.636345 0.592066 0.668179 0.592232 0.667948 0.647700 0.654783 0.647700 0.654823 0.663265 0.667867 0.663655 0.667867 0.681686 0.690965 0.682076 0.690639 0.704464 0.700014 0.713041 0.705992 0.709045 0.698383 0.703099 0.698247 0.682047 0.706535 0.682144 0.706535 0.677368 0.674878 0.676686 0.675421 0.600370 0.711834 0.600175 0.716046 0.597057 0.713234 0.594503 0.709565 0.597622 0.675598 0.597661 0.675842 0.544513 0.717296 0.544513 0.717880 0.559737 0.738057 0.573548 0.738465 0.576667 0.734796 0.579591 0.737242 0.581150 0.743084 0.577154 0.742677 0.560585 0.737921 0.560682 0.737921 0.565458 0.731535 0.565361 0.721481 0.558148 0.721209 0.544600 0.737514 0.544698 0.737514 0.548499 0.743492 0.548207 0.743084 0.544698 0.755720 0.544600 0.755584 0.541189 0.749742 0.541287 0.749878 0.507066 0.746617 0.507066 0.746345 0.541277 0.675829 0.541179 0.676495 0.447437 0.744837 0.447437 0.746603 0.448704 0.746101 0.482183 0.750313 0.482378 0.749769 0.448558 0.751399 0.447388 0.755476 0.447485 0.755204 0.442222 0.723886 0.442008 0.723886 0.437719 0.718709 0.437719 0.719130 0.444542 0.679307 0.444444 0.679049 0.437719
0 0.150476 0.739152 0.150476 0.744990 0.168478 0.744639 0.168478 0.738977
