1 0.219340 0.695188 0.218980 0.670559 0.229620 0.670764 0.241300 0.673181 0.248740 0.677218 0.255820 0.683079 0.260060 0.688529 0.261480 0.693375 0.263960 0.688119 0.268920 0.682064 0.276720 0.677013 0.288400 0.672976 0.304700 0.671767 0.304340 0.694789
1 0.741680 0.466727 0.775220 0.448130 0.769780 0.445279 0.762540 0.443216 0.755280 0.441665 0.742140 0.440627
1 0.890060 0.252269 0.855400 0.271060 0.860560 0.273603 0.870500 0.276146 0.879420 0.277514
1 0.729420 0.182109 0.782640 0.182873 0.779280 0.174800 0.773880 0.166351 0.759740 0.159441 0.745580 0.154059 0.729420 0.154059
1 0.648660 0.473957 0.648660 0.507366 0.665800 0.506078 0.682920 0.500684 0.698240 0.492714 0.705020 0.485519 0.706360 0.478575 0.708160 0.473444
1 0.882160 0.331950 0.830980 0.331733 0.832120 0.337172 0.835940 0.344572 0.843580 0.350673 0.853520 0.355678 0.863820 0.358951 0.881780 0.360696
1 0.650420 0.419909 0.650420 0.386249 0.662460 0.386944 0.673300 0.389692 0.686560 0.394493 0.696200 0.400673 0.704620 0.409430 0.706740 0.419738
1 0.384920 0.303250 0.384620 0.271471 0.372780 0.272360 0.359400 0.274664 0.345380 0.280525 0.334480 0.287628 0.328880 0.294196 0.323900 0.303250
0 0.877580 0.154025 0.878080 0.248723 0.730500 0.249213 0.730700 0.183569 0.723520 0.183170 0.725240 0.302303 0.624940 0.302611 0.625160 0.305838 0.696260 0.305576 0.696260 0.308860 0.625400 0.309259 0.626960 0.423273 0.645160 0.423512 0.645160 0.420992 0.636760 0.420992 0.638120 0.310889 0.879320 0.310627 0.878900 0.330935 0.891720 0.330696 0.891520 0.299122 0.877100 0.299225 0.877520 0.303672 0.730380 0.302953 0.729960 0.252896 0.891720 0.253877 0.892060 0.154048
0 0.936420 0.377332 0.936840 0.510490 0.891640 0.510616 0.891040 0.460091 0.876840 0.459977 0.876440 0.469795 0.749300 0.470388 0.749500 0.466157 0.745100 0.464344 0.741100 0.466157 0.741300 0.470160 0.711280 0.470490 0.711080 0.478700 0.876540 0.478198 0.877360 0.530125 0.891620 0.529909 0.891620 0.514778 0.943880 0.514778 0.944080 0.377400
0 0.399220 0.229647 0.399520 0.238689 0.386060 0.238518 0.385760 0.245165 0.399820 0.245507 0.398460 0.303512 0.385320 0.303341 0.385580 0.310353 0.553000 0.310353 0.552800 0.303056 0.410380 0.302486 0.411720 0.229818
0 0.542560 0.469704 0.542560 0.473216 0.598520 0.473637 0.598520 0.475188 0.541800 0.475599 0.541800 0.477788 0.626880 0.478655 0.627640 0.506648 0.637600 0.506648 0.636840 0.478005 0.646040 0.478005 0.645960 0.469852
0 0.377340 0.473421 0.433140 0.473273 0.433140 0.469909 0.345960 0.469749 0.346580 0.506180 0.343180 0.506180 0.343380 0.469920 0.336380 0.469920 0.336880 0.563740 0.350520 0.563740 0.351140 0.478130 0.433540 0.478597 0.433540 0.476317 0.377140 0.476317
0 0.626520 0.538438 0.626920 0.545051 0.633120 0.545279 0.633680 0.587628 0.627100 0.587503 0.626860 0.594493 0.639120 0.594493 0.637760 0.538586
0 0.336620 0.625906 0.336800 0.693444 0.308620 0.693113 0.308200 0.700285 0.337020 0.700285 0.336540 0.725678 0.387160 0.725553 0.386900 0.718677 0.350460 0.718803 0.350240 0.626271
0 0.876520 0.603922 0.877860 0.655485 0.638020 0.655485 0.637560 0.626157 0.626480 0.625656 0.626440 0.718746 0.589460 0.718563 0.589460 0.725120 0.626760 0.725291 0.626440 0.756762 0.636940 0.756933 0.637340 0.662132 0.891820 0.662737 0.891200 0.603991
0 0.171900 0.799555 0.172440 0.813398 0.198080 0.813398 0.197520 0.806556 0.185260 0.806397 0.185540 0.799555
0 0.336600 0.799133 0.336800 0.806089 0.324800 0.806089 0.325000 0.813044 0.349400 0.813044 0.350000 0.799475
0 0.172640 0.685542 0.172640 0.725564 0.185440 0.725450 0.184840 0.700251 0.215040 0.700365 0.214440 0.693751 0.185040 0.693409 0.184840 0.685656
0 0.172320 0.485998 0.171920 0.632919 0.185440 0.632452 0.184760 0.485735
0 0.172140 0.417662 0.172940 0.433523 0.185160 0.433523 0.185160 0.429418 0.193960 0.429190 0.193560 0.422566 0.184760 0.422452 0.184960 0.417548
0 0.282980 0.414105 0.282760 0.422087 0.239200 0.422338 0.239200 0.429076 0.335960 0.429578 0.336600 0.433444 0.349740 0.433318 0.349960 0.422338 0.295460 0.422087 0.295240 0.413729
0 0.627420 0.799840 0.627240 0.851471 0.648320 0.851106 0.648000 0.844094 0.638280 0.844094 0.636960 0.799715
0 0.277200 0.238381 0.277200 0.245108 0.293800 0.245108 0.293200 0.238267
0 0.171460 0.237788 0.171860 0.245656 0.185260 0.245542 0.185260 0.237332
0 0.172500 0.297845 0.172500 0.304926 0.184900 0.305029 0.185080 0.297389
0 0.172680 0.356933 0.172680 0.365143 0.185280 0.365371 0.185080 0.356819
0 0.617760 0.029590 0.618480 0.034322 0.982600 0.033706 0.983040 0.843729 0.965260 0.843580 0.965760 0.848278 0.970660 0.851220 0.983300 0.851220 0.983580 0.966385 0.975740 0.966385 0.975740 0.969635 0.989580 0.969635 0.988880 0.030000
0 0.647100 0.965405 0.646700 0.969453 0.755220 0.969692 0.754820 0.966363
0 0.478560 0.966317 0.479060 0.969247 0.552780 0.968974 0.552780 0.966317
0 0.079440 0.805485 0.074220 0.805485 0.073520 0.305348 0.079640 0.305348
0 0.073100 0.138791 0.073960 0.171060 0.079080 0.171060 0.078520 0.139441
0 0.399200 0.138130 0.399200 0.159156 0.411500 0.158940 0.411500 0.144709 0.434920 0.144926 0.434540 0.137913
0 0.559200 0.138164 0.558760 0.145245 0.725020 0.145245 0.725080 0.153181 0.730080 0.153181 0.729680 0.143044 0.663880 0.143044 0.664320 0.092383 0.724760 0.092737 0.725080 0.120844 0.729280 0.121197 0.729280 0.092383 0.815260 0.092406 0.815260 0.085918 0.651780 0.086340 0.650360 0.138267
0 0.869300 0.086146 0.869300 0.092531 0.877500 0.092531 0.878100 0.122406 0.890900 0.122406 0.890700 0.086260
0 0.878360 0.399396 0.878620 0.421129 0.710620 0.421243 0.710620 0.423535 0.741820 0.423535 0.741440 0.438700 0.744820 0.441995 0.749440 0.439156 0.749040 0.423535 0.878620 0.423535 0.878820 0.433569 0.892020 0.433455 0.891620 0.399590
