1 0.235483 0.466374 0.200163 0.466374 0.201483 0.471555 0.204639 0.476174 0.208857 0.481164 0.215456 0.484676 0.222830 0.486718 0.236286 0.487824
1 0.249088 0.565048 0.249755 0.541698 0.258748 0.543330 0.267075 0.548006 0.274395 0.554313 0.276735 0.560382 0.277728 0.566221
1 0.274789 0.621956 0.275116 0.598053 0.266599 0.598511 0.258735 0.601727 0.252177 0.606326 0.248898 0.611842 0.246612 0.616899 0.246286 0.622643
0 0.376354 0.339914 0.407660 0.340038 0.407537 0.168034 0.505796 0.168273 0.506476 0.226002 0.527211 0.226393 0.527769 0.233855 0.476830 0.233273 0.477102 0.229532 0.496136 0.229933 0.495850 0.175153 0.411592 0.175153 0.412707 0.229532 0.441551 0.229532 0.441551 0.233273 0.411592 0.233273 0.411918 0.343206 0.376163 0.343206
1 0.441510 0.620086 0.442095 0.650019 0.432082 0.648989 0.422667 0.645887 0.412367 0.639494 0.406490 0.632882 0.405007 0.627309 0.403252 0.620086
1 0.476449 0.692462 0.476449 0.658302 0.487361 0.658302 0.498286 0.662424 0.509619 0.669198 0.515918 0.676260 0.517592 0.683034 0.518435 0.692452
1 0.526014 0.479294 0.492163 0.478960 0.494068 0.484771 0.500218 0.489246 0.506599 0.492901 0.513946 0.495553 0.520095 0.497214 0.528612 0.498044 0.521048 0.498540 0.512517 0.500868 0.504000 0.504857 0.496422 0.510992 0.492639 0.517471 0.529088 0.517471
0 0.162612 0.117156 0.162612 0.152052 0.172245 0.152052 0.172776 0.123540 0.318844 0.123197 0.318313 0.117567
0 0.163619 0.457777 0.163619 0.472118 0.172816 0.472118 0.172667 0.464017 0.312381 0.464342 0.312218 0.457452
0 0.162027 0.499790 0.162027 0.535611 0.172517 0.535859 0.172517 0.510582 0.307918 0.510582 0.308095 0.563340 0.282204 0.563197 0.282204 0.566508 0.307891 0.566632 0.308027 0.619017 0.278490 0.618845 0.278286 0.622529 0.400395 0.622796 0.400395 0.619265 0.312367 0.619094 0.312993 0.488721 0.306871 0.488912 0.306871 0.507004 0.236653 0.507195 0.236408 0.489284 0.230803 0.489284 0.230803 0.507004 0.172027 0.507004 0.172027 0.499742
0 0.522327 0.457328 0.522327 0.470506 0.532218 0.471202 0.531728 0.464265 0.602952 0.463912 0.601959 0.443445 0.591578 0.443445 0.591578 0.456632
0 0.592707 0.322987 0.592707 0.336498 0.562435 0.336145 0.562939 0.342987 0.592449 0.343168 0.592204 0.355973 0.602966 0.355973 0.602463 0.322805
0 0.562204 0.226116 0.562748 0.233349 0.592871 0.233540 0.593129 0.247414 0.602354 0.247414 0.601823 0.226116
0 0.522463 0.526937 0.522095 0.539256 0.720707 0.540286 0.720707 0.533302 0.531687 0.533893 0.531687 0.527109
0 0.522245 0.686536 0.522245 0.692996 0.618748 0.692996 0.618748 0.687395
0 0.815619 0.532910 0.815619 0.540601 0.835850 0.540305 0.835796 0.686441 0.748735 0.686441 0.749020 0.693302 0.846422 0.693092 0.845878 0.533177
0 0.162667 0.224418 0.162667 0.274828 0.172776 0.274828 0.172000 0.255477 0.246599 0.255210 0.247374 0.273817 0.251605 0.273817 0.251102 0.255095 0.263959 0.255095 0.263959 0.252128 0.172381 0.252023 0.172884 0.225095
0 0.162707 0.302080 0.163061 0.343378 0.331265 0.342882 0.331265 0.251870 0.299878 0.252366 0.299878 0.255534 0.325660 0.255229 0.326503 0.336431 0.251782 0.336031 0.251224 0.298960 0.247129 0.298865 0.246844 0.336231 0.172299 0.336307 0.172299 0.302147
0 0.396939 0.116803 0.396939 0.123426 0.416041 0.123426 0.415810 0.116966
0 0.591823 0.269485 0.592204 0.299532 0.602354 0.300067 0.601973 0.269485
0 0.162435 0.377032 0.162435 0.422643 0.172980 0.422901 0.171891 0.377538
0 0.221238 0.698635 0.221646 0.756956 0.254095 0.756956 0.254095 0.750124 0.230980 0.750410 0.230163 0.698359
0 0.521537 0.607987 0.522000 0.618387 0.445701 0.618721 0.445905 0.750401 0.293483 0.750153 0.293293 0.756927 0.455592 0.756689 0.455946 0.693034 0.470776 0.693034 0.470259 0.686823 0.451510 0.686460 0.451061 0.622681 0.521959 0.622719 0.521823 0.640802 0.527769 0.640906 0.528082 0.608006
0 0.162653 0.562863 0.162245 0.625239 0.230286 0.625239 0.230449 0.622128 0.242789 0.622242 0.242585 0.618998 0.172122 0.618884 0.172122 0.566221 0.245741 0.565849 0.245741 0.562691
1 0.296408 0.252901 0.296408 0.276269 0.289034 0.275439 0.280789 0.272128 0.272830 0.266546 0.268993 0.260344 0.266939 0.256212 0.266340 0.253111
1 0.334939 0.338893 0.334939 0.312443 0.345823 0.312443 0.354884 0.315239 0.362503 0.319819 0.369034 0.326689 0.372299 0.332786 0.373741 0.338645
1 0.444435 0.232786 0.444272 0.227891 0.446816 0.220773 0.450776 0.216212 0.459020 0.211422 0.467116 0.209532 0.472980 0.209532 0.473782 0.232672
1 0.531129 0.232824 0.530163 0.208235 0.537986 0.208941 0.544952 0.210620 0.551918 0.214198 0.557878 0.220878 0.559238 0.225639 0.559238 0.232672
