0 0.595538 0.313366 0.595538 0.090602 0.993645 0.090602 0.993645 0.313366 0.595538 0.313366 0.595538 0.313366
0 0.848893 0.702651 0.848893 0.709446 0.884383 0.709446 0.884383 0.799233 0.845259 0.799233 0.845259 0.815615 0.713373 0.815615 0.713373 0.690939 0.770898 0.690939
0 0.989370 0.913030 0.851614 0.913030 0.851614 0.831639 0.890738 0.831639 0.890738 0.702651 0.989370 0.702651
0 0.989370 0.702651 0.848893 0.702651 0.770898 0.690939 0.770944 0.690939 0.770944 0.338693 0.989370 0.338693
0 0.687525 0.913030 0.607300 0.913030 0.607300 0.822410 0.649620 0.822410 0.649620 0.818117 0.687525 0.818117
0 0.707018 0.815615 0.687525 0.815615 0.687525 0.818117 0.649620 0.818117 0.649620 0.815615 0.607300 0.815615 0.607300 0.690939 0.707018 0.690939
0 0.762278 0.587001 0.607300 0.587001 0.607300 0.338693 0.762278 0.338693
0 0.756715 0.678572 0.611171 0.678572 0.611171 0.599633 0.756715 0.599633
0 0.845259 0.913030 0.772591 0.913030 0.772591 0.822410 0.845259 0.822410
0 0.766236 0.913030 0.693880 0.913030 0.693880 0.822410 0.766236 0.822410
3 0.607300 0.338693 0.989370 0.338693 1.000000 0.313366 0.595538 0.313366
1 0.634442 0.338693 0.742017 0.338693 0.742017 0.313366 0.634442 0.313366
2 0.804182 0.338693 0.855075 0.338693 0.855075 0.313366 0.804182 0.313366
1 0.859581 0.338693 0.969415 0.338693 0.969415 0.313366 0.859581 0.313366
3 0.989370 0.338693 0.989370 0.913030 1.000000 0.938357 1.000000 0.313366
3 0.989370 0.913030 0.607300 0.913030 0.595538 0.938357 1.000000 0.938357
1 0.952025 0.913030 0.869246 0.913030 0.869246 0.938357 0.952025 0.938357
1 0.760378 0.913030 0.722692 0.913030 0.722692 0.938357 0.760378 0.938357
2 0.839932 0.913030 0.782280 0.913030 0.782280 0.938357 0.839932 0.938357
1 0.653444 0.913030 0.627677 0.913030 0.627677 0.938357 0.653444 0.938357
3 0.762278 0.313366 0.762278 0.587001 0.770944 0.599633 0.770944 0.313366
2 0.762278 0.493625 0.762278 0.545520 0.770944 0.545520 0.770944 0.493625
3 0.762278 0.587001 0.607300 0.587001 0.595538 0.599633 0.770944 0.599633
3 0.770944 0.599633 0.770944 0.690939 0.756715 0.678572 0.756715 0.599633
3 0.770944 0.690939 0.607300 0.690939 0.595538 0.678572 0.756715 0.678572
2 0.692476 0.690939 0.650111 0.690939 0.650111 0.678572 0.692476 0.678572
3 0.607300 0.587001 0.607300 0.338693 0.595538 0.313366 0.595538 0.587001
3 0.607300 0.913030 0.607300 0.690939 0.595538 0.690939 0.595538 0.938357
3 0.611171 0.690939 0.611171 0.587001 0.595538 0.587001 0.595538 0.690939
3 0.595538 0.822410 0.649620 0.822410 0.649620 0.815615 0.595538 0.815615
3 0.687525 0.938357 0.687525 0.815615 0.693880 0.822410 0.693880 0.938357
3 0.687525 0.815615 0.851614 0.815615 0.845259 0.822410 0.693880 0.822410
2 0.783857 0.815615 0.839961 0.815615 0.839961 0.822410 0.783857 0.822410
2 0.714690 0.815615 0.764162 0.815615 0.764162 0.822410 0.714690 0.822410
3 0.845259 0.822410 0.845259 0.938357 0.851614 0.938357 0.851614 0.815615
3 0.766236 0.815615 0.766236 0.938357 0.772591 0.938357 0.772591 0.815615
3 0.707018 0.678572 0.707018 0.815615 0.713373 0.815615 0.713373 0.678572
2 0.707018 0.696394 0.707018 0.746102 0.713373 0.746102 0.713373 0.696394
3 0.845259 0.831639 0.890738 0.831639 0.884383 0.799233 0.845259 0.799233
3 0.890738 0.831639 0.890738 0.702651 0.884383 0.709446 0.884383 0.799233
3 0.890738 0.702651 0.848893 0.702651 0.848893 0.709446 0.884383 0.709446
3 1.000000 0.313366 1.000000 0.090602 0.993645 0.090602 0.993645 0.313366
3 0.595538 0.313366 0.595538 0.197036 0.601893 0.197036 0.601893 0.313366
