0 0.714076 0.887461 0.655098 0.887461 0.655098 0.765805 0.714076 0.765805
0 0.897125 0.513355 0.799726 0.513355 0.799726 0.436230 0.897125 0.436230
0 0.793449 0.887461 0.719307 0.887461 0.719307 0.765805 0.793449 0.765805
0 0.187192 0.424513 0.098382 0.424513 0.098382 0.294500 0.187192 0.294500
0 0.489122 0.640279 0.399026 0.640279 0.398838 0.485051 0.489122 0.485051
0 0.393256 0.633087 0.289842 0.633087 0.289842 0.493228 0.393256 0.493228
0 0.983784 0.887461 0.799726 0.887461 0.799726 0.686673 0.983784 0.686673
0 0.282142 0.845080 0.098382 0.845080 0.098382 0.431277 0.193469 0.431277 0.193469 0.294500 0.282142 0.294500
0 0.463847 0.715856 0.398356 0.715856 0.398356 0.719126 0.430940 0.719126 0.430940 0.887461 0.289779 0.887461 0.289779 0.845080 0.289842 0.845080 0.289842 0.648546 0.463847 0.648546
0 0.983784 0.475003 0.903402 0.475003 0.903402 0.427211 0.719338 0.427211 0.719338 0.350777 0.755012 0.207048 0.983784 0.207048
0 0.983784 0.677654 0.799726 0.677654 0.799726 0.522374 0.903402 0.522374 0.903402 0.475003 0.983784 0.475003
0 0.793449 0.758290 0.655098 0.758290 0.655098 0.724169 0.654967 0.724169 0.654967 0.648546 0.719641 0.648546 0.719338 0.605008 0.719338 0.436230 0.793449 0.436230
0 0.654967 0.724169 0.649867 0.724169 0.649867 0.887461 0.436170 0.887461 0.436170 0.719081 0.469078 0.719081 0.469078 0.648546 0.654967 0.648546
0 0.713061 0.614170 0.719338 0.614170 0.719338 0.605008 0.719641 0.648546 0.655098 0.648546 0.655098 0.636664 0.497769 0.636664 0.497769 0.350777 0.713061 0.350777
0 0.493103 0.350777 0.497769 0.350777 0.497769 0.434832 0.489060 0.434832 0.489060 0.476784 0.398827 0.476784 0.398827 0.430638 0.351498 0.430638 0.351498 0.476784 0.289842 0.476784 0.289842 0.294500 0.289900 0.294500 0.289900 0.206687 0.459458 0.206687
0 0.501860 0.335949 0.710921 0.335949 0.748934 0.182998 0.748934 0.148622 0.627118 0.148622 0.627118 0.144112 0.554425 0.144112 0.554425 0.148622 0.465882 0.148622 0.465882 0.181886 0.501860 0.335949 0.501860 0.335949
0 0.600660 0.912097 0.600660 1.000000 0.752680 1.000000 0.752680 0.912315 0.600660 0.912097 0.600660 0.912097
3 0.272873 0.862366 0.098089 0.862366 0.098089 0.845080 0.289779 0.845080
2 0.222008 0.862366 0.103498 0.862366 0.103498 0.845080 0.222008 0.845080
2 0.269416 0.862366 0.229572 0.862366 0.229572 0.845080 0.269416 0.845080
3 0.098089 0.869085 0.083736 0.869085 0.098382 0.845080 0.098089 0.845080
3 0.083736 0.869085 0.083736 0.272705 0.098382 0.294500 0.098382 0.845080
1 0.083736 0.598432 0.083736 0.526500 0.098382 0.526500 0.098382 0.598432
1 0.083736 0.667711 0.083736 0.598432 0.098382 0.598432 0.098382 0.667711
1 0.083736 0.736239 0.083736 0.666960 0.098382 0.666960 0.098382 0.736239
3 0.083736 0.272705 0.272816 0.272705 0.289900 0.294500 0.098382 0.294500
1 0.196163 0.272705 0.246651 0.272705 0.246651 0.294500 0.196163 0.294500
3 0.272816 0.272705 0.272816 0.181886 0.289900 0.206687 0.289900 0.294500
1 0.272816 0.254464 0.272816 0.206507 0.289900 0.206507 0.289900 0.254464
3 0.272816 0.181886 0.462743 0.181886 0.465882 0.206687 0.289900 0.206687
1 0.374540 0.181886 0.454808 0.181886 0.454808 0.206687 0.374540 0.206687
1 0.290104 0.181886 0.368703 0.181886 0.368703 0.206687 0.290104 0.206687
3 0.465882 0.181886 0.501860 0.335949 0.493103 0.350777 0.459458 0.206687
2 0.482751 0.254111 0.498067 0.319723 0.487088 0.325014 0.471766 0.259410
1 0.471505 0.205958 0.481899 0.250466 0.470919 0.255764 0.460520 0.211249
3 0.501860 0.335949 0.710921 0.335949 0.719338 0.350777 0.493103 0.350777
1 0.597668 0.335949 0.679311 0.335949 0.679311 0.350777 0.597668 0.350777
1 0.511934 0.335949 0.592584 0.335949 0.592584 0.350777 0.511934 0.350777
3 0.710921 0.335949 0.748887 0.182998 0.755012 0.207048 0.719338 0.350777
1 0.719192 0.302632 0.741329 0.213451 0.752062 0.218945 0.729920 0.308133
3 0.748887 0.182998 1.000000 0.182998 0.983784 0.207048 0.755012 0.207048
1 0.866294 0.182998 0.928803 0.182998 0.928803 0.207048 0.866294 0.207048
1 0.846621 0.182998 0.866498 0.182998 0.866498 0.207048 0.846621 0.207048
3 1.000000 0.182998 1.000000 0.912262 0.983784 0.887461 0.983784 0.207048
1 1.000000 0.522006 1.000000 0.607819 0.983784 0.607819 0.983784 0.522006
1 1.000000 0.607819 1.000000 0.640099 0.983784 0.640099 0.983784 0.607819
3 1.000000 0.912262 0.272873 0.912262 0.289779 0.887461 0.983784 0.887461
2 0.704880 0.912262 0.658838 0.912262 0.658838 0.887461 0.704880 0.887461
1 0.751952 0.912262 0.719558 0.912262 0.719558 0.887461 0.751952 0.887461
1 0.844701 0.912262 0.822522 0.912262 0.822522 0.887461 0.844701 0.887461
1 0.905060 0.912262 0.844701 0.912262 0.844701 0.887461 0.905060 0.887461
1 0.388889 0.912262 0.339195 0.912262 0.339195 0.887461 0.388889 0.887461
1 0.471411 0.912262 0.451706 0.912262 0.451706 0.887461 0.471411 0.887461
1 0.532481 0.912262 0.471411 0.912262 0.471411 0.887461 0.532481 0.887461
3 0.272873 0.912262 0.272873 0.862366 0.289779 0.845080 0.289779 0.887461
3 0.187192 0.272705 0.187192 0.424513 0.193469 0.431277 0.193469 0.272705
3 0.187192 0.424513 0.083736 0.424513 0.083736 0.431277 0.193469 0.431277
2 0.153416 0.424513 0.101573 0.424513 0.101573 0.431277 0.153416 0.431277
3 0.282142 0.294500 0.282142 0.845080 0.289842 0.845080 0.289842 0.294500
2 0.282142 0.654484 0.282142 0.713309 0.289842 0.713309 0.289842 0.654484
3 0.719338 0.350777 0.719338 0.614170 0.713061 0.614170 0.713061 0.350777
3 0.713061 0.436230 0.897125 0.436230 0.903402 0.427211 0.713061 0.427211
2 0.751733 0.436230 0.791895 0.436230 0.791895 0.427211 0.751733 0.427211
2 0.821727 0.436230 0.861623 0.436230 0.861623 0.427211 0.821727 0.427211
3 0.903402 0.427211 0.903402 0.522374 0.897125 0.513355 0.897125 0.436230
3 0.903402 0.522374 0.793449 0.522374 0.799726 0.513355 0.897125 0.513355
3 0.793449 0.522374 0.793449 0.427211 0.799726 0.427211 0.799726 0.522374
3 0.793449 0.522374 0.793449 0.912262 0.799726 0.912262 0.799726 0.522374
2 0.793449 0.611622 0.793449 0.674746 0.799726 0.674746 0.799726 0.611622
2 0.793449 0.691784 0.793449 0.753645 0.799726 0.753645 0.799726 0.691784
3 0.793449 0.686673 1.000000 0.686673 1.000000 0.677654 0.793449 0.677654
3 0.649867 0.724169 0.649867 0.912262 0.655098 0.912262 0.655098 0.724169
3 0.649867 0.765805 0.799726 0.765805 0.799726 0.758290 0.649867 0.758290
2 0.722571 0.765805 0.762299 0.765805 0.762299 0.758290 0.722571 0.758290
2 0.657886 0.765805 0.704352 0.765805 0.704352 0.758290 0.657886 0.758290
3 0.714076 0.758290 0.714076 0.912262 0.719307 0.912262 0.719307 0.758290
3 0.289842 0.648546 0.399026 0.648546 0.393256 0.633087 0.289842 0.633087
3 0.399026 0.648546 0.497769 0.648546 0.489122 0.640279 0.399016 0.640279
2 0.402484 0.648546 0.439340 0.648546 0.439340 0.640279 0.402484 0.640279
3 0.489122 0.648546 0.655098 0.648546 0.655098 0.636664 0.489122 0.636664
3 0.489122 0.640279 0.489122 0.476784 0.497769 0.476784 0.497769 0.648546
3 0.497769 0.476784 0.393073 0.476784 0.398838 0.485051 0.489122 0.485051
2 0.439471 0.476784 0.402933 0.476784 0.402933 0.485051 0.439471 0.485051
3 0.398827 0.476784 0.282142 0.476784 0.282142 0.493228 0.398827 0.493228
3 0.398838 0.485051 0.399026 0.648546 0.393256 0.633087 0.393073 0.476784
2 0.398948 0.579252 0.399005 0.628502 0.393251 0.628517 0.393194 0.579267
3 0.463847 0.648546 0.463847 0.715856 0.469078 0.719081 0.469078 0.648546
2 0.463847 0.653281 0.463847 0.711911 0.469078 0.711911 0.469078 0.653281
3 0.463847 0.715856 0.430940 0.715856 0.430940 0.719081 0.469078 0.719081
3 0.430940 0.719126 0.430940 0.912262 0.436170 0.912262 0.436170 0.715856
3 0.436170 0.715856 0.398356 0.715856 0.398356 0.719126 0.430940 0.719126
3 0.398827 0.476784 0.351498 0.476784 0.351498 0.430638 0.398827 0.430638
3 0.497769 0.476784 0.497769 0.434832 0.489060 0.434832 0.489060 0.476784
2 0.489122 0.476972 0.489122 0.435290 0.497769 0.435290 0.497769 0.476972
3 0.465882 0.206687 0.465882 0.148622 0.462743 0.144112 0.462743 0.181886
3 0.462743 0.144112 0.554425 0.144112 0.554425 0.148622 0.465882 0.148622
3 0.627118 0.144112 0.752073 0.144112 0.748934 0.148622 0.627118 0.148622
3 0.752073 0.144112 0.752073 0.182998 0.748934 0.182998 0.748934 0.148622
