0 0.372625 0.129082 0.757355 0.101713 0.737380 0.025266 0.354351 0.049612 0.372625 0.129082 0.372625 0.129082
0 0.957453 0.872589 0.457591 0.872589 0.457591 0.639476 0.957453 0.639476
0 0.957453 0.639476 0.457591 0.639476 0.457591 0.525329 0.957453 0.525329
0 0.457591 0.872589 0.139788 0.872589 0.139788 0.525329 0.457591 0.525329
0 0.765992 0.130116 0.957453 0.116534 0.957453 0.525329 0.139788 0.525329 0.139788 0.174693 0.381262 0.157485 0.374923 0.138322 0.759653 0.110965
3 0.097241 0.115806 0.097241 0.954525 0.139788 0.954525 0.139788 0.174693
3 1.000000 0.895321 1.000000 0.051590 0.957453 0.116534 0.957453 0.872589
3 0.097241 0.115806 0.364584 0.096791 0.379752 0.157633 0.139788 0.174693
3 1.000000 0.051590 0.749314 0.069423 0.764461 0.130264 0.957453 0.116534
3 0.372625 0.129082 0.757355 0.101713 0.759653 0.110965 0.374923 0.138322
2 0.383688 0.128298 0.749676 0.102258 0.751973 0.111510 0.386006 0.137538
3 0.457591 0.864406 0.942413 0.864406 0.920522 0.852994 0.478865 0.852994
3 0.942413 0.864406 0.942413 0.639476 0.920522 0.679336 0.920522 0.852994
3 0.457591 0.864406 0.457591 0.639476 0.478865 0.639476 0.478865 0.852994
2 0.457591 0.849857 0.457591 0.754873 0.478865 0.754873 0.478865 0.849857
3 0.457591 0.639476 0.942413 0.639476 0.920522 0.679336 0.478865 0.679336
3 0.457591 0.639476 0.457591 0.571224 0.468228 0.571224 0.468228 0.639476
3 0.935542 0.639476 0.935542 0.571281 0.942562 0.571281 0.942562 0.639476
3 0.097241 0.895321 1.000000 0.895321 0.957453 0.872589 0.139788 0.872589
2 0.150403 0.895321 0.346331 0.895321 0.346331 0.872589 0.150403 0.872589
