0 0.167946 0.255101 0.059873 0.255101 0.059873 0.165326 0.167946 0.165326
0 0.167946 0.350322 0.059873 0.350322 0.059873 0.255101 0.167946 0.255101
0 0.414469 0.483120 0.442491 0.483491 0.350324 0.483491 0.350324 0.380273 0.414524 0.380273
0 0.442596 0.483491 0.414469 0.483120 0.414524 0.380273 0.350324 0.380273 0.350324 0.251537 0.442596 0.251537
0 0.344848 0.577447 0.248225 0.577447 0.248225 0.450703 0.344848 0.450703
0 0.344848 0.442009 0.250052 0.442009 0.250052 0.359015 0.250037 0.359015 0.250037 0.264182 0.344848 0.264182
0 0.391001 0.848069 0.246742 0.848069 0.246742 0.586140 0.391001 0.586140
0 0.982078 0.848069 0.808153 0.848069 0.808153 0.586140 0.982078 0.586140
0 0.233798 0.767825 0.059873 0.767825 0.059873 0.359015 0.233798 0.359015
0 0.982078 0.577447 0.733858 0.577447 0.733858 0.498151 0.697094 0.498151 0.697094 0.249957 0.982078 0.249957
0 0.623993 0.249957 0.697094 0.249957 0.697094 0.498151 0.697049 0.498151 0.697049 0.368055 0.677275 0.368055 0.677275 0.498151 0.631490 0.498151 0.631968 0.492311 0.350324 0.492311 0.350324 0.492184 0.448072 0.492184 0.448072 0.251537 0.489844 0.251537 0.519878 0.203694 0.594621 0.203694
0 0.631490 0.498151 0.631490 0.506844 0.728382 0.506844 0.728382 0.586140 0.802677 0.586140 0.802677 0.733400 0.631490 0.733400 0.631739 0.577692 0.631490 0.577447 0.350324 0.577447 0.350324 0.492311 0.631968 0.492311
0 0.233798 0.350322 0.173422 0.350322 0.173422 0.165326 0.233798 0.165326
0 0.248225 0.227829 0.250052 0.117530 0.448072 0.117530 0.448072 0.226248 0.250052 0.227829 0.248225 0.227829
0 0.693026 0.876519 0.842877 0.876519 0.842877 0.997629 0.766017 0.997629 0.693026 0.997629 0.693026 0.876519 0.693026 0.876519
0 0.802677 0.848069 0.714254 0.848069 0.714254 0.742093 0.802677 0.742093
0 0.708778 0.848069 0.631490 0.848069 0.631490 0.742093 0.708778 0.742093
0 0.626014 0.848069 0.396477 0.848069 0.396477 0.586140 0.626014 0.586140
3 0.044939 0.139247 0.248733 0.139247 0.233798 0.165326 0.059873 0.165326
3 0.248733 0.139247 0.248733 0.227829 0.233798 0.264182 0.233798 0.165326
2 0.248733 0.166037 0.248733 0.224620 0.233798 0.224620 0.233798 0.166037
3 0.344868 0.227829 0.476229 0.227829 0.476229 0.251537 0.344868 0.251537
2 0.400883 0.227829 0.438215 0.227829 0.438215 0.251537 0.400883 0.251537
1 0.352196 0.227829 0.395477 0.227829 0.395477 0.251537 0.352196 0.251537
3 1.000000 0.226248 1.000000 0.876519 0.982078 0.848069 0.982078 0.249957
1 1.000000 0.268797 1.000000 0.363211 0.982078 0.363211 0.982078 0.268797
3 0.636050 0.226248 1.000000 0.226248 0.982078 0.249957 0.636050 0.249957
1 0.810956 0.226248 0.965630 0.226248 0.965630 0.249957 0.810956 0.249957
3 0.636050 0.249957 0.623993 0.249957 0.630146 0.226248 0.636050 0.226248
3 0.344848 0.251537 0.344848 0.577447 0.350324 0.586140 0.350324 0.251537
2 0.344848 0.381206 0.344848 0.435166 0.350324 0.435166 0.350324 0.381206
3 0.350324 0.586140 0.626014 0.586140 0.631490 0.577447 0.350324 0.577447
2 0.352649 0.586140 0.388667 0.586140 0.388667 0.577447 0.352649 0.577447
2 0.398344 0.586140 0.434362 0.586140 0.434362 0.577447 0.398344 0.577447
3 0.631490 0.577447 0.631490 0.848069 0.626014 0.848069 0.626014 0.586140
2 0.631490 0.629210 0.631490 0.686742 0.626014 0.686742 0.626014 0.629210
3 0.631490 0.733400 0.802677 0.733400 0.808153 0.742093 0.631490 0.742093
2 0.671625 0.733400 0.706293 0.733400 0.706293 0.742093 0.671625 0.742093
2 0.753338 0.733400 0.797007 0.733400 0.797007 0.742093 0.753338 0.742093
3 0.808153 0.742093 0.808153 0.848069 0.802677 0.848069 0.802677 0.742093
3 0.708778 0.742093 0.708778 0.848069 0.714254 0.848069 0.714254 0.742093
3 0.631490 0.498151 0.733858 0.498151 0.728382 0.506844 0.631490 0.506844
3 0.733858 0.498151 0.733858 0.577447 0.728382 0.586140 0.728382 0.506844
3 0.728382 0.586140 1.000000 0.586140 1.000000 0.577447 0.733858 0.577447
2 0.734157 0.586140 0.802413 0.586140 0.802413 0.577447 0.734157 0.577447
3 0.697049 0.249957 0.697049 0.294062 0.691573 0.294062 0.691573 0.249957
3 0.697049 0.368055 0.697049 0.506844 0.677275 0.506844 0.677275 0.368055
3 0.448072 0.251537 0.448072 0.492184 0.442596 0.483491 0.442596 0.251537
3 0.448072 0.492184 0.344848 0.492184 0.344848 0.483491 0.442596 0.483491
2 0.413508 0.492184 0.376271 0.492184 0.376271 0.483491 0.413508 0.483491
3 0.059873 0.359015 0.250037 0.359015 0.233798 0.350322 0.059873 0.350322
3 0.233798 0.350322 0.233798 0.227829 0.250037 0.227829 0.250037 0.359015
3 0.167946 0.165326 0.167946 0.359015 0.173422 0.359015 0.173422 0.165326
2 0.167946 0.265043 0.167946 0.311574 0.173422 0.311574 0.173422 0.265043
3 0.344868 0.227829 0.248733 0.227829 0.233798 0.264182 0.344868 0.264182
1 0.306306 0.227829 0.259576 0.227829 0.259576 0.264182 0.306306 0.264182
3 0.350324 0.586140 0.246742 0.586140 0.233798 0.577447 0.344848 0.577447
3 0.233798 0.586140 0.233798 0.442009 0.248225 0.450703 0.248225 0.577447
3 0.233798 0.442009 0.233798 0.359015 0.250052 0.359015 0.250052 0.442009
3 0.233798 0.442009 0.344848 0.442009 0.344848 0.450703 0.248225 0.450703
2 0.305385 0.442009 0.336674 0.442009 0.336674 0.450703 0.305385 0.450703
3 0.391001 0.586140 0.391001 0.848069 0.396477 0.848069 0.396477 0.586140
3 0.233798 0.577447 0.233798 0.767825 0.246742 0.767825 0.246742 0.586140
2 0.233798 0.588756 0.233798 0.652926 0.246742 0.652926 0.246742 0.588756
3 0.246742 0.767825 0.246742 0.848069 0.228820 0.876519 0.228820 0.791533
3 0.246742 0.848069 0.982078 0.848069 1.000000 0.876519 0.228820 0.876519
2 0.752377 0.848069 0.798286 0.848069 0.798286 0.876519 0.752377 0.876519
1 0.862287 0.848069 0.953195 0.848069 0.953195 0.876519 0.862287 0.876519
1 0.638649 0.848069 0.683015 0.848069 0.683015 0.876519 0.638649 0.876519
1 0.534888 0.848069 0.609019 0.848069 0.609019 0.876519 0.534888 0.876519
1 0.402063 0.848069 0.474651 0.848069 0.474651 0.876519 0.402063 0.876519
1 0.276960 0.848069 0.350110 0.848069 0.350110 0.876519 0.276960 0.876519
3 0.246742 0.767825 0.059873 0.767825 0.044939 0.791533 0.228820 0.791533
2 0.212233 0.767825 0.172919 0.767825 0.172919 0.791533 0.212233 0.791533
1 0.167722 0.767825 0.089658 0.767825 0.089658 0.791533 0.167722 0.791533
3 0.044939 0.791533 0.044939 0.139247 0.059873 0.165326 0.059873 0.767825
2 0.044939 0.325902 0.044939 0.267161 0.059873 0.267161 0.059873 0.325902
1 0.044939 0.569157 0.044939 0.499518 0.059873 0.499518 0.059873 0.569157
1 0.044939 0.453413 0.044939 0.381854 0.059873 0.381854 0.059873 0.453413
3 0.476229 0.251537 0.489844 0.251537 0.483641 0.227829 0.476229 0.227829
3 0.489844 0.251537 0.519878 0.203694 0.513680 0.179985 0.483641 0.227829
1 0.495619 0.242330 0.516194 0.209558 0.505620 0.192820 0.485040 0.225600
3 0.519878 0.203694 0.594621 0.203694 0.600775 0.179985 0.513680 0.179985
1 0.526265 0.203694 0.587672 0.203694 0.587672 0.179985 0.526265 0.179985
3 0.594621 0.203694 0.623993 0.249957 0.630146 0.226248 0.600775 0.179985
1 0.596882 0.207250 0.617447 0.239643 0.627971 0.222818 0.607401 0.190425
3 0.802677 0.733400 0.802677 0.586140 0.808153 0.586140 0.808153 0.742093
2 0.802677 0.694843 0.802677 0.636014 0.808153 0.636014 0.808153 0.694843
