0 0.030564 0.168093 0.030564 0.039708 0.488041 0.039708 0.488041 0.168093 0.030564 0.168093 0.030564 0.168093
0 0.486061 0.522896 0.322285 0.522896 0.316622 0.355631 0.486061 0.355475
0 0.486061 0.355475 0.316747 0.355631 0.316747 0.183613 0.486061 0.183613
0 0.316747 0.528808 0.229763 0.527899 0.229763 0.519770 0.036102 0.519770 0.036102 0.183613 0.316747 0.183613
0 0.316747 0.528808 0.486061 0.530626 0.486061 0.677657 0.340263 0.677657 0.340263 0.684309 0.382180 0.684309 0.382180 0.801120 0.229763 0.801120 0.229763 0.676179 0.205534 0.676179 0.205534 0.601507 0.151565 0.601507 0.151565 0.676179 0.036102 0.676179 0.036102 0.527899 0.229659 0.527899
0 0.486061 0.530626 0.316885 0.528808 0.486061 0.528808
0 0.141970 0.749802 0.135740 0.749802 0.135740 0.801120 0.036102 0.801120 0.036102 0.684309 0.141970 0.684309
0 0.222148 0.801120 0.141970 0.801120 0.141970 0.684309 0.222148 0.684309
0 0.486061 0.942882 0.340263 0.942882 0.340263 0.807772 0.486061 0.807772
0 0.135740 0.942882 0.036102 0.942882 0.036102 0.807772 0.135740 0.807772
0 0.486061 0.801120 0.389795 0.801120 0.389795 0.684309 0.486061 0.684309
0 0.222148 0.942882 0.145598 0.942882 0.145598 0.813019 0.222148 0.813019
0 0.334033 0.911465 0.229763 0.911465 0.229763 0.807772 0.334033 0.807772
0 0.197919 0.676179 0.159180 0.676179 0.159180 0.609637 0.197919 0.609637
3 0.036102 0.183613 0.486061 0.183613 0.498522 0.168093 0.013949 0.168093
2 0.258077 0.183613 0.318976 0.183613 0.318976 0.168093 0.258077 0.168093
1 0.114750 0.183613 0.247312 0.183613 0.247312 0.168093 0.114750 0.168093
1 0.324355 0.183613 0.441105 0.183613 0.441105 0.168093 0.324355 0.168093
3 0.486061 0.183613 0.486061 0.942882 0.498522 0.962097 0.498522 0.168093
3 0.486061 0.942882 0.340263 0.942882 0.322264 0.962097 0.498522 0.962097
1 0.415935 0.942882 0.352585 0.942882 0.352585 0.962097 0.415935 0.962097
3 0.340263 0.942882 0.340263 0.911465 0.322264 0.925507 0.322264 0.962097
3 0.340263 0.911465 0.222148 0.911465 0.241532 0.925507 0.322264 0.925507
2 0.308218 0.911465 0.249181 0.911465 0.249181 0.925507 0.308218 0.925507
3 0.222148 0.911465 0.222148 0.942882 0.241532 0.963575 0.241532 0.925507
3 0.222148 0.942882 0.036102 0.942882 0.013949 0.963575 0.241532 0.963575
1 0.214762 0.942882 0.148076 0.942882 0.148076 0.963575 0.214762 0.963575
3 0.036102 0.942882 0.036102 0.183613 0.013949 0.168093 0.013949 0.963575
3 0.013949 0.684309 0.222148 0.684309 0.229763 0.676179 0.013949 0.676179
3 0.222148 0.684309 0.222148 0.911465 0.229763 0.911465 0.229763 0.676179
2 0.222148 0.850303 0.222148 0.907445 0.229763 0.907445 0.229763 0.850303
2 0.222148 0.689238 0.222148 0.741665 0.229763 0.741665 0.229763 0.689238
3 0.135740 0.749802 0.135740 0.807772 0.141970 0.807772 0.141970 0.749802
3 0.135740 0.807772 0.135740 0.963575 0.145598 0.963575 0.145598 0.807772
3 0.013949 0.807772 0.141970 0.807772 0.141970 0.801120 0.013949 0.801120
2 0.084000 0.807772 0.129890 0.807772 0.129890 0.801120 0.084000 0.801120
3 0.135740 0.813019 0.229763 0.813019 0.229763 0.801120 0.141970 0.801120
3 0.229763 0.801120 0.498522 0.801120 0.498522 0.807772 0.229763 0.807772
2 0.250331 0.801120 0.307906 0.801120 0.307906 0.807772 0.250331 0.807772
3 0.340263 0.911465 0.340263 0.801120 0.334033 0.801120 0.334033 0.911465
2 0.340263 0.905235 0.340263 0.849815 0.334033 0.849815 0.334033 0.905235
3 0.340263 0.684309 0.498522 0.684309 0.498522 0.677657 0.340263 0.677657
2 0.393657 0.684309 0.438689 0.684309 0.438689 0.677657 0.393657 0.677657
3 0.382180 0.677657 0.382180 0.807772 0.389795 0.807772 0.389795 0.677657
3 0.036102 0.527899 0.229763 0.527899 0.229763 0.519770 0.036102 0.519770
3 0.205534 0.676179 0.205534 0.601507 0.197919 0.609637 0.197919 0.676179
2 0.205534 0.672706 0.205534 0.623405 0.197919 0.623405 0.197919 0.672706
3 0.205534 0.601507 0.151565 0.601507 0.159180 0.609637 0.197919 0.609637
3 0.159180 0.609637 0.159180 0.676179 0.151565 0.676179 0.151565 0.601507
3 0.316747 0.355631 0.316747 0.528808 0.322285 0.522896 0.322285 0.355631
3 0.322285 0.522896 0.498522 0.522896 0.498522 0.528808 0.316747 0.528808
2 0.376316 0.522896 0.434737 0.522896 0.434737 0.528808 0.376316 0.528808
3 0.013949 0.168093 0.013949 0.039708 0.030564 0.039708 0.030564 0.168093
3 0.488041 0.168093 0.488041 0.039708 0.493676 0.039708 0.493676 0.168093
0 0.539206 0.164021 0.539206 0.040736 0.988924 0.040736 0.988924 0.164021 0.539206 0.164021 0.539206 0.164021
0 0.813178 0.507073 0.546129 0.507073 0.546129 0.181019 0.813178 0.181019
0 0.883637 0.662684 0.546129 0.662684 0.546129 0.514464 0.883637 0.514464
0 0.988924 0.942084 0.796155 0.942084 0.796155 0.669336 0.890560 0.669336 0.890560 0.624366 0.988924 0.624366
0 0.789925 0.942084 0.546129 0.942084 0.546129 0.669336 0.789925 0.669336
0 0.988924 0.507073 0.820101 0.507073 0.820101 0.181019 0.988924 0.181019
0 0.988924 0.617714 0.890560 0.617714 0.890560 0.514464 0.988924 0.514464
3 0.546129 0.181019 0.988924 0.181019 1.000000 0.164021 0.526746 0.164021
2 0.749995 0.181019 0.809364 0.181019 0.809364 0.164021 0.749995 0.164021
1 0.613764 0.181019 0.746838 0.181019 0.746838 0.164021 0.613764 0.164021
1 0.832381 0.181019 0.957086 0.181019 0.957086 0.164021 0.832381 0.164021
3 0.988924 0.181019 0.988924 0.942084 1.000000 0.960560 1.000000 0.164021
3 0.988924 0.942084 0.546129 0.942084 0.526746 0.960560 1.000000 0.960560
1 0.738434 0.942084 0.608495 0.942084 0.608495 0.960560 0.738434 0.960560
1 0.937634 0.942084 0.830678 0.942084 0.830678 0.960560 0.937634 0.960560
3 0.546129 0.942084 0.546129 0.181019 0.526746 0.164021 0.526746 0.960560
3 0.526746 0.514464 1.000000 0.514464 1.000000 0.507073 0.526746 0.507073
2 0.748423 0.514464 0.807896 0.514464 0.807896 0.507073 0.748423 0.507073
2 0.825306 0.514464 0.880009 0.514464 0.880009 0.507073 0.825306 0.507073
3 0.813178 0.164021 0.813178 0.514464 0.820101 0.514464 0.820101 0.164021
3 0.883637 0.507073 0.883637 0.662684 0.890560 0.669336 0.890560 0.507073
2 0.883637 0.559464 0.883637 0.610871 0.890560 0.610871 0.890560 0.559464
3 0.883637 0.662684 0.526746 0.662684 0.526746 0.669336 0.890560 0.669336
2 0.785647 0.662684 0.731740 0.662684 0.731740 0.669336 0.785647 0.669336
2 0.854209 0.662684 0.800330 0.662684 0.800330 0.669336 0.854209 0.669336
3 0.789925 0.662684 0.789925 0.960560 0.796155 0.960560 0.796155 0.662684
3 0.890560 0.624366 0.988924 0.624366 0.988924 0.617714 0.890560 0.617714
3 0.526746 0.181019 0.526746 0.031128 0.539206 0.031128 0.539206 0.164021
3 0.988924 0.164021 0.988924 0.031128 0.996165 0.031128 0.996165 0.164021
