0 0.798238 0.679898 0.651923 0.679898 0.651923 0.605173 0.798238 0.605173
0 0.980044 0.679898 0.809214 0.679898 0.809214 0.639338 0.847129 0.639338 0.847129 0.605173 0.980044 0.605173
0 0.426593 0.579100 0.312396 0.579100 0.237952 0.531612 0.237952 0.476683 0.426593 0.476683 0.427052 0.476552
0 0.980044 0.896669 0.651923 0.896669 0.651923 0.686467 0.980044 0.686467
0 0.222985 0.538091 0.296631 0.585072 0.432230 0.585072 0.432230 0.682185 0.069256 0.682185 0.069256 0.585072 0.130171 0.585072 0.130171 0.577905 0.080531 0.577905 0.080531 0.476683 0.222985 0.476683
0 0.432230 0.896669 0.069256 0.896669 0.069256 0.688754 0.432230 0.688754
0 0.433228 0.469517 0.069256 0.469517 0.069256 0.224158 0.433228 0.224158
0 0.640947 0.896669 0.444204 0.896669 0.444204 0.598604 0.640947 0.598604
0 0.980044 0.598604 0.444204 0.598604 0.444204 0.224158 0.980044 0.224158
0 0.992018 0.203257 0.992018 0.047488 0.036329 0.047488 0.036329 0.203257 0.992018 0.203257
0 0.421105 0.916377 0.421105 0.999612 0.644938 0.999612 0.644938 0.916377 0.421105 0.916377
3 0.069256 0.224158 0.980044 0.224158 1.000000 0.203257 0.036329 0.203257
2 0.671250 0.224158 0.761300 0.224158 0.761300 0.203257 0.671250 0.203257
1 0.189410 0.224158 0.352637 0.224158 0.352637 0.203257 0.189410 0.203257
1 0.479376 0.224158 0.636357 0.224158 0.636357 0.203257 0.479376 0.203257
1 0.777983 0.224158 0.938806 0.224158 0.938806 0.203257 0.777983 0.203257
3 0.980044 0.224158 0.980044 0.896669 1.000000 0.916377 1.000000 0.203257
3 0.980044 0.896669 0.444204 0.896669 0.444204 0.916377 1.000000 0.916377
2 0.551007 0.896669 0.454591 0.896669 0.454591 0.916377 0.551007 0.916377
1 0.885025 0.896669 0.724881 0.896669 0.724881 0.916377 0.885025 0.916377
3 0.444204 0.896669 0.069256 0.896669 0.036329 0.916377 0.444204 0.916377
1 0.354972 0.896669 0.198130 0.896669 0.198130 0.916377 0.354972 0.916377
3 0.069256 0.469517 0.069256 0.224158 0.036329 0.203257 0.036329 0.469517
1 0.069256 0.464327 0.069256 0.366061 0.036329 0.366061 0.036329 0.464327
1 0.069256 0.258885 0.069256 0.239345 0.036329 0.239345 0.036329 0.258885
3 0.444204 0.916377 0.444204 0.585072 0.432230 0.585072 0.432230 0.916377
2 0.444204 0.741092 0.444204 0.693777 0.432230 0.693777 0.432230 0.741092
2 0.444204 0.636220 0.444204 0.588171 0.432230 0.588171 0.432230 0.636220
3 0.444204 0.585072 0.444204 0.469517 0.426593 0.469517 0.426593 0.585072
3 0.444204 0.585072 0.296631 0.585072 0.312396 0.579100 0.444204 0.579100
3 0.296631 0.585072 0.222985 0.538091 0.237952 0.531612 0.312396 0.579100
2 0.287791 0.579434 0.230788 0.543066 0.244158 0.535565 0.301161 0.571934
3 0.444204 0.469517 0.222985 0.469517 0.222985 0.476683 0.426593 0.476683
3 0.222985 0.469517 0.069256 0.469517 0.036329 0.476683 0.222985 0.476683
3 0.222985 0.538091 0.222985 0.469517 0.237952 0.469517 0.237952 0.531612
3 0.069256 0.896669 0.069256 0.585072 0.036329 0.585072 0.036329 0.916377
1 0.069256 0.883251 0.069256 0.864571 0.036329 0.864571 0.036329 0.883251
1 0.069256 0.643906 0.069256 0.624653 0.036329 0.624653 0.036329 0.643906
3 0.080531 0.585072 0.080531 0.469517 0.036329 0.469517 0.036329 0.585072
3 0.130171 0.585072 0.036329 0.585072 0.036329 0.577905 0.130171 0.577905
3 0.444204 0.688754 0.036329 0.688754 0.036329 0.682185 0.444204 0.682185
3 0.444204 0.469517 0.444204 0.209826 0.433228 0.203257 0.433228 0.469517
2 0.444204 0.463509 0.444204 0.393687 0.433228 0.393687 0.433228 0.463509
3 1.000000 0.605173 0.651923 0.605173 0.640947 0.598604 1.000000 0.598604
3 0.651923 0.605173 0.651923 0.916377 0.640947 0.916377 0.640947 0.598604
2 0.651923 0.689835 0.651923 0.739515 0.640947 0.739515 0.640947 0.689835
2 0.651923 0.628385 0.651923 0.675784 0.640947 0.675784 0.640947 0.628385
3 0.640947 0.686467 1.000000 0.686467 1.000000 0.679898 0.640947 0.679898
2 0.853076 0.686467 0.934096 0.686467 0.934096 0.679898 0.853076 0.679898
3 0.809214 0.686467 0.809214 0.598604 0.798238 0.598604 0.798238 0.686467
3 0.809214 0.605173 0.809214 0.639338 0.847129 0.639338 0.847129 0.605173
3 1.000000 0.203257 1.000000 0.047488 0.992018 0.047488 0.992018 0.203257
3 0.447337 0.209826 0.447337 0.118600 0.439355 0.118600 0.439355 0.203257
1 0.447337 0.202815 0.447337 0.126537 0.439355 0.126537 0.439355 0.202815
3 0.746134 0.523168 0.746134 0.375168 0.735158 0.375168 0.735158 0.523168
