0 0.109563 0.009016 0.109563 0.069073 0.273883 0.069073 0.273883 0.008882 0.109563 0.009016 0.109563 0.009016
0 0.280268 1.000000 0.378622 1.000000 0.378622 0.960994 0.260712 0.960994 0.260712 1.000000 0.280268 1.000000 0.280268 1.000000
0 0.470334 0.864130 0.358715 0.864130 0.358715 0.904845 0.244353 0.904845 0.244353 0.808264 0.282373 0.808264 0.282373 0.804432 0.470334 0.804432
0 0.470334 0.804432 0.244353 0.804432 0.244353 0.623552 0.470334 0.623552
0 0.244353 0.716389 0.084312 0.716389 0.084312 0.623552 0.244353 0.623552
0 0.244353 0.804432 0.238087 0.804432 0.238087 0.827392 0.084312 0.827392 0.084312 0.716389 0.244353 0.716389
0 0.255925 0.611306 0.255925 0.522572 0.473254 0.522572 0.473216 0.611306 0.255925 0.611306 0.255925 0.611306
0 0.244353 0.716178 0.244353 0.763805 0.238087 0.763805 0.238087 0.716178
0 0.301258 0.290535 0.083560 0.290535 0.083560 0.077963 0.301258 0.077963
0 0.238087 0.948966 0.084312 0.948966 0.084312 0.831223 0.238087 0.831223
0 0.470334 0.948966 0.364981 0.948966 0.364981 0.869095 0.470334 0.869095
0 0.349210 0.948966 0.244353 0.948966 0.244353 0.908676 0.349210 0.908676
3 0.084312 0.623552 0.470334 0.623552 0.484789 0.611306 0.072890 0.611306
1 0.131349 0.623552 0.226082 0.623552 0.226082 0.611306 0.131349 0.611306
1 0.324310 0.623552 0.438422 0.623552 0.438422 0.611306 0.324310 0.611306
2 0.260531 0.623552 0.310049 0.623552 0.310049 0.611306 0.260531 0.611306
3 0.470334 0.623552 0.470334 0.948966 0.484789 0.961170 0.484789 0.611306
3 0.470334 0.948966 0.084312 0.948966 0.072890 0.961170 0.484789 0.961170
1 0.199020 0.948966 0.121688 0.948966 0.121688 0.961170 0.199020 0.961170
2 0.341121 0.948966 0.283733 0.948966 0.283733 0.961170 0.341121 0.961170
1 0.446875 0.948966 0.408346 0.948966 0.408346 0.961170 0.446875 0.961170
3 0.084312 0.948966 0.084312 0.623552 0.072890 0.611306 0.072890 0.961170
3 0.084312 0.611306 0.084312 0.412680 0.074914 0.412680 0.074914 0.611306
3 0.473216 0.611306 0.473216 0.412930 0.482615 0.412930 0.482615 0.611306
3 0.074162 0.298654 0.074162 0.069135 0.083560 0.077963 0.083560 0.290535
3 0.074162 0.069135 0.314824 0.069135 0.301258 0.077963 0.083560 0.077963
2 0.111750 0.069135 0.270832 0.069135 0.270832 0.077963 0.111750 0.077963
3 0.314824 0.069135 0.314824 0.298654 0.301258 0.290535 0.301258 0.077963
1 0.314824 0.161328 0.314824 0.183938 0.301258 0.183938 0.301258 0.161328
3 0.314824 0.298654 0.074162 0.298654 0.083560 0.290535 0.301258 0.290535
3 0.238087 0.716178 0.238087 0.763805 0.244353 0.763805 0.244353 0.716178
3 0.282373 0.804432 0.238087 0.804432 0.244353 0.808264 0.282373 0.808264
3 0.238087 0.804432 0.238087 0.961170 0.244353 0.961170 0.244353 0.808264
2 0.238087 0.870762 0.238087 0.901369 0.244353 0.901369 0.244353 0.870762
3 0.072890 0.831223 0.244353 0.831223 0.244353 0.827392 0.072890 0.827392
3 0.238087 0.908676 0.349210 0.908676 0.364981 0.904845 0.238087 0.904845
2 0.283846 0.908676 0.341303 0.908676 0.341303 0.904845 0.283846 0.904845
3 0.364981 0.908676 0.364981 0.869095 0.358715 0.864130 0.358715 0.908676
2 0.364981 0.902274 0.364981 0.871306 0.358715 0.871306 0.358715 0.902274
3 0.364981 0.869095 0.484789 0.869095 0.484789 0.864130 0.358715 0.864130
3 0.364981 0.904845 0.364981 0.948966 0.349210 0.948966 0.349210 0.908676
0 0.708239 0.525737 0.708239 0.612375 0.934853 0.612375 0.934853 0.525737 0.724837 0.525737 0.708953 0.525737 0.708239 0.525737
0 0.705507 0.950311 0.539727 0.950311 0.539727 0.789067 0.705507 0.789067
0 0.705507 0.785236 0.539727 0.785236 0.539727 0.624502 0.705507 0.624502
0 0.929652 0.747517 0.711773 0.747517 0.711773 0.624502 0.929652 0.624502
0 0.807971 0.794984 0.929652 0.794984 0.929652 0.866134 0.829206 0.866134 0.829206 0.826116 0.711773 0.826116 0.711773 0.751349 0.807971 0.751349
0 0.821975 0.947326 0.711773 0.947326 0.711773 0.830894 0.821975 0.830894
0 0.920868 0.947326 0.829870 0.947326 0.829870 0.870908 0.920868 0.870908
0 0.929652 0.791152 0.814237 0.791152 0.814237 0.751349 0.929652 0.751349
3 0.539727 0.624502 0.941119 0.624502 0.934853 0.612375 0.526293 0.612375
1 0.588105 0.624502 0.685763 0.624502 0.685763 0.612375 0.588105 0.612375
2 0.720325 0.624502 0.770439 0.624502 0.770439 0.612375 0.720325 0.612375
1 0.783553 0.624502 0.898054 0.624502 0.898054 0.612375 0.783553 0.612375
3 0.539727 0.950311 0.539727 0.624502 0.526293 0.612375 0.526293 0.961277
3 0.941119 0.624502 0.941119 0.525737 0.934853 0.525737 0.934853 0.612375
3 0.705507 0.624502 0.705507 0.961277 0.711773 0.961277 0.711773 0.624502
2 0.705507 0.791723 0.705507 0.822752 0.711773 0.822752 0.711773 0.791723
2 0.705507 0.753004 0.705507 0.783761 0.711773 0.783761 0.711773 0.753004
3 0.526293 0.789067 0.711773 0.789067 0.711773 0.785236 0.526293 0.785236
3 0.705507 0.751349 0.941119 0.751349 0.941119 0.747517 0.705507 0.747517
2 0.755050 0.751349 0.805565 0.751349 0.805565 0.747517 0.755050 0.747517
2 0.854920 0.751349 0.892966 0.751349 0.892966 0.747517 0.854920 0.747517
3 0.807971 0.747517 0.807971 0.794984 0.814237 0.791152 0.814237 0.747517
3 0.807971 0.794984 0.941119 0.794984 0.941119 0.791152 0.814237 0.791152
3 0.705507 0.830894 0.821975 0.830894 0.829206 0.826116 0.705507 0.826116
2 0.756842 0.830894 0.806912 0.830894 0.806912 0.826116 0.756842 0.826116
3 0.821975 0.830894 0.821975 0.870908 0.829206 0.870908 0.829206 0.826116
3 0.821975 0.870908 0.941119 0.870908 0.941119 0.866134 0.829206 0.866134
3 0.821975 0.870908 0.821975 0.961277 0.829870 0.961277 0.829870 0.870908
2 0.821975 0.873690 0.821975 0.903894 0.829870 0.903894 0.829870 0.873690
3 0.920868 0.947326 0.705507 0.947326 0.705507 0.961277 0.941119 0.961277
1 0.749831 0.947326 0.712481 0.947326 0.712481 0.961277 0.749831 0.961277
1 0.905222 0.947326 0.863386 0.947326 0.863386 0.961277 0.905222 0.961277
3 0.705507 0.950311 0.539727 0.950311 0.526293 0.961277 0.705507 0.961277
1 0.653507 0.950311 0.575630 0.950311 0.575630 0.961277 0.653507 0.961277
3 0.929652 0.624502 0.929652 0.870908 0.941119 0.870908 0.941119 0.624502
3 0.920868 0.870908 0.920868 0.947326 0.941119 0.961277 0.941119 0.870908
