0 0.520516 0.828085 0.347910 0.828085 0.347910 0.759638 0.520516 0.759638
0 0.317450 0.828085 0.083877 0.828085 0.083877 0.743393 0.317404 0.743393
0 0.332657 0.991843 0.059472 0.991843 0.059472 0.850048 0.332657 0.850048
0 0.275473 0.609391 0.329606 0.730843 0.068624 0.730843 0.068624 0.525169 0.275473 0.525169
0 0.971019 0.828085 0.535769 0.828085 0.535769 0.558156 0.971019 0.558156
0 0.587706 0.850048 0.352486 0.850048 0.352486 1.000000 0.587706 1.000000 0.587706 0.850048 0.587706 0.850048
0 0.971019 0.551749 0.370546 0.551749 0.370546 0.310836 0.971019 0.310836
0 0.370546 0.551749 0.290726 0.551749 0.290726 0.518894 0.068624 0.518894 0.068624 0.310836 0.370546 0.310836
0 0.980171 0.288873 0.059472 0.288873 0.059472 0.043780 0.520516 0.043780 0.520516 0.035623 0.980171 0.035623 0.980171 0.288873 0.980171 0.288873
0 0.290726 0.551749 0.520516 0.551881 0.520516 0.753319 0.347910 0.753363 0.347910 0.737086 0.304225 0.639172 0.317221 0.639367 0.317221 0.608770 0.290726 0.608770 0.290726 0.551749 0.290726 0.551749
3 0.039643 0.288873 1.000000 0.288873 0.971019 0.310836 0.068624 0.310836
2 0.178691 0.288873 0.306178 0.288873 0.306178 0.310836 0.178691 0.310836
1 0.316153 0.288873 0.477761 0.288873 0.477761 0.310836 0.316153 0.310836
1 0.571675 0.288873 0.854484 0.288873 0.854484 0.310836 0.571675 0.310836
3 1.000000 0.850048 0.059472 0.850048 0.039643 0.828085 0.971019 0.828085
2 0.499420 0.850048 0.357169 0.850048 0.357169 0.828085 0.499420 0.828085
1 0.905735 0.850048 0.586547 0.850048 0.586547 0.828085 0.905735 0.828085
3 0.039643 0.850048 0.039643 0.288873 0.068624 0.310836 0.068624 0.850048
3 1.000000 0.288873 1.000000 0.850048 0.971019 0.828085 0.971019 0.310836
3 0.971019 0.551881 0.520516 0.551881 0.535769 0.558156 0.971019 0.558156
3 0.520516 0.551881 0.520516 0.850048 0.535769 0.850048 0.535769 0.558156
2 0.520516 0.598705 0.520516 0.650291 0.535769 0.650291 0.535769 0.598705
3 0.068624 0.518894 0.290726 0.518894 0.275473 0.525169 0.068624 0.525169
3 0.290726 0.518894 0.290726 0.608820 0.275473 0.609391 0.275473 0.525169
3 0.535769 0.753363 0.347910 0.753363 0.332657 0.759638 0.535769 0.759638
2 0.508771 0.753363 0.362508 0.753363 0.362508 0.759638 0.508771 0.759638
3 0.347910 0.753363 0.347910 0.850048 0.332657 0.850048 0.332657 0.753363
3 0.332657 0.759638 0.332657 0.737657 0.347910 0.737086 0.347910 0.753363
3 0.275473 0.609391 0.332657 0.737657 0.347910 0.737086 0.290726 0.608820
2 0.294280 0.651590 0.317145 0.702869 0.332154 0.701739 0.309289 0.650454
3 0.068624 0.850048 0.068624 0.737086 0.083877 0.737086 0.083877 0.850048
3 0.332703 0.828085 0.332642 0.730843 0.317404 0.743393 0.317450 0.828085
3 0.317404 0.743393 0.068624 0.743393 0.068624 0.730843 0.332642 0.730843
2 0.310906 0.743393 0.210708 0.743393 0.210708 0.730843 0.310906 0.730843
3 0.039643 0.828085 0.039643 1.000000 0.059472 0.991843 0.059472 0.850048
3 0.059472 0.991843 0.332657 0.991843 0.352486 1.000000 0.039643 1.000000
1 0.197529 0.991843 0.320882 0.991843 0.320882 1.000000 0.197529 1.000000
3 0.332657 0.991843 0.332657 0.850048 0.352486 0.850048 0.352486 1.000000
2 0.332657 0.961328 0.332657 0.903862 0.352486 0.903862 0.352486 0.961328
3 0.973856 0.850048 0.973856 0.979368 0.990635 0.979368 0.990635 0.850048
3 0.290726 0.608770 0.317221 0.608770 0.317221 0.639367 0.290726 0.639367
