0 0.452047 0.028738 0.452047 0.190567 0.926414 0.190433 0.926592 0.028738 0.452047 0.028738 0.452047 0.028738
0 0.509525 0.824486 0.417734 0.824211 0.417734 0.886093 0.378052 0.886093 0.378052 0.926518 0.038128 0.926518 0.038128 0.825250 0.284885 0.825250 0.284885 0.730714 0.509525 0.730714
0 0.926592 0.926518 0.417734 0.926518 0.417734 0.824211 0.509525 0.824486 0.509525 0.730714 0.926592 0.730714
0 0.926592 0.730714 0.284885 0.730714 0.284885 0.420239 0.926592 0.420239
0 0.558991 0.212299 0.558991 0.413534 0.038128 0.413534 0.038128 0.212299
0 0.926592 0.212299 0.926592 0.413534 0.572618 0.413534 0.572618 0.212299
0 0.271258 0.757267 0.102693 0.757267 0.102693 0.716647 0.038128 0.716647 0.038128 0.527327 0.271258 0.527327
0 0.271258 0.520622 0.045909 0.520622 0.045909 0.421030 0.271258 0.421030
0 0.271258 0.818545 0.038128 0.818545 0.038128 0.764602 0.102693 0.764602 0.102693 0.763972 0.271258 0.763972
3 0.008149 0.939929 1.000000 0.939929 0.926592 0.926518 0.038128 0.926518
2 0.042966 0.939929 0.165050 0.939929 0.165050 0.926518 0.042966 0.926518
3 1.000000 0.939929 1.000000 0.190433 0.926592 0.190433 0.926592 0.926518
1 1.000000 0.599220 1.000000 0.492641 0.926592 0.492641 0.926592 0.599220
1 1.000000 0.841115 1.000000 0.732451 0.926592 0.732451 0.926592 0.841115
3 0.378052 0.939929 0.378052 0.886093 0.417734 0.886093 0.417734 0.939929
3 0.605077 0.731693 0.427982 0.731693 0.427982 0.738097 0.605077 0.738097
3 0.523152 0.824486 0.523152 0.731693 0.509525 0.731693 0.509525 0.824486
3 0.008149 0.825250 0.284885 0.825250 0.271258 0.818545 0.008149 0.818545
2 0.113989 0.825250 0.208342 0.825250 0.208342 0.818545 0.113989 0.818545
3 0.284885 0.413534 0.045909 0.413534 0.045909 0.421030 0.284885 0.421030
3 0.284885 0.757267 0.008149 0.757267 0.008149 0.763972 0.284885 0.763972
3 0.038128 0.764602 0.038128 0.716647 0.102693 0.716647 0.102693 0.764602
3 0.008149 0.520622 0.008149 0.939929 0.038128 0.926518 0.038128 0.520622
3 0.284885 0.825250 0.284885 0.520622 0.271258 0.527327 0.271258 0.818545
2 0.284885 0.698053 0.284885 0.645210 0.271258 0.645210 0.271258 0.698053
3 0.284885 0.520622 0.284885 0.413534 0.271258 0.413534 0.271258 0.520622
3 0.284885 0.520622 0.008149 0.520622 0.008149 0.527327 0.271258 0.527327
2 0.265794 0.520622 0.153603 0.520622 0.153603 0.527327 0.265794 0.527327
3 0.008149 0.182521 0.008149 0.413534 0.038128 0.413534 0.038128 0.212299
3 0.008149 0.413534 0.008149 0.520622 0.045909 0.520622 0.045909 0.413534
3 0.284885 0.413534 0.558991 0.413534 0.572618 0.420239 0.284885 0.420239
2 0.347991 0.413534 0.456257 0.413534 0.456257 0.420239 0.347991 0.420239
3 0.572618 0.420239 0.572618 0.212299 0.558991 0.212299 0.558991 0.413534
3 0.572618 0.420239 1.000000 0.420239 1.000000 0.413534 0.572618 0.413534
2 0.645795 0.420239 0.840428 0.420239 0.840428 0.413534 0.645795 0.413534
3 0.926592 0.182521 0.926592 0.028738 0.940219 0.022033 0.940219 0.182521
1 0.926592 0.182219 0.926592 0.029302 0.940219 0.029302 0.940219 0.182219
3 0.940219 0.022033 0.438420 0.022033 0.452047 0.028738 0.926592 0.028738
1 0.925733 0.022033 0.453396 0.022033 0.453396 0.028738 0.925733 0.028738
3 0.438420 0.022033 0.438420 0.212299 0.452047 0.212299 0.452047 0.028738
1 0.438420 0.029147 0.438420 0.181850 0.452047 0.181850 0.452047 0.029147
3 0.438420 0.182521 0.008149 0.182521 0.038128 0.212299 0.438420 0.212299
1 0.409776 0.182521 0.189728 0.182521 0.189728 0.212299 0.409776 0.212299
3 1.000000 0.190433 0.572618 0.190433 0.572618 0.212299 0.926592 0.212299
1 0.759375 0.190433 0.620953 0.190433 0.620953 0.212299 0.759375 0.212299
2 0.879742 0.190433 0.777404 0.190433 0.777404 0.212299 0.879742 0.212299
3 0.572618 0.190433 0.438420 0.190433 0.438420 0.212299 0.572618 0.212299
3 1.000000 0.190433 1.000000 0.182628 0.926414 0.182628 0.926414 0.190433
