0 0.387123 0.678491 0.351635 0.678491 0.351635 0.614070 0.387123 0.614070
0 0.298603 0.773770 0.258098 0.773770 0.258098 0.676779 0.298603 0.676779
0 0.253948 0.773770 0.212722 0.773770 0.212722 0.676779 0.253948 0.676779
0 0.387123 0.591243 0.387123 0.605660 0.347485 0.605660 0.347485 0.639498 0.302753 0.639498 0.302753 0.547024 0.387419 0.547024
0 0.347485 0.686901 0.387123 0.686901 0.387123 0.773770 0.302753 0.773770 0.302753 0.647908 0.347485 0.647908
0 0.474513 0.591243 0.393643 0.591243 0.394485 0.371098 0.387964 0.370996 0.474513 0.370996
0 0.218958 0.796598 0.218964 0.952309 0.330988 0.952309 0.330988 0.796598 0.218958 0.796598
0 0.485776 0.614070 0.398386 0.614070 0.398386 0.789389 0.485776 0.789389 0.485776 0.614070
0 0.115174 0.575306 0.026824 0.573684 0.026824 0.357546 0.086791 0.357546 0.086791 0.117854 0.211809 0.117854 0.211809 0.108243 0.520641 0.108243 0.520641 0.357780 0.485776 0.357780 0.484964 0.348457 0.399228 0.348169 0.399228 0.215771 0.203652 0.215771 0.203652 0.342312 0.115838 0.342312 0.115174 0.575306 0.115174 0.575306
0 0.212642 0.538776 0.207885 0.538776 0.207885 0.681999 0.126197 0.681999 0.127036 0.366341 0.215508 0.366341 0.215508 0.238598 0.217681 0.238598
0 0.387964 0.370996 0.387419 0.538614 0.298603 0.538614 0.298603 0.538776 0.212517 0.538242 0.217681 0.238598 0.387964 0.238598
0 0.298603 0.538776 0.298603 0.668369 0.212722 0.668369 0.212722 0.547186 0.231149 0.547186 0.231149 0.538776 0.212642 0.538776 0.212517 0.538242
3 0.115838 0.342312 0.203652 0.342312 0.215508 0.366341 0.127036 0.366341
1 0.134144 0.342312 0.190359 0.342312 0.190359 0.366341 0.134144 0.366341
3 0.203652 0.342312 0.203652 0.215771 0.215508 0.238598 0.215508 0.366341
1 0.203652 0.287184 0.203652 0.253274 0.215508 0.253274 0.215508 0.287184
3 0.203652 0.215771 0.399228 0.215771 0.387964 0.238598 0.215508 0.238598
1 0.237948 0.215771 0.291786 0.215771 0.291786 0.238598 0.237948 0.238598
1 0.310350 0.215771 0.366043 0.215771 0.366043 0.238598 0.310350 0.238598
3 0.399228 0.215771 0.399228 0.348169 0.387964 0.370996 0.387964 0.238598
2 0.399228 0.281279 0.399228 0.336209 0.387964 0.336209 0.387964 0.281279
3 0.399228 0.348169 0.485776 0.348169 0.474513 0.370996 0.387964 0.370996
3 0.485776 0.348169 0.485776 0.614070 0.474513 0.591243 0.474513 0.370996
1 0.485776 0.425836 0.485776 0.537539 0.474513 0.537539 0.474513 0.425836
3 0.485776 0.614070 0.398386 0.614070 0.387123 0.591243 0.474513 0.591243
3 0.398386 0.614070 0.398386 0.796598 0.387123 0.773770 0.387123 0.591243
2 0.398386 0.689868 0.398386 0.741434 0.387123 0.741434 0.387123 0.689868
3 0.398386 0.796598 0.201459 0.796598 0.212722 0.773770 0.387123 0.773770
2 0.290040 0.796598 0.259411 0.796598 0.259411 0.773770 0.290040 0.773770
1 0.322612 0.796598 0.303361 0.796598 0.303361 0.773770 0.322612 0.773770
1 0.247620 0.796598 0.228594 0.796598 0.228594 0.773770 0.247620 0.773770
3 0.201459 0.796598 0.201459 0.704826 0.212722 0.681999 0.212722 0.773770
3 0.201459 0.704826 0.114875 0.704826 0.126197 0.681999 0.212722 0.681999
1 0.150001 0.704826 0.136385 0.704826 0.136385 0.681999 0.150001 0.681999
1 0.191286 0.704826 0.177670 0.704826 0.177670 0.681999 0.191286 0.681999
3 0.114875 0.704826 0.115838 0.342312 0.127036 0.366341 0.126197 0.681999
2 0.115337 0.530126 0.115480 0.477299 0.126743 0.477425 0.126601 0.530246
1 0.115566 0.444794 0.115711 0.390285 0.126974 0.390405 0.126829 0.444920
3 0.387964 0.370996 0.387123 0.591243 0.393643 0.591345 0.394485 0.371098
2 0.387813 0.410547 0.387618 0.461560 0.394138 0.461662 0.394334 0.410649
3 0.393812 0.547024 0.302753 0.547024 0.298603 0.538614 0.393812 0.538614
3 0.302753 0.547024 0.302753 0.796598 0.298603 0.796598 0.298603 0.538614
2 0.302753 0.694031 0.302753 0.741998 0.298603 0.741998 0.298603 0.694031
2 0.302753 0.550736 0.302753 0.599136 0.298603 0.599136 0.298603 0.550736
3 0.387123 0.614070 0.351635 0.614070 0.347485 0.605660 0.387123 0.605660
3 0.351635 0.614070 0.351635 0.678491 0.347485 0.686901 0.347485 0.605660
3 0.351635 0.678491 0.387123 0.678491 0.387123 0.686901 0.347485 0.686901
2 0.354181 0.678491 0.373094 0.678491 0.373094 0.686901 0.354181 0.686901
3 0.351635 0.647908 0.298603 0.647908 0.298603 0.639498 0.351635 0.639498
3 0.212722 0.681999 0.212722 0.547186 0.207885 0.538776 0.207885 0.681999
3 0.212722 0.547186 0.231149 0.547186 0.231149 0.538776 0.207885 0.538776
3 0.207885 0.676779 0.302753 0.676779 0.302753 0.668369 0.207885 0.668369
2 0.233449 0.676779 0.253263 0.676779 0.253263 0.668369 0.233449 0.668369
2 0.259325 0.676779 0.288695 0.676779 0.288695 0.668369 0.259325 0.668369
3 0.253948 0.668369 0.253948 0.796598 0.258098 0.796598 0.258098 0.668369
3 0.348075 0.773770 0.348075 0.743903 0.350197 0.743903 0.350197 0.773770
0 0.901039 0.388051 0.901113 0.610682 0.901113 0.656090 0.837977 0.656090 0.837977 0.794507 0.728710 0.794507 0.728710 0.697708 0.728609 0.383407 0.728609 0.256602 0.901039 0.256602
0 0.723078 0.697708 0.643391 0.697708 0.643872 0.383587 0.722977 0.383413
0 0.988440 0.610682 0.901113 0.610682 0.910597 0.610670 0.910597 0.388051 0.988440 0.388051
0 0.901113 0.794507 0.842719 0.794507 0.842719 0.665702 0.901113 0.665702
0 0.534569 0.363187 0.632623 0.364460 0.632268 0.605227 0.534569 0.605233 0.534569 0.363187
3 1.000000 0.368828 1.000000 0.633509 0.988440 0.610682 0.988440 0.388051
1 1.000000 0.409112 1.000000 0.565334 0.988440 0.565334 0.988440 0.409112
3 1.000000 0.633509 0.912376 0.633509 0.901113 0.610682 0.988440 0.610682
3 0.912376 0.633509 0.912376 0.817334 0.901113 0.794507 0.901113 0.610682
3 0.912376 0.817334 0.717447 0.817334 0.728710 0.794507 0.901113 0.794507
1 0.764523 0.817334 0.744443 0.817334 0.744443 0.794507 0.764523 0.794507
1 0.804027 0.817334 0.779148 0.817334 0.779148 0.794507 0.804027 0.794507
1 0.838513 0.817334 0.818216 0.817334 0.818216 0.794507 0.838513 0.794507
3 0.717447 0.817334 0.717447 0.720535 0.728710 0.697708 0.728710 0.794507
3 0.717447 0.720535 0.632093 0.720535 0.643391 0.697708 0.728710 0.697708
1 0.665995 0.720535 0.652372 0.720535 0.652372 0.697708 0.665995 0.697708
1 0.707082 0.720535 0.693669 0.720535 0.693669 0.697708 0.707082 0.697708
3 0.632093 0.720535 0.632638 0.363187 0.643872 0.383587 0.643391 0.697708
2 0.632348 0.553151 0.632431 0.499261 0.643694 0.499333 0.643611 0.553223
1 0.632481 0.466546 0.632567 0.409484 0.643830 0.409556 0.643744 0.466618
3 0.837977 0.794507 0.837977 0.656090 0.842719 0.665702 0.842719 0.794507
3 0.837977 0.656090 0.901113 0.656090 0.901113 0.665702 0.842719 0.665702
2 0.845585 0.656090 0.867297 0.656090 0.867297 0.665702 0.845585 0.665702
3 1.000000 0.368828 0.910523 0.368828 0.901039 0.388051 0.988440 0.388051
3 0.901039 0.388051 0.901039 0.256602 0.910523 0.236178 0.910523 0.368828
3 0.901039 0.256602 0.728609 0.256602 0.718531 0.236178 0.910523 0.236178
1 0.806994 0.256602 0.751272 0.256602 0.751272 0.236178 0.806994 0.236178
1 0.881207 0.256602 0.825875 0.256602 0.825875 0.236178 0.881207 0.236178
3 0.728609 0.256602 0.728609 0.383407 0.718531 0.363001 0.718531 0.236178
3 0.718531 0.363001 0.632638 0.363187 0.643872 0.383587 0.728609 0.383407
1 0.704719 0.363031 0.648733 0.363157 0.648744 0.383581 0.704728 0.383455
3 0.728609 0.383407 0.728710 0.697708 0.723078 0.697714 0.722977 0.383413
2 0.728650 0.508963 0.728662 0.552689 0.723031 0.552695 0.723019 0.508969
3 0.901039 0.388051 0.901113 0.610682 0.910597 0.610670 0.910523 0.388039
2 0.901098 0.567629 0.901113 0.609228 0.910597 0.609216 0.910583 0.567617
