0 0.342364 0.884148 0.342364 1.000000 0.839480 1.000000 0.839480 0.884297 0.342364 0.884148 0.342364 0.884148
0 0.413847 0.175815 0.413847 0.003152 0.707183 0.003710 0.707183 0.175815 0.413847 0.175815 0.413847 0.175815
0 0.489515 0.660228 0.489515 0.767560 0.367941 0.767560 0.367941 0.484688 0.489191 0.484688
0 0.680769 0.484688 0.680769 0.492123 0.717613 0.492123 0.717613 0.862586 0.495625 0.862586 0.495625 0.640585 0.489515 0.640585 0.489191 0.484688
0 0.747229 0.484688 0.367941 0.484688 0.367941 0.197377 0.747229 0.197377
0 0.361831 0.597343 0.278336 0.597343 0.278336 0.471334 0.361831 0.471334
0 0.982281 0.455126 0.753339 0.455126 0.753339 0.197377 0.982281 0.197377
0 0.361831 0.463899 0.158039 0.463899 0.158039 0.197377 0.361831 0.197377
0 0.361831 0.862586 0.158039 0.862586 0.158039 0.604778 0.361831 0.604778
0 0.845963 0.744132 0.852073 0.744132 0.852073 0.696347 0.982549 0.696347 0.982549 0.862586 0.723723 0.862586 0.723723 0.696347 0.845963 0.696347
0 0.976781 0.688912 0.852073 0.688912 0.852073 0.547246 0.976781 0.547246
0 0.747229 0.547246 0.845963 0.547246 0.845963 0.613261 0.842908 0.613268 0.843000 0.685202 0.726778 0.685507 0.726778 0.610703 0.723723 0.610703 0.723723 0.599885 0.781593 0.599885 0.781593 0.592451 0.723723 0.592451 0.723723 0.547201 0.747229 0.547201
0 0.489515 0.862586 0.367941 0.862586 0.367941 0.774995 0.489515 0.774995
0 0.982281 0.539811 0.868705 0.539811 0.868705 0.462792 0.982281 0.462792
0 0.863383 0.539811 0.753339 0.539811 0.753339 0.462792 0.863383 0.462792
0 0.272226 0.530889 0.158039 0.530889 0.158039 0.471334 0.272226 0.471334
0 0.272226 0.597343 0.158039 0.597343 0.158039 0.538324 0.272226 0.538324
3 0.140320 0.175815 1.000000 0.175815 0.982281 0.197377 0.158039 0.197377
1 0.820252 0.175815 0.922737 0.175815 0.922737 0.197377 0.820252 0.197377
2 0.620987 0.175815 0.671072 0.175815 0.671072 0.197377 0.620987 0.197377
1 0.471698 0.175815 0.539685 0.175815 0.539685 0.197377 0.471698 0.197377
1 0.545790 0.175815 0.611969 0.175815 0.611969 0.197377 0.545790 0.197377
1 0.216917 0.175815 0.301316 0.175815 0.301316 0.197377 0.216917 0.197377
3 1.000000 0.884148 0.140320 0.884148 0.158039 0.862586 0.982549 0.862586
1 0.303387 0.884148 0.219416 0.884148 0.219416 0.862586 0.303387 0.862586
1 0.687820 0.884148 0.584381 0.884148 0.584381 0.862586 0.687820 0.862586
2 0.425749 0.884148 0.371015 0.884148 0.371015 0.862586 0.425749 0.862586
2 0.782088 0.884148 0.732369 0.884148 0.732369 0.862586 0.782088 0.862586
1 0.924845 0.884148 0.876276 0.884148 0.876276 0.862586 0.924845 0.862586
3 0.140320 0.884148 0.140320 0.175815 0.158039 0.197377 0.158039 0.862586
3 0.367941 0.604778 0.140320 0.604778 0.140320 0.597343 0.367941 0.597343
2 0.270729 0.604778 0.218194 0.604778 0.218194 0.597343 0.270729 0.597343
3 0.361831 0.471334 0.140320 0.471334 0.140320 0.463899 0.367941 0.463899
2 0.270552 0.471334 0.214521 0.471334 0.214521 0.463899 0.270552 0.463899
3 0.272226 0.604778 0.272226 0.463899 0.278336 0.463899 0.278336 0.604778
3 0.278336 0.538324 0.140320 0.538324 0.140320 0.530889 0.278336 0.530889
3 0.489515 0.884148 0.489515 0.640585 0.495625 0.640585 0.495625 0.884148
3 0.495625 0.774995 0.361831 0.774995 0.361831 0.767560 0.495625 0.767560
2 0.425639 0.774995 0.370373 0.774995 0.370373 0.767560 0.425639 0.767560
3 0.717613 0.884148 0.717613 0.484688 0.723723 0.547201 0.723723 0.884148
2 0.717613 0.808749 0.717613 0.747723 0.723723 0.747723 0.723723 0.808749
3 0.717613 0.484688 0.680769 0.484688 0.680769 0.492123 0.717613 0.492123
3 0.717613 0.696347 1.000000 0.696347 1.000000 0.688912 0.717613 0.688912
2 0.854792 0.696347 0.903887 0.696347 0.903887 0.688912 0.854792 0.688912
3 0.982281 0.539811 0.753339 0.539811 0.747229 0.547246 1.000000 0.547246
2 0.936332 0.539811 0.887616 0.539811 0.887616 0.547246 0.936332 0.547246
3 0.747229 0.547246 0.747229 0.175815 0.753339 0.175815 0.753339 0.539811
2 0.747229 0.404940 0.747229 0.344159 0.753339 0.344159 0.753339 0.404940
3 0.845963 0.539811 0.845963 0.744132 0.852073 0.744132 0.852073 0.539811
2 0.845963 0.553253 0.845963 0.607090 0.852073 0.607090 0.852073 0.553253
3 0.717613 0.484688 0.747229 0.484688 0.747229 0.547201 0.723723 0.547201
3 0.747229 0.462792 1.000000 0.462792 1.000000 0.455126 0.747229 0.455126
2 0.893219 0.462792 0.936662 0.462792 0.936662 0.455126 0.893219 0.455126
2 0.810029 0.462792 0.862399 0.462792 0.862399 0.455126 0.810029 0.455126
3 0.863383 0.547246 0.863383 0.455126 0.868705 0.455126 0.868705 0.547246
3 1.000000 0.175815 1.000000 0.547246 0.982281 0.547246 0.982281 0.197377
3 1.000000 0.547246 1.000000 0.696347 0.976781 0.696347 0.976781 0.547246
1 1.000000 0.599209 1.000000 0.635529 0.976781 0.635529 0.976781 0.599209
3 1.000000 0.696347 1.000000 0.884148 0.982549 0.862586 0.982549 0.696347
3 0.723723 0.610703 0.723723 0.689329 0.726778 0.685604 0.726778 0.610703
3 0.723723 0.689329 0.846055 0.688912 0.843000 0.685202 0.726778 0.685604
3 0.846055 0.688912 0.845963 0.613261 0.842908 0.613268 0.843000 0.685202
3 0.361831 0.884148 0.361831 0.471334 0.367941 0.463899 0.367941 0.884148
2 0.361831 0.669648 0.361831 0.607075 0.367941 0.607075 0.367941 0.669648
2 0.361831 0.594250 0.361831 0.533454 0.367941 0.533454 0.367941 0.594250
3 0.495625 0.536822 0.495625 0.493111 0.489515 0.485676 0.489515 0.536822
3 0.489515 0.485676 0.616264 0.485676 0.616264 0.493111 0.495625 0.493111
