0 0.575533 0.513313 0.575533 0.692550 0.240544 0.692550 0.240854 0.556158 0.240733 0.555975 0.288069 0.555975 0.288069 0.581157 0.350368 0.581157 0.350368 0.555454 0.424696 0.555257 0.424696 0.513172
0 0.942841 0.236261 0.953659 0.236261 0.953659 0.549012 0.937190 0.549012 0.937190 0.581171 0.953659 0.581171 0.953659 0.650177 0.757626 0.650177 0.757626 0.657921 0.839853 0.657921 0.839853 0.916274 0.546173 0.916274 0.546173 0.700569 0.575210 0.700569 0.575210 0.692754 0.240544 0.692754 0.240544 0.692550 0.575533 0.692550 0.575533 0.513313 0.424831 0.513172 0.564997 0.513172 0.565616 0.513122 0.565616 0.224568 0.942841 0.224568
0 0.240544 0.224082 0.550815 0.224568 0.550815 0.506787 0.412586 0.506787 0.412586 0.548921 0.240854 0.548921
0 0.531372 0.916274 0.219486 0.916274 0.219486 0.937661 0.087743 0.937661 0.087743 0.799361 0.531372 0.799361
0 0.225770 0.700569 0.531372 0.700569 0.531372 0.791617 0.087743 0.791617 0.087743 0.694324 0.225770 0.694324
3 0.240544 0.224082 0.240544 0.694324 0.208251 0.680244 0.208251 0.194916
3 0.240544 0.694324 0.087743 0.694324 0.039304 0.680244 0.208251 0.680244
3 0.039304 0.680244 0.039304 0.959485 0.087743 0.937661 0.087743 0.694324
3 0.039304 0.959485 0.254471 0.959485 0.219486 0.937661 0.087743 0.937661
3 0.254471 0.959485 0.254471 0.935985 0.219486 0.916274 0.219486 0.937661
3 0.219486 0.916274 0.839853 0.916274 0.869455 0.935985 0.254471 0.935985
2 0.559144 0.916274 0.681481 0.916274 0.681481 0.935985 0.559144 0.935985
3 0.869455 0.935985 0.869455 0.665665 0.839853 0.650177 0.839853 0.916274
3 0.839853 0.650177 0.953659 0.650177 0.983261 0.665665 0.869455 0.665665
3 0.983261 0.665665 0.983261 0.581171 0.953659 0.581171 0.953659 0.650177
3 1.000000 0.581171 1.000000 0.549012 0.937190 0.549012 0.937190 0.581171
3 0.983261 0.549012 0.983261 0.236261 0.953659 0.236261 0.953659 0.549012
3 0.995439 0.236261 0.995439 0.222850 0.942841 0.222850 0.942841 0.236261
3 0.983261 0.222850 0.983261 0.195451 0.953659 0.224568 0.953659 0.222850
3 0.983261 0.195451 0.208251 0.194916 0.240544 0.224082 0.953659 0.224568
1 0.289778 0.194972 0.247528 0.194944 0.247447 0.224082 0.289711 0.224110
1 0.519329 0.195127 0.360191 0.195021 0.360123 0.224160 0.519262 0.224272
1 0.918702 0.195401 0.763627 0.195296 0.763546 0.224434 0.918621 0.224540
1 0.763627 0.195296 0.716344 0.195268 0.716264 0.224406 0.763546 0.224434
1 0.716344 0.195268 0.565845 0.195162 0.565777 0.224301 0.716264 0.224406
3 0.225770 0.692754 0.575210 0.692754 0.575210 0.700569 0.225770 0.700569
3 0.546173 0.935985 0.546173 0.692754 0.531372 0.692754 0.531372 0.935985
2 0.546173 0.866705 0.546173 0.802430 0.531372 0.802430 0.531372 0.866705
2 0.546173 0.759916 0.546173 0.704497 0.531372 0.704497 0.531372 0.759916
3 0.039304 0.799361 0.546173 0.799361 0.546173 0.791617 0.039304 0.791617
3 0.839853 0.650177 0.757626 0.650177 0.757626 0.657921 0.839853 0.657921
3 0.240544 0.548921 0.288069 0.548921 0.288069 0.555975 0.240544 0.555975
3 0.288069 0.548921 0.350368 0.548921 0.350368 0.581157 0.288069 0.581157
3 0.350368 0.548921 0.412586 0.548921 0.424696 0.555257 0.350368 0.555257
3 0.424696 0.555257 0.424696 0.513122 0.412586 0.506787 0.412586 0.548921
3 0.412586 0.506787 0.550815 0.506787 0.565616 0.513122 0.424696 0.513122
3 0.565616 0.513122 0.565602 0.195162 0.550801 0.195162 0.550815 0.506787
2 0.565616 0.503210 0.565602 0.439681 0.550801 0.439681 0.550815 0.503210
