0 0.780331 0.915037 0.755103 0.915037 0.755103 0.844888 0.780331 0.844888
0 0.562440 0.658974 0.479875 0.658974 0.479875 0.615893 0.562440 0.615893
0 0.747916 0.915037 0.678485 0.915037 0.678485 0.844888 0.747916 0.844888
0 0.562440 0.608161 0.479875 0.608161 0.479875 0.461578 0.562440 0.461578
0 0.669990 0.658974 0.569627 0.658974 0.569627 0.461578 0.669990 0.461578
0 0.463540 0.924315 0.368116 0.924315 0.368116 0.673192 0.463540 0.673192
0 0.669990 0.915037 0.479875 0.915037 0.479875 0.668252 0.669990 0.668252
0 0.985625 0.915037 0.787519 0.915037 0.787519 0.652263 0.985625 0.652263
0 0.360275 0.934366 0.057572 0.934366 0.057572 0.668252 0.360275 0.668252
0 0.360275 0.668252 0.057572 0.668252 0.057572 0.401163 0.360275 0.401163
0 0.368116 0.658974 0.368116 0.410441 0.463540 0.410441 0.463540 0.663914 0.367855 0.663914 0.367855 0.657358 0.368116 0.658974
0 0.985625 0.643758 0.887078 0.643758 0.887078 0.559182 0.985625 0.559182
0 0.879891 0.643758 0.787519 0.643758 0.787519 0.559182 0.879891 0.559182
0 0.985625 0.449779 0.977497 0.449779 0.977497 0.471412 0.985625 0.471412 0.985625 0.550677 0.788237 0.550677 0.788237 0.164034 0.985625 0.164034
0 0.479222 0.144705 0.479222 0.012541 0.984318 0.012541 0.984318 0.144705 0.479222 0.144705
0 0.788237 0.453073 0.479875 0.453073 0.479875 0.164034 0.788237 0.164034
0 0.788237 0.550677 0.780331 0.550677 0.780331 0.836383 0.678485 0.836383 0.678485 0.453073 0.788237 0.453073
3 0.479875 0.934366 0.479875 0.164034 0.463540 0.144705 0.463540 0.924315
3 0.479875 0.164034 0.985625 0.164034 1.000000 0.144705 0.463540 0.144705
2 0.713096 0.164034 0.764930 0.164034 0.764930 0.144705 0.713096 0.144705
1 0.840869 0.164034 0.945610 0.164034 0.945610 0.144705 0.840869 0.144705
1 0.603532 0.164034 0.680765 0.164034 0.680765 0.144705 0.603532 0.144705
1 0.527711 0.164034 0.600710 0.164034 0.600710 0.144705 0.527711 0.144705
3 0.985625 0.164034 0.985625 0.915037 1.000000 0.934366 1.000000 0.144705
3 0.985625 0.915037 0.479875 0.915037 0.463540 0.934366 1.000000 0.934366
2 0.740656 0.915037 0.685189 0.915037 0.685189 0.934366 0.740656 0.934366
1 0.624298 0.915037 0.515714 0.915037 0.515714 0.934366 0.624298 0.934366
1 0.943827 0.915037 0.837321 0.915037 0.837321 0.934366 0.943827 0.934366
3 0.479875 0.934366 0.360275 0.934366 0.368116 0.924315 0.463540 0.924315
3 0.368116 0.924315 0.368116 0.410441 0.360275 0.401163 0.360275 0.934366
2 0.368116 0.754305 0.368116 0.707080 0.360275 0.707080 0.360275 0.754305
2 0.368116 0.626833 0.368116 0.578681 0.360275 0.578681 0.360275 0.626833
3 0.368116 0.410441 0.463540 0.410441 0.463540 0.401163 0.360275 0.401163
3 0.360275 0.673192 0.463540 0.673192 0.463540 0.663914 0.360275 0.663914
3 0.669990 0.915037 0.669990 0.461578 0.678485 0.453073 0.678485 0.915037
2 0.669990 0.725605 0.669990 0.672226 0.678485 0.672226 0.678485 0.725605
2 0.669990 0.654435 0.669990 0.607937 0.678485 0.607937 0.678485 0.654435
3 0.669990 0.461578 0.479875 0.461578 0.479875 0.453073 0.678485 0.453073
3 0.562440 0.658974 0.562440 0.461578 0.569627 0.461578 0.569627 0.668252
2 0.562440 0.597183 0.562440 0.550862 0.569627 0.550862 0.569627 0.597183
3 0.479875 0.615893 0.562440 0.615893 0.562440 0.608161 0.479875 0.608161
3 0.780331 0.915037 0.780331 0.550677 0.787519 0.559182 0.787519 0.915037
2 0.780331 0.723989 0.780331 0.672635 0.787519 0.672635 0.787519 0.723989
2 0.780331 0.638036 0.780331 0.594353 0.787519 0.594353 0.787519 0.638036
3 0.780331 0.550677 0.985625 0.550677 0.985625 0.559182 0.787519 0.559182
3 0.985625 0.652263 0.787519 0.652263 0.787519 0.643758 0.985625 0.643758
2 0.952256 0.652263 0.917233 0.652263 0.917233 0.643758 0.952256 0.643758
3 0.879891 0.643758 0.879891 0.559182 0.887078 0.559182 0.887078 0.643758
3 0.780331 0.844888 0.678485 0.844888 0.678485 0.836383 0.780331 0.836383
2 0.743067 0.844888 0.687600 0.844888 0.687600 0.836383 0.743067 0.836383
3 0.747916 0.915037 0.747916 0.836383 0.755103 0.836383 0.755103 0.915037
2 0.747916 0.894920 0.747916 0.857475 0.755103 0.857475 0.755103 0.894920
3 0.569627 0.658974 0.669990 0.658974 0.669990 0.668252 0.569627 0.668252
3 0.569627 0.668252 0.470577 0.668252 0.470577 0.658974 0.562440 0.658974
2 0.554625 0.668252 0.488742 0.668252 0.488742 0.658974 0.554625 0.658974
3 0.985625 0.449779 0.985625 0.471412 0.977497 0.471412 0.977497 0.449779
3 0.569627 0.607350 0.669990 0.607350 0.669990 0.598884 0.569627 0.598884
2 0.609308 0.607350 0.640822 0.607350 0.640822 0.598884 0.609308 0.598884
