0 0.504120 0.601943 0.414084 0.601943 0.414084 0.419741 0.417767 0.419741 0.417767 0.394027 0.504120 0.394027
0 0.571296 0.841216 0.510361 0.841216 0.510361 0.382698 0.571296 0.382698
0 0.214980 0.841216 0.042049 0.841216 0.042049 0.538929 0.214980 0.538929
0 0.214980 0.522137 0.042049 0.522137 0.042049 0.216861 0.214980 0.216861
0 0.504120 0.841216 0.414549 0.841216 0.414549 0.771888 0.407332 0.771888 0.407332 0.841216 0.407180 0.841216 0.407180 0.618735 0.504120 0.618735
0 0.407180 0.364786 0.396722 0.364786 0.396722 0.382698 0.403497 0.382698 0.403497 0.407986 0.382411 0.407986 0.382411 0.500767 0.403497 0.500767 0.403497 0.524365 0.407180 0.524365 0.407180 0.841216 0.222345 0.841216 0.222345 0.216861 0.233885 0.216861 0.233885 0.198950 0.222345 0.198950 0.222345 0.084810 0.407180 0.084810
0 0.408211 0.858008 0.408215 1.000000 0.502260 1.000000 0.502260 0.858008 0.408211 0.858008
3 0.034224 0.858008 0.034224 0.198950 0.042049 0.216861 0.042049 0.841216
3 0.042049 0.216861 0.222345 0.216861 0.214980 0.198950 0.034224 0.198950
1 0.072019 0.216861 0.139928 0.216861 0.139928 0.198950 0.072019 0.198950
3 0.222345 0.216861 0.222345 0.084810 0.214980 0.066899 0.214980 0.198950
3 0.222345 0.084810 0.407180 0.084810 0.414545 0.066899 0.214980 0.066899
1 0.248168 0.084810 0.290033 0.084810 0.290033 0.066899 0.248168 0.066899
1 0.294626 0.084810 0.335221 0.084810 0.335221 0.066899 0.294626 0.066899
1 0.340579 0.084810 0.380915 0.084810 0.380915 0.066899 0.340579 0.066899
3 0.407180 0.084810 0.407180 0.394027 0.414545 0.364786 0.414545 0.066899
2 0.407180 0.242945 0.407180 0.331729 0.414545 0.331729 0.414545 0.242945
1 0.407180 0.108845 0.407180 0.176516 0.414545 0.176516 0.414545 0.108845
3 0.571296 0.382698 0.571296 0.841216 0.578661 0.858008 0.578661 0.364786
1 0.571296 0.495841 0.571296 0.562830 0.578661 0.562830 0.578661 0.495841
3 0.034224 0.198950 0.034224 0.172217 0.041588 0.172217 0.041588 0.198950
3 0.034224 0.198950 0.025179 0.198950 0.025179 0.216861 0.034224 0.216861
3 0.034224 0.858008 0.025179 0.858008 0.025179 0.840097 0.034224 0.840097
3 0.034224 0.858008 0.034224 0.882144 0.041588 0.882144 0.041588 0.858008
3 0.214980 0.882144 0.214980 0.216861 0.222345 0.216861 0.222345 0.882144
2 0.214980 0.629695 0.214980 0.552788 0.222345 0.552788 0.222345 0.629695
2 0.214980 0.329949 0.214980 0.251833 0.222345 0.251833 0.222345 0.329949
3 0.222345 0.216861 0.233885 0.216861 0.233885 0.198950 0.222345 0.198950
3 0.214980 0.066899 0.214980 0.045304 0.222345 0.045304 0.222345 0.066899
3 0.214980 0.066899 0.203822 0.066899 0.203822 0.084810 0.214980 0.084810
3 0.414545 0.066899 0.414545 0.045304 0.407180 0.045304 0.407180 0.066899
3 0.414545 0.066899 0.424782 0.066899 0.424782 0.084810 0.414545 0.084810
3 0.403497 0.382698 0.396722 0.382698 0.396722 0.364786 0.407180 0.364786
3 0.578661 0.364786 0.578661 0.338994 0.571296 0.338994 0.571296 0.364786
3 0.578661 0.364786 0.588526 0.364786 0.588526 0.382698 0.578661 0.382698
3 0.578661 0.858008 0.588526 0.858008 0.588526 0.840097 0.578661 0.840097
3 0.578661 0.858008 0.578661 0.882144 0.571296 0.882144 0.571296 0.858008
3 0.510361 0.841216 0.510361 0.364786 0.504120 0.364786 0.504120 0.858008
2 0.510361 0.467698 0.510361 0.403128 0.504120 0.403128 0.504120 0.467698
2 0.510361 0.771709 0.510361 0.694019 0.504120 0.694019 0.504120 0.771709
3 0.571296 0.841216 0.510361 0.841216 0.510361 0.858008 0.578661 0.858008
1 0.547200 0.841216 0.520046 0.841216 0.520046 0.858008 0.547200 0.858008
3 0.510361 0.841216 0.042049 0.841216 0.034224 0.858008 0.510361 0.858008
2 0.481312 0.841216 0.445173 0.841216 0.445173 0.858008 0.481312 0.858008
1 0.348735 0.841216 0.281848 0.841216 0.281848 0.858008 0.348735 0.858008
1 0.140089 0.841216 0.071204 0.841216 0.071204 0.858008 0.140089 0.858008
3 0.407180 0.394027 0.510361 0.394027 0.510361 0.364786 0.414545 0.364786
1 0.467968 0.394027 0.494518 0.394027 0.494518 0.364786 0.467968 0.364786
3 0.510361 0.382698 0.571296 0.382698 0.578661 0.364786 0.510361 0.364786
2 0.515959 0.382698 0.551443 0.382698 0.551443 0.364786 0.515959 0.364786
3 0.407180 0.382698 0.407180 0.618735 0.414084 0.601943 0.414084 0.382698
3 0.407180 0.618735 0.510361 0.618735 0.510361 0.601943 0.414084 0.601943
3 0.414084 0.394027 0.414084 0.419741 0.417767 0.419741 0.417767 0.394027
3 0.407180 0.364786 0.407180 0.524365 0.403497 0.524365 0.403497 0.382698
3 0.382411 0.407986 0.382411 0.500767 0.403589 0.500767 0.403589 0.407986
3 0.042049 0.538929 0.222345 0.538929 0.222345 0.522137 0.042049 0.522137
3 0.414549 0.841216 0.414549 0.771888 0.407332 0.771888 0.407332 0.841216
0 0.989413 0.404460 0.967263 0.404460 0.967263 0.497308 0.989413 0.497308 0.989413 0.522787 0.801282 0.523223 0.801282 0.336901 0.810875 0.336901 0.810875 0.096620 0.989413 0.096620
0 0.801282 0.523223 0.989413 0.522787 0.989413 0.726561 0.631785 0.726561 0.631785 0.336901 0.801282 0.336901
3 0.989413 0.726561 0.631785 0.726561 0.620738 0.750070 1.000000 0.750070
3 0.631785 0.726561 0.631785 0.336901 0.620738 0.310034 0.620738 0.750070
1 0.631785 0.583842 0.631785 0.485150 0.620738 0.485150 0.620738 0.583842
3 0.631785 0.336901 0.810875 0.336901 0.800748 0.310034 0.620738 0.310034
3 0.810875 0.336901 0.810875 0.096620 0.800748 0.070873 0.800748 0.310034
3 0.810875 0.096620 0.989413 0.096620 1.000000 0.070873 0.800748 0.070873
1 0.831870 0.096620 0.895175 0.096620 0.895175 0.070873 0.831870 0.070873
1 0.900772 0.096620 0.964667 0.096620 0.964667 0.070873 0.900772 0.070873
3 0.989413 0.096620 0.989413 0.726561 1.000000 0.750070 1.000000 0.070873
3 0.989413 0.497308 0.989413 0.404460 0.967263 0.404460 0.967263 0.497308
