0 0.056207 0.289664 0.056207 0.142502 0.574364 0.142502 0.574364 0.289664 0.056207 0.289664 0.056207 0.289664
0 0.273122 0.890036 0.273122 1.000000 0.605563 1.000000 0.605563 0.890036 0.273122 0.890036 0.273122 0.890036
0 0.940267 0.611397 0.577100 0.611397 0.577100 0.751716 0.360126 0.751716 0.360126 0.675496 0.287754 0.675496 0.287754 0.559873 0.393270 0.559873 0.393270 0.507615 0.382658 0.507615 0.382658 0.553258 0.072714 0.553258 0.072714 0.311714 0.940267 0.311714
0 0.940267 0.870191 0.360126 0.870191 0.360126 0.759801 0.502936 0.759801 0.502936 0.870191 0.515905 0.870191 0.515905 0.759801 0.590069 0.759801 0.590069 0.619482 0.940267 0.619482
0 0.349514 0.870191 0.072714 0.870191 0.072714 0.682112 0.349514 0.682112
0 0.274784 0.675496 0.072714 0.675496 0.072714 0.559873 0.274784 0.559873
3 0.043237 0.289664 0.043237 0.890036 0.072714 0.870191 0.072714 0.311714
3 0.043237 0.890036 0.968565 0.890036 0.940267 0.870191 0.072714 0.870191
2 0.381384 0.890036 0.492949 0.890036 0.492949 0.870191 0.381384 0.870191
1 0.168667 0.890036 0.232962 0.890036 0.232962 0.870191 0.168667 0.870191
1 0.674963 0.890036 0.872765 0.890036 0.872765 0.870191 0.674963 0.870191
3 0.968565 0.890036 0.968565 0.289664 0.940267 0.311714 0.940267 0.870191
3 0.968565 0.289664 0.043237 0.289664 0.072714 0.311714 0.940267 0.311714
2 0.527060 0.289664 0.423478 0.289664 0.423478 0.311714 0.527060 0.311714
1 0.391053 0.289664 0.188959 0.289664 0.188959 0.311714 0.391053 0.311714
1 0.853853 0.289664 0.604867 0.289664 0.604867 0.311714 0.853853 0.311714
3 0.072714 0.559873 0.393270 0.559873 0.382658 0.553258 0.072714 0.553258
3 0.393270 0.559873 0.393270 0.507615 0.382658 0.507615 0.382658 0.553258
3 0.072714 0.682112 0.349514 0.682112 0.360126 0.675496 0.072714 0.675496
2 0.195503 0.682112 0.269278 0.682112 0.269278 0.675496 0.195503 0.675496
3 0.360126 0.675496 0.360126 0.870191 0.349514 0.870191 0.349514 0.682112
2 0.360126 0.689131 0.360126 0.749342 0.349514 0.749342 0.349514 0.689131
3 0.515905 0.870191 0.515905 0.751716 0.502936 0.759801 0.502936 0.870191
3 0.515905 0.759801 0.590069 0.759801 0.577100 0.751716 0.515905 0.751716
3 0.590069 0.759801 0.590069 0.619482 0.577100 0.611397 0.577100 0.751716
2 0.590069 0.747828 0.590069 0.687315 0.577100 0.687315 0.577100 0.747828
3 0.590069 0.619482 0.940267 0.619482 0.940267 0.611397 0.577100 0.611397
3 0.515905 0.751716 0.360126 0.751716 0.360126 0.759801 0.502936 0.759801
2 0.495083 0.751716 0.393458 0.751716 0.393458 0.759801 0.495083 0.759801
3 0.274784 0.559873 0.274784 0.675496 0.287754 0.675496 0.287754 0.559873
