0 0.063967 0.443967 0.018725 0.443967 0.018725 0.369066 0.063967 0.369066
0 0.267645 0.281069 0.220895 0.281069 0.220895 0.187230 0.267645 0.187230
0 0.136942 0.246267 0.094145 0.246267 0.094145 0.087688 0.136942 0.087688
0 0.208407 0.187230 0.212151 0.187230 0.212151 0.246267 0.140240 0.246267 0.140240 0.087688 0.208407 0.087688
0 0.218544 0.443967 0.072089 0.443967 0.072089 0.408329 0.094982 0.408329 0.094982 0.387737 0.072089 0.387737 0.072089 0.251934 0.218544 0.251934
0 0.295168 0.221390 0.297027 0.221390 0.297027 0.187230 0.331437 0.187230 0.331437 0.350848 0.313777 0.350848 0.313777 0.356103 0.331437 0.356103 0.331437 0.443967 0.298950 0.443967 0.298950 0.385784 0.280341 0.348853 0.247446 0.348853 0.247446 0.353933 0.228695 0.353933 0.228695 0.348853 0.220895 0.348853 0.220895 0.288227 0.269726 0.288227 0.269726 0.187230 0.295168 0.187230
0 0.280385 0.356103 0.296398 0.387890 0.296398 0.443967 0.220895 0.443967 0.220895 0.353933 0.279285 0.353933
0 0.337007 0.171067 0.337007 0.027237 0.216472 0.027237 0.216530 0.171067 0.337007 0.171067 0.337007 0.171067
3 0.331437 0.187230 0.331437 0.443967 0.339560 0.460130 0.339560 0.171067
3 0.331437 0.443967 0.018725 0.443967 0.010603 0.460130 0.339560 0.460130
3 0.018725 0.443967 0.018725 0.369066 0.010603 0.352903 0.010603 0.460130
3 0.018725 0.369066 0.072089 0.369066 0.063967 0.352903 0.010603 0.352903
3 0.072089 0.369066 0.072089 0.251934 0.063967 0.235771 0.063967 0.352903
3 0.072089 0.251934 0.094145 0.251934 0.086022 0.235771 0.063967 0.235771
3 0.094145 0.251934 0.094145 0.087688 0.086022 0.071525 0.086022 0.235771
3 0.094145 0.087688 0.208407 0.087688 0.216530 0.071525 0.086022 0.071525
1 0.111893 0.087688 0.134715 0.087688 0.134715 0.071525 0.111893 0.071525
1 0.157613 0.087688 0.189840 0.087688 0.189840 0.071525 0.157613 0.071525
3 0.208407 0.087688 0.208407 0.187230 0.216530 0.171067 0.216530 0.071525
2 0.208407 0.116532 0.208407 0.157324 0.216530 0.157324 0.216530 0.116532
3 0.208407 0.187230 0.331437 0.187230 0.339560 0.171067 0.216530 0.171067
2 0.271952 0.187230 0.294857 0.187230 0.294857 0.171067 0.271952 0.171067
1 0.242498 0.187230 0.256375 0.187230 0.256375 0.171067 0.242498 0.171067
3 0.218544 0.171067 0.218544 0.460130 0.220895 0.460130 0.220895 0.171067
2 0.218544 0.314693 0.218544 0.347542 0.220895 0.347542 0.220895 0.314693
3 0.094145 0.251934 0.220895 0.251934 0.220895 0.246267 0.094145 0.246267
2 0.141342 0.251934 0.159578 0.251934 0.159578 0.246267 0.141342 0.246267
2 0.108210 0.251934 0.123951 0.251934 0.123951 0.246267 0.108210 0.246267
3 0.140240 0.251934 0.140240 0.071525 0.136942 0.071525 0.136942 0.251934
3 0.072089 0.369066 0.072089 0.443967 0.063967 0.443967 0.063967 0.369066
2 0.072089 0.410038 0.072089 0.442618 0.063967 0.442618 0.063967 0.410038
3 0.218544 0.288227 0.269726 0.288227 0.267645 0.281069 0.218544 0.281069
3 0.269726 0.288227 0.269726 0.171067 0.267645 0.171067 0.267645 0.281069
2 0.269726 0.224184 0.269726 0.196508 0.267645 0.196508 0.267645 0.224184
3 0.218544 0.353933 0.228695 0.353933 0.228695 0.348853 0.218544 0.348853
3 0.247446 0.353933 0.279285 0.353933 0.280341 0.348853 0.247446 0.348853
3 0.279285 0.353933 0.296398 0.387890 0.298950 0.385784 0.280341 0.348853
3 0.296398 0.387890 0.296398 0.460130 0.298950 0.460130 0.298950 0.385784
3 0.218509 0.187230 0.218509 0.246267 0.212151 0.246267 0.212151 0.187230
3 0.063967 0.387737 0.094982 0.387737 0.094982 0.408329 0.063967 0.408329
3 0.297027 0.187230 0.297027 0.221390 0.295168 0.221390 0.295168 0.187230
3 0.331437 0.356103 0.313777 0.356103 0.313777 0.350848 0.331437 0.350848
0 0.444226 0.659723 0.377187 0.659723 0.377187 0.596575 0.444226 0.596575
0 0.444226 0.592419 0.377187 0.592419 0.377187 0.520096 0.444226 0.520096
0 0.475098 0.699184 0.446315 0.699184 0.446315 0.552039 0.475098 0.552039
0 0.428891 0.427037 0.435656 0.438116 0.440325 0.449435 0.443319 0.462185 0.444175 0.474275 0.444226 0.474321 0.444226 0.515939 0.377187 0.515939 0.377187 0.460975 0.419388 0.460975 0.419388 0.457391 0.398855 0.457391 0.398855 0.420364 0.420029 0.420364
0 0.538332 0.699184 0.477651 0.699184 0.477651 0.552039 0.538332 0.552039
0 0.538332 0.861056 0.446315 0.861056 0.446315 0.704264 0.538332 0.704264
0 0.444226 0.934696 0.377187 0.934696 0.377187 0.663879 0.444226 0.663879
0 0.604925 0.461626 0.604925 0.557636 0.591141 0.585067 0.591141 0.877658 0.546686 0.877681 0.546686 0.544848 0.590463 0.461599 0.604925 0.461626 0.604925 0.461626
0 0.543108 0.176322 0.543108 0.080313 0.567280 0.045312 0.682524 0.045312 0.682524 0.176599 0.664590 0.176322 0.543108 0.176322 0.543108 0.176322
0 0.560995 0.450146 0.587298 0.450146 0.538394 0.543084 0.538290 0.486319 0.553943 0.441487 0.560726 0.450053
0 0.537313 0.237858 0.546380 0.237858 0.546380 0.192947 0.656235 0.192947 0.656235 0.444974 0.561476 0.444974 0.555305 0.437058 0.549327 0.428191 0.541314 0.418821 0.541314 0.249629 0.537306 0.249888 0.537306 0.192947 0.537313 0.192947
0 0.534753 0.249888 0.421630 0.249888 0.421630 0.094887 0.534753 0.094887
0 0.541314 0.418821 0.541223 0.418715 0.531903 0.410149 0.522481 0.403697 0.512038 0.399158 0.504297 0.397144 0.420929 0.397144 0.420929 0.393958 0.398855 0.393958 0.398855 0.256136 0.421630 0.256136 0.421630 0.249888 0.541314 0.249888
0 0.488233 0.402224 0.504130 0.402224 0.511707 0.404081 0.511607 0.404168 0.521790 0.408597 0.530950 0.414868 0.540037 0.423222 0.547914 0.432426 0.553848 0.441238 0.538290 0.486319 0.538394 0.543084 0.538332 0.543311 0.538332 0.546959 0.446315 0.546959 0.446315 0.474012 0.445340 0.460970 0.442105 0.447204 0.437141 0.435165 0.429952 0.423393 0.420901 0.416591 0.420929 0.416591 0.420929 0.397144 0.488233 0.397144
3 0.656235 0.192947 0.656235 0.444974 0.664590 0.461599 0.664590 0.176322
2 0.656235 0.355928 0.656235 0.396950 0.664590 0.396950 0.664590 0.355928
1 0.656235 0.399102 0.656235 0.444424 0.664590 0.444424 0.664590 0.399102
1 0.656235 0.309355 0.656235 0.355572 0.664590 0.355572 0.664590 0.309355
3 0.656235 0.444974 0.590043 0.444974 0.590463 0.461599 0.664590 0.461599
1 0.656224 0.444974 0.633720 0.444974 0.633720 0.461599 0.656224 0.461599
3 0.590043 0.444974 0.538332 0.543311 0.546686 0.544848 0.590463 0.461599
2 0.573397 0.476626 0.558025 0.505858 0.562399 0.514965 0.577771 0.485733
1 0.557213 0.507405 0.552745 0.515902 0.557120 0.525009 0.561587 0.516512
1 0.578298 0.467306 0.573726 0.475998 0.578101 0.485109 0.582673 0.476418
3 0.538332 0.543311 0.538332 0.861056 0.546686 0.877681 0.546686 0.544848
1 0.538332 0.762105 0.538332 0.816307 0.546686 0.816307 0.546686 0.762105
1 0.538332 0.603258 0.538332 0.657238 0.546686 0.657238 0.546686 0.603258
3 0.538332 0.861056 0.444226 0.861056 0.452581 0.877681 0.546686 0.877681
2 0.473636 0.861056 0.453305 0.861056 0.453305 0.877681 0.473636 0.877681
1 0.535491 0.861056 0.526376 0.861056 0.526376 0.877681 0.535491 0.877681
3 0.444226 0.861056 0.444226 0.934696 0.452581 0.951321 0.452581 0.877681
2 0.444226 0.879917 0.444226 0.916228 0.452581 0.916228 0.452581 0.879917
3 0.444226 0.934696 0.377187 0.934696 0.368833 0.951321 0.452581 0.951321
2 0.435345 0.934696 0.386423 0.934696 0.386423 0.951321 0.435345 0.951321
3 0.377187 0.934696 0.377187 0.460975 0.368833 0.444350 0.368833 0.951321
1 0.377187 0.853012 0.377187 0.808817 0.368833 0.808817 0.368833 0.853012
1 0.377187 0.763121 0.377187 0.717121 0.368833 0.717121 0.368833 0.763121
1 0.377187 0.583077 0.377187 0.536517 0.368833 0.536517 0.368833 0.583077
3 0.377187 0.460975 0.398855 0.460975 0.390501 0.444350 0.368833 0.444350
1 0.377308 0.460975 0.389807 0.460975 0.389807 0.444350 0.377308 0.444350
3 0.398855 0.460975 0.398855 0.256136 0.390501 0.239511 0.390501 0.444350
1 0.398855 0.309770 0.398855 0.281845 0.390501 0.281845 0.390501 0.309770
3 0.398855 0.256136 0.421630 0.256136 0.413276 0.239511 0.390501 0.239511
3 0.421630 0.256136 0.421630 0.094887 0.413276 0.078262 0.413276 0.239511
3 0.421630 0.094887 0.534753 0.094887 0.543108 0.078262 0.413276 0.078262
1 0.472028 0.094887 0.512396 0.094887 0.512396 0.078262 0.472028 0.078262
3 0.534753 0.094887 0.534753 0.192947 0.543108 0.176322 0.543108 0.078262
2 0.534753 0.124443 0.534753 0.164625 0.543108 0.164625 0.543108 0.124443
3 0.534753 0.192947 0.656235 0.192947 0.664590 0.176322 0.543108 0.176322
1 0.620439 0.192947 0.643061 0.192947 0.643061 0.176322 0.620439 0.176322
3 0.444226 0.861056 0.444226 0.474321 0.446315 0.474012 0.446315 0.861056
2 0.444226 0.657441 0.444226 0.620765 0.446315 0.620765 0.446315 0.657441
2 0.444226 0.589593 0.444226 0.555110 0.446315 0.555110 0.446315 0.589593
2 0.444226 0.514582 0.444226 0.482648 0.446315 0.482648 0.446315 0.514582
3 0.420029 0.420364 0.390501 0.420364 0.390501 0.416208 0.420412 0.416208
3 0.446315 0.515939 0.368833 0.515939 0.368833 0.520096 0.446315 0.520096
3 0.446315 0.592419 0.368833 0.592419 0.368833 0.596575 0.446315 0.596575
3 0.446315 0.659723 0.368833 0.659723 0.368833 0.663879 0.446315 0.663879
2 0.442439 0.659723 0.424988 0.659723 0.424988 0.663879 0.442439 0.663879
3 0.546686 0.699184 0.444226 0.699184 0.444226 0.704264 0.546686 0.704264
2 0.464497 0.699184 0.447046 0.699184 0.447046 0.704264 0.464497 0.704264
3 0.546686 0.546959 0.444226 0.546959 0.444226 0.552039 0.546686 0.552039
2 0.464859 0.546959 0.447471 0.546959 0.447471 0.552039 0.464859 0.552039
3 0.475098 0.546959 0.475098 0.704264 0.477651 0.704264 0.477651 0.546959
2 0.475098 0.554865 0.475098 0.590332 0.477651 0.590332 0.477651 0.554865
3 0.534753 0.192947 0.534753 0.249888 0.537306 0.249888 0.537306 0.192947
3 0.590043 0.444974 0.561476 0.444974 0.560726 0.450053 0.590043 0.450053
3 0.541223 0.418715 0.531903 0.410149 0.530950 0.414868 0.540037 0.423222
3 0.522481 0.403697 0.512045 0.399158 0.511607 0.404168 0.521790 0.408597
3 0.504297 0.397144 0.488233 0.397144 0.488233 0.402224 0.504130 0.402224
3 0.546380 0.192947 0.546380 0.237858 0.537313 0.237858 0.537313 0.192947
3 0.506745 0.249888 0.473671 0.249888 0.473671 0.256815 0.506745 0.256815
3 0.390501 0.416591 0.420929 0.416591 0.420929 0.393958 0.390501 0.393958
3 0.398855 0.460975 0.419388 0.460975 0.419388 0.457391 0.398855 0.457391
0 0.773018 0.442549 0.743130 0.442549 0.743130 0.396202 0.773018 0.396202
0 0.843422 0.364605 0.843422 0.442549 0.775571 0.442549 0.775571 0.336264 0.829264 0.336264
0 0.991414 0.442549 0.886090 0.442549 0.886090 0.279684 0.871702 0.251287 0.870901 0.249837 0.870901 0.235845 0.881435 0.235845 0.881435 0.190066 0.991414 0.190066
0 0.883672 0.282228 0.883672 0.442549 0.845975 0.442549 0.845975 0.362513 0.830327 0.331184 0.773018 0.331184 0.773018 0.391122 0.734128 0.391122 0.734128 0.442549 0.734091 0.442549 0.734091 0.256206 0.870444 0.256206
0 0.868207 0.250761 0.868005 0.251213 0.812834 0.251213 0.812834 0.093183 0.868207 0.093183
0 0.812834 0.251213 0.755511 0.251213 0.755511 0.093183 0.812834 0.093183
0 0.854759 0.459636 0.854759 0.466937 0.877112 0.466937 0.877112 0.459636 0.854759 0.459636 0.854759 0.459636
3 0.991414 0.190066 0.991414 0.442549 1.000000 0.459636 1.000000 0.172979
1 0.991414 0.350391 0.991414 0.397897 1.000000 0.397897 1.000000 0.350391
1 0.991414 0.397897 0.991414 0.442083 1.000000 0.442083 1.000000 0.397897
1 0.991414 0.307369 0.991414 0.351555 1.000000 0.351555 1.000000 0.307369
3 0.991414 0.442549 0.734091 0.442549 0.725505 0.459636 1.000000 0.459636
2 0.873837 0.442549 0.858282 0.442549 0.858282 0.459636 0.873837 0.459636
1 0.841666 0.442549 0.806025 0.442549 0.806025 0.459636 0.841666 0.459636
1 0.992999 0.442549 0.969711 0.442549 0.969711 0.459636 0.992999 0.459636
3 0.734091 0.442549 0.734091 0.256206 0.725505 0.239119 0.725505 0.459636
1 0.734091 0.311193 0.734091 0.283120 0.725505 0.283120 0.725505 0.311193
3 0.734091 0.256206 0.755511 0.256206 0.746925 0.239119 0.725505 0.239119
3 0.755511 0.256206 0.755511 0.093183 0.746925 0.076096 0.746925 0.239119
3 0.755511 0.093183 0.868207 0.093183 0.876794 0.076096 0.746925 0.076096
1 0.822664 0.093183 0.850025 0.093183 0.850025 0.076096 0.822664 0.076096
1 0.772336 0.093183 0.799578 0.093183 0.799578 0.076096 0.772336 0.076096
3 0.868207 0.093183 0.868207 0.190066 0.876794 0.172979 0.876794 0.076096
3 0.868207 0.190066 0.991414 0.190066 1.000000 0.172979 0.876794 0.172979
3 0.870901 0.256206 0.755511 0.256206 0.755511 0.251213 0.868207 0.251213
2 0.847825 0.256206 0.830496 0.256206 0.830496 0.251213 0.847825 0.251213
2 0.796594 0.256206 0.778003 0.256206 0.778003 0.251213 0.796594 0.251213
3 0.883672 0.282228 0.883672 0.459636 0.886090 0.459636 0.886090 0.279684
3 0.883672 0.282228 0.868005 0.251287 0.869846 0.247602 0.886090 0.279684
3 0.868207 0.190066 0.868207 0.245949 0.870901 0.245949 0.870901 0.190066
3 0.845975 0.442549 0.845975 0.362513 0.843422 0.364605 0.843422 0.442549
3 0.845975 0.362513 0.830327 0.331184 0.829264 0.336264 0.843422 0.364605
3 0.830327 0.331184 0.773018 0.331184 0.775571 0.336264 0.829264 0.336264
2 0.828141 0.331184 0.814925 0.331184 0.814925 0.336264 0.828141 0.336264
3 0.773018 0.331184 0.773018 0.459636 0.775571 0.459636 0.775571 0.336264
3 0.775571 0.391122 0.734128 0.391122 0.743130 0.396202 0.775571 0.396202
2 0.771366 0.391122 0.758247 0.391122 0.758247 0.396202 0.771366 0.396202
3 0.734128 0.391122 0.734128 0.459636 0.743130 0.459636 0.743130 0.396202
3 0.870790 0.190066 0.870790 0.235845 0.881435 0.235845 0.881435 0.190066
