0 0.335687 0.573496 0.244668 0.574136 0.244668 0.574072 0.076115 0.574072 0.076115 0.479563 0.076153 0.479570 0.076115 0.299132 0.335581 0.299132
0 0.335640 0.725150 0.244718 0.725150 0.244668 0.698444 0.244668 0.574136 0.335687 0.573496
0 0.244668 0.698444 0.240567 0.698444 0.240567 0.859298 0.076233 0.859305 0.076194 0.677832 0.076115 0.677832 0.076115 0.574072 0.244668 0.574072
0 0.076115 0.677832 0.021251 0.677832 0.021251 0.479563 0.076115 0.479563
0 0.446551 0.710317 0.446551 0.859305 0.339155 0.859305 0.339155 0.710049 0.365837 0.710049
0 0.486134 0.702376 0.420338 0.702376 0.420338 0.710049 0.446551 0.710049 0.446551 0.710317 0.365837 0.710049 0.365837 0.702376 0.339155 0.702376 0.339155 0.584448 0.486134 0.584448
0 0.483205 0.566547 0.420432 0.566547 0.420432 0.575498 0.390513 0.575498 0.390513 0.452020 0.405513 0.428108 0.405513 0.305443 0.483205 0.305443
0 0.335640 0.859305 0.244668 0.859305 0.244668 0.734101 0.335640 0.734101
0 0.401412 0.424624 0.391151 0.440966 0.341791 0.440966 0.341791 0.301383 0.401412 0.301383
0 0.486134 0.859305 0.450067 0.859305 0.450067 0.710049 0.486134 0.710049
0 0.386412 0.573580 0.339155 0.573580 0.339155 0.453113 0.386412 0.453113
0 0.495800 0.452883 0.550237 0.451624 0.550239 0.719671 0.495800 0.719671 0.495800 0.452883 0.495800 0.452883
0 0.225736 0.880403 0.225736 1.000000 0.354041 1.000000 0.354038 0.880403 0.225736 0.880403 0.225736 0.880403
0 0.102847 0.277395 0.102847 0.137147 0.336539 0.137147 0.459273 0.137147 0.459273 0.277395 0.102847 0.277395 0.102847 0.277395
3 0.076115 0.299132 0.339304 0.299132 0.339304 0.277395 0.066446 0.277395
2 0.235119 0.299132 0.262802 0.299132 0.262802 0.277395 0.235119 0.277395
1 0.112909 0.299132 0.147108 0.299132 0.147108 0.277395 0.112909 0.277395
1 0.150435 0.299132 0.184405 0.299132 0.184405 0.277395 0.150435 0.277395
3 0.495800 0.277395 0.495800 0.567429 0.483205 0.567429 0.483205 0.305443
1 0.495800 0.483137 0.495800 0.537987 0.483205 0.537987 0.483205 0.483137
3 0.495800 0.567429 0.495800 0.880403 0.486134 0.859305 0.486134 0.567429
2 0.495800 0.629024 0.495800 0.690855 0.486134 0.690855 0.486134 0.629024
3 0.486134 0.859305 0.076233 0.859305 0.066569 0.880403 0.495800 0.880403
1 0.143994 0.859305 0.122883 0.859305 0.122883 0.880403 0.143994 0.880403
1 0.165532 0.859305 0.144419 0.859305 0.144419 0.880403 0.165532 0.880403
2 0.304667 0.859305 0.276329 0.859305 0.276329 0.880403 0.304667 0.880403
1 0.275621 0.859305 0.265418 0.859305 0.265418 0.880403 0.275621 0.880403
1 0.315010 0.859305 0.305375 0.859305 0.305375 0.880403 0.315010 0.880403
1 0.418015 0.859305 0.396196 0.859305 0.396196 0.880403 0.418015 0.880403
1 0.439835 0.859305 0.418299 0.859305 0.418299 0.880403 0.439835 0.880403
3 0.076194 0.677832 0.021251 0.677832 0.011585 0.698930 0.066531 0.698930
1 0.056150 0.677832 0.022713 0.677832 0.022713 0.698930 0.056150 0.698930
3 0.021251 0.677832 0.021251 0.479563 0.011585 0.458465 0.011585 0.698930
1 0.021251 0.575491 0.021251 0.501889 0.011585 0.501889 0.011585 0.575491
1 0.021251 0.654042 0.021251 0.582294 0.011585 0.582294 0.011585 0.654042
3 0.021251 0.479563 0.066487 0.479563 0.066487 0.458465 0.011585 0.458465
1 0.022713 0.479563 0.056150 0.479563 0.056150 0.458465 0.022713 0.458465
3 0.076153 0.479563 0.076115 0.299132 0.066446 0.277395 0.066487 0.479570
1 0.076136 0.395195 0.076130 0.360868 0.066464 0.360881 0.066470 0.395201
3 0.076233 0.859305 0.076194 0.677832 0.066531 0.698930 0.066569 0.880403
1 0.076218 0.795370 0.076212 0.761970 0.066546 0.761977 0.066552 0.795376
3 0.335640 0.277395 0.335640 0.453113 0.341791 0.440966 0.341791 0.277395
3 0.335640 0.453113 0.389813 0.453113 0.391151 0.440966 0.341791 0.440966
3 0.389813 0.453113 0.405513 0.428108 0.401412 0.424624 0.391151 0.440966
3 0.405513 0.428108 0.405513 0.362191 0.401412 0.362191 0.401412 0.424624
2 0.405513 0.419368 0.405513 0.365689 0.401412 0.365689 0.401412 0.419368
3 0.405513 0.362191 0.405513 0.277395 0.401412 0.277395 0.401412 0.362191
3 0.339304 0.301383 0.405513 0.301383 0.405513 0.277395 0.339304 0.277395
1 0.368605 0.301383 0.392965 0.301383 0.392965 0.277395 0.368605 0.277395
3 0.405513 0.305443 0.483205 0.305443 0.495800 0.277395 0.405513 0.277395
1 0.423484 0.305443 0.449161 0.305443 0.449161 0.277395 0.423484 0.277395
3 0.495800 0.584448 0.420432 0.584448 0.420432 0.566547 0.495800 0.566547
3 0.420432 0.584448 0.386412 0.584448 0.390513 0.575498 0.420432 0.575498
2 0.419377 0.584448 0.392209 0.584448 0.392209 0.575498 0.419377 0.575498
3 0.390513 0.575498 0.390513 0.440966 0.386412 0.440966 0.386412 0.584448
2 0.390513 0.565511 0.390513 0.510425 0.386412 0.510425 0.386412 0.565511
3 0.335640 0.440966 0.335640 0.880403 0.339155 0.880403 0.339155 0.440966
2 0.335640 0.630430 0.335640 0.693387 0.339155 0.693387 0.339155 0.630430
2 0.335640 0.509964 0.335640 0.564322 0.339155 0.564322 0.339155 0.509964
3 0.335640 0.702376 0.365837 0.702376 0.365837 0.710049 0.335640 0.710049
3 0.420338 0.702376 0.495800 0.702376 0.495800 0.710049 0.420338 0.710049
2 0.452340 0.702376 0.477320 0.702376 0.477320 0.710049 0.452340 0.710049
3 0.450067 0.702376 0.450067 0.880403 0.446551 0.880403 0.446551 0.702376
3 0.390513 0.584448 0.335640 0.584448 0.335640 0.573580 0.390513 0.573580
3 0.244668 0.880403 0.244668 0.734101 0.240567 0.734101 0.240567 0.880403
3 0.244668 0.734101 0.339155 0.734101 0.339155 0.725150 0.240567 0.725150
2 0.274519 0.734101 0.302461 0.734101 0.302461 0.725150 0.274519 0.725150
3 0.240567 0.734101 0.240567 0.698444 0.244668 0.698444 0.244668 0.734101
3 0.244668 0.623916 0.244668 0.574072 0.229122 0.584941 0.229122 0.623916
3 0.229122 0.584941 0.153654 0.584941 0.153654 0.574072 0.244668 0.574072
3 0.153654 0.623954 0.141085 0.623954 0.141085 0.540595 0.153654 0.540595
3 0.141085 0.584941 0.107516 0.584941 0.107516 0.574072 0.141085 0.574072
0 0.635687 0.624293 0.647879 0.624293 0.647879 0.582888 0.695045 0.582888 0.695045 0.818431 0.652647 0.818431 0.652647 0.857975 0.625456 0.857975 0.625456 0.818431 0.571054 0.818431 0.571054 0.582888 0.635687 0.582888
0 0.723610 0.623986 0.736812 0.623986 0.736812 0.582888 0.766942 0.582888 0.766942 0.688400 0.698853 0.688400 0.698853 0.669501 0.695045 0.669501 0.695045 0.632841 0.698853 0.632841 0.698853 0.582888 0.723610 0.582888
0 0.718795 0.279600 0.718795 0.153879 0.833447 0.153879 0.833447 0.279600 0.718795 0.279600 0.718795 0.279600
0 0.830813 0.449482 0.890177 0.449482 0.890177 0.575216 0.664203 0.575216 0.664203 0.449974 0.721138 0.449974 0.721138 0.300059 0.830813 0.300059
0 0.889928 0.857975 0.662021 0.857975 0.662021 0.832497 0.889928 0.832497
0 0.980921 0.818431 0.926346 0.818431 0.926346 0.857975 0.899972 0.857975 0.899972 0.818431 0.858371 0.818431 0.858371 0.582888 0.980921 0.582888
0 0.854563 0.818431 0.698853 0.818431 0.698853 0.696712 0.854563 0.696712
0 0.652644 0.340057 0.660395 0.340057 0.660395 0.575216 0.647879 0.575216 0.647879 0.539988 0.635687 0.539988 0.635687 0.575216 0.571054 0.575216 0.570761 0.340351 0.625046 0.340351 0.625046 0.300059 0.652644 0.300059
0 0.926118 0.339827 0.980921 0.339827 0.980921 0.575216 0.893692 0.575216 0.893692 0.339827 0.899360 0.339827 0.899360 0.300059 0.926118 0.300059
0 0.854563 0.688400 0.770750 0.688400 0.770750 0.582888 0.854563 0.582888
0 0.890177 0.441810 0.834328 0.441810 0.834328 0.339827 0.890177 0.339827
0 0.717330 0.441663 0.664203 0.441663 0.664203 0.340057 0.717330 0.340057
0 0.890279 0.324879 0.839894 0.324879 0.839894 0.300059 0.890279 0.300059
0 0.712350 0.324713 0.662311 0.324713 0.662311 0.300059 0.712350 0.300059
0 0.616551 0.325007 0.570761 0.325007 0.570788 0.300059 0.616551 0.300059
0 0.980921 0.325122 0.935491 0.325122 0.935491 0.300059 0.980921 0.300059
0 0.980921 0.857975 0.935720 0.857975 0.935720 0.832497 0.980921 0.832497
0 0.616082 0.857975 0.571054 0.857975 0.571054 0.833136 0.616082 0.833136
3 0.570788 0.300059 0.980921 0.300059 0.990880 0.279600 0.560820 0.279600
2 0.737392 0.300059 0.763169 0.300059 0.763169 0.279600 0.737392 0.279600
1 0.791257 0.300059 0.815792 0.300059 0.815792 0.279600 0.791257 0.279600
1 0.900575 0.300059 0.924858 0.300059 0.924858 0.279600 0.900575 0.279600
1 0.626613 0.300059 0.651493 0.300059 0.651493 0.279600 0.626613 0.279600
3 0.980921 0.300059 0.980921 0.857975 0.990880 0.879713 0.990880 0.279600
1 0.980921 0.449290 0.980921 0.495285 0.990880 0.495285 0.990880 0.449290
1 0.980921 0.402790 0.980921 0.448146 0.990880 0.448146 0.990880 0.402790
1 0.980921 0.708597 0.980921 0.755468 0.990880 0.755468 0.990880 0.708597
1 0.980921 0.663242 0.980921 0.707836 0.990880 0.707836 0.990880 0.663242
3 0.980921 0.857975 0.571054 0.857975 0.561104 0.879713 0.990880 0.879713
1 0.925116 0.857975 0.901202 0.857975 0.901202 0.879713 0.925116 0.879713
1 0.650881 0.857975 0.626949 0.857975 0.626949 0.879713 0.650881 0.879713
3 0.571054 0.857975 0.570788 0.300059 0.560820 0.279600 0.561104 0.879713
1 0.571005 0.755960 0.570981 0.708751 0.561022 0.708776 0.561045 0.755980
1 0.570981 0.707120 0.570961 0.662507 0.561001 0.662532 0.561022 0.707146
1 0.570882 0.495342 0.570858 0.448120 0.560899 0.448139 0.560922 0.495362
1 0.570858 0.447295 0.570838 0.401716 0.560878 0.401735 0.560899 0.447314
3 0.560849 0.340351 0.625046 0.340351 0.616551 0.325007 0.560849 0.325007
3 0.625046 0.340351 0.625046 0.279600 0.616551 0.279600 0.616551 0.325007
3 0.662311 0.279600 0.662311 0.324713 0.652644 0.340057 0.652644 0.279600
3 0.652644 0.340057 0.721138 0.340057 0.712350 0.324713 0.662311 0.324713
3 0.721138 0.340057 0.721138 0.279600 0.712350 0.279600 0.712350 0.324713
3 0.830813 0.279600 0.830813 0.339827 0.839894 0.324879 0.839894 0.279600
3 0.830813 0.339827 0.899360 0.339827 0.890279 0.324879 0.839894 0.324879
3 0.899360 0.339827 0.899360 0.279600 0.890279 0.279600 0.890279 0.324879
3 0.926118 0.279600 0.926118 0.339827 0.935491 0.325122 0.935491 0.279600
3 0.926118 0.339827 0.990880 0.339827 0.990880 0.325122 0.935491 0.325122
3 0.935720 0.879713 0.935720 0.832497 0.926346 0.818431 0.926346 0.879713
3 0.935720 0.832497 0.990880 0.832497 0.990880 0.818431 0.926346 0.818431
3 0.899972 0.879713 0.899972 0.818431 0.889928 0.832497 0.889928 0.879713
3 0.899972 0.818431 0.652647 0.818431 0.662021 0.832497 0.889928 0.832497
3 0.652647 0.818431 0.652647 0.879713 0.662021 0.879713 0.662021 0.832497
3 0.625456 0.879713 0.625456 0.818431 0.616082 0.833136 0.616082 0.879713
3 0.625456 0.818431 0.561075 0.818431 0.561075 0.833136 0.616082 0.833136
3 0.560963 0.582888 0.635687 0.582888 0.635687 0.575216 0.560963 0.575216
3 0.635687 0.624293 0.647879 0.624293 0.647879 0.539988 0.635687 0.539988
3 0.647879 0.582888 0.990880 0.582888 0.990880 0.575216 0.647879 0.575216
2 0.666807 0.582888 0.691084 0.582888 0.691084 0.575216 0.666807 0.575216
2 0.811199 0.582888 0.836282 0.582888 0.836282 0.575216 0.811199 0.575216
2 0.861907 0.582888 0.887529 0.582888 0.887529 0.575216 0.861907 0.575216
3 0.893692 0.582888 0.893692 0.324879 0.890177 0.324879 0.890177 0.582888
2 0.893692 0.513487 0.893692 0.457953 0.890177 0.457953 0.890177 0.513487
2 0.893692 0.429988 0.893692 0.381935 0.890177 0.381935 0.890177 0.429988
3 0.830813 0.324879 0.830813 0.449482 0.834328 0.441810 0.834328 0.324879
3 0.830813 0.449482 0.893692 0.449482 0.893692 0.441810 0.834328 0.441810
3 0.698853 0.832497 0.698853 0.669501 0.695045 0.669501 0.695045 0.832497
2 0.698853 0.687492 0.698853 0.669699 0.695045 0.669699 0.695045 0.687492
3 0.698853 0.632841 0.698853 0.575216 0.695045 0.575216 0.695045 0.632841
3 0.858371 0.832497 0.858371 0.575216 0.854563 0.575216 0.854563 0.832497
2 0.858371 0.652520 0.858371 0.604077 0.854563 0.604077 0.854563 0.652520
2 0.858371 0.776624 0.858371 0.726800 0.854563 0.726800 0.854563 0.776624
3 0.858371 0.696712 0.695045 0.696712 0.695045 0.688400 0.858371 0.688400
3 0.766942 0.696712 0.766942 0.575216 0.770750 0.575216 0.770750 0.696712
3 0.664203 0.324713 0.664203 0.582888 0.660395 0.582888 0.660395 0.324713
2 0.664203 0.382964 0.664203 0.430391 0.660395 0.430391 0.660395 0.382964
2 0.664203 0.479787 0.664203 0.534087 0.660395 0.534087 0.660395 0.479787
3 0.721138 0.324713 0.721138 0.449974 0.717330 0.441663 0.717330 0.324713
3 0.717330 0.441663 0.660395 0.441663 0.660395 0.449974 0.721138 0.449974
3 0.723610 0.582888 0.723610 0.623986 0.736812 0.623986 0.736812 0.582888
