0 0.069978 0.041003 0.676420 0.041003 0.676420 0.035201 0.806065 0.035201 0.806065 0.166657 0.069978 0.166664 0.069978 0.041003
0 0.427471 0.297460 0.561505 0.297460 0.561505 0.390191 0.549789 0.390191 0.549789 0.434312 0.278239 0.434312 0.278239 0.190596 0.427471 0.190596
0 0.561505 0.297460 0.427471 0.297460 0.427471 0.190596 0.561505 0.190596
0 0.077434 0.296046 0.077434 0.190596 0.266523 0.190596 0.266523 0.296046
0 0.980828 0.516273 0.635455 0.516273 0.635455 0.442289 0.561505 0.442289 0.561505 0.190596 0.980828 0.190596
0 0.635455 0.708726 0.429389 0.708726 0.429389 0.442289 0.635455 0.442289
0 0.795350 0.610092 0.647172 0.610092 0.647172 0.524251 0.795350 0.524251
0 0.980828 0.610092 0.807066 0.610092 0.807066 0.524251 0.980828 0.524251
0 0.266523 0.564296 0.417672 0.564296 0.417672 0.810173 0.077434 0.810173 0.077434 0.520320 0.266523 0.520320
0 0.980828 0.810173 0.647172 0.810173 0.647172 0.618069 0.980828 0.618069
0 0.266523 0.512343 0.077434 0.512343 0.077434 0.304023 0.266523 0.304023
0 0.469192 0.969252 0.313153 0.969252 0.313153 0.834830 0.469192 0.834830
0 0.635455 0.810173 0.429389 0.810173 0.429389 0.716703 0.635455 0.716703
0 0.417672 0.556319 0.278239 0.556319 0.278239 0.442289 0.417672 0.442289
3 0.980828 0.810173 0.980828 0.190596 1.000000 0.166664 1.000000 0.834830
3 0.980828 0.190596 0.077434 0.190596 0.056131 0.166664 1.000000 0.166664
2 0.641814 0.190596 0.556350 0.190596 0.556350 0.166664 0.641814 0.166664
1 0.948044 0.190596 0.713624 0.190596 0.713624 0.166664 0.948044 0.166664
1 0.539734 0.190596 0.362883 0.190596 0.362883 0.166664 0.539734 0.166664
1 0.192551 0.190596 0.095817 0.190596 0.095817 0.166664 0.192551 0.166664
3 0.077434 0.190596 0.077434 0.810173 0.056131 0.834830 0.056131 0.166664
3 0.056131 0.166664 0.056131 0.035201 0.069978 0.035201 0.069978 0.166664
3 0.278239 0.190596 0.278239 0.556319 0.266523 0.564296 0.266523 0.190596
2 0.278239 0.446887 0.278239 0.505475 0.266523 0.505475 0.266523 0.446887
3 0.278239 0.556319 0.417672 0.556319 0.429389 0.564296 0.266523 0.564296
3 0.417672 0.564296 0.417672 0.810173 0.429389 0.810173 0.429389 0.564296
2 0.417672 0.567305 0.417672 0.627105 0.429389 0.627105 0.429389 0.567305
3 0.429389 0.708726 0.635455 0.708726 0.647172 0.716703 0.429389 0.716703
2 0.528465 0.708726 0.627574 0.708726 0.627574 0.716703 0.528465 0.716703
3 0.647172 0.716703 0.647172 0.810173 0.635455 0.810173 0.635455 0.716703
3 0.647172 0.716703 0.647172 0.524251 0.635455 0.516273 0.635455 0.708726
2 0.647172 0.685295 0.647172 0.625488 0.635455 0.625488 0.635455 0.685295
2 0.647172 0.607713 0.647172 0.547500 0.635455 0.547500 0.635455 0.607713
3 0.635455 0.516273 0.980828 0.516273 0.980828 0.524251 0.647172 0.524251
3 0.647172 0.610092 0.980828 0.610092 0.980828 0.618069 0.647172 0.618069
2 0.811550 0.610092 0.876234 0.610092 0.876234 0.618069 0.811550 0.618069
3 0.807066 0.610092 0.807066 0.524251 0.795350 0.524251 0.795350 0.610092
3 0.429389 0.564296 0.429389 0.442289 0.417672 0.434312 0.417672 0.556319
2 0.429389 0.509116 0.429389 0.449309 0.417672 0.449309 0.417672 0.509116
3 0.417672 0.434312 0.278239 0.434312 0.278239 0.442289 0.417672 0.442289
3 0.417672 0.434312 0.549789 0.434312 0.561505 0.442289 0.429389 0.442289
3 0.561505 0.442289 0.561505 0.390191 0.549789 0.390191 0.549789 0.434312
3 0.266523 0.512343 0.077434 0.512343 0.077434 0.520320 0.266523 0.520320
3 0.077434 0.296046 0.266523 0.296046 0.266523 0.304023 0.077434 0.304023
2 0.170599 0.296046 0.257245 0.296046 0.257245 0.304023 0.170599 0.304023
3 0.077434 0.810173 0.313153 0.810173 0.296133 0.834830 0.056131 0.834830
1 0.094039 0.810173 0.265553 0.810173 0.265553 0.834830 0.094039 0.834830
3 0.313153 0.810173 0.487299 0.810173 0.487299 0.834830 0.313153 0.834830
3 0.469192 0.810173 0.980828 0.810173 1.000000 0.834830 0.487299 0.834830
2 0.529168 0.810173 0.628117 0.810173 0.628117 0.834830 0.529168 0.834830
1 0.796681 0.810173 0.968388 0.810173 0.968388 0.834830 0.796681 0.834830
3 0.313153 0.810173 0.313153 0.969252 0.296133 0.980492 0.296133 0.834830
3 0.313153 0.969252 0.469192 0.969252 0.487299 0.980492 0.296133 0.980492
1 0.344904 0.969252 0.438080 0.969252 0.438080 0.980492 0.344904 0.980492
3 0.487299 0.980492 0.487299 0.834830 0.469192 0.810173 0.469192 0.969252
2 0.487299 0.956662 0.487299 0.896428 0.469192 0.896428 0.469192 0.956662
