0 0.368544 0.188094 0.368544 0.093676 0.586634 0.093676 0.586392 0.188094 0.368544 0.188094 0.368544 0.188094
0 0.329474 0.764714 0.329474 0.868064 0.532939 0.868064 0.532939 0.764714 0.329474 0.764714 0.329474 0.764714
0 0.350648 0.357592 0.097567 0.357592 0.097567 0.199380 0.350648 0.199380
0 0.685582 0.472448 0.499829 0.472448 0.499829 0.476748 0.685582 0.476748 0.685582 0.476834 0.358972 0.476834 0.358972 0.322722 0.350648 0.322722 0.350648 0.357592 0.350648 0.199380 0.685582 0.199380
0 0.685582 0.571214 0.499829 0.571214 0.499829 0.654490 0.358972 0.654490 0.358972 0.476834 0.685582 0.476834
0 0.934935 0.650728 0.764313 0.650728 0.764313 0.571214 0.934935 0.571214
0 0.934935 0.571214 0.694738 0.571214 0.694738 0.476748 0.934935 0.476748
0 0.230009 0.596882 0.350648 0.596882 0.350648 0.754502 0.097567 0.754502 0.097567 0.558095 0.230009 0.558095
0 0.350648 0.519243 0.230009 0.519243 0.230009 0.553795 0.097567 0.553795 0.097567 0.362966 0.350648 0.362966
0 0.934935 0.390940 0.694738 0.390940 0.694738 0.199380 0.934935 0.199380
0 0.755990 0.754502 0.506488 0.754502 0.506488 0.576588 0.755990 0.576588
0 0.934935 0.472448 0.694738 0.472448 0.694738 0.395777 0.934935 0.395777
0 0.520454 0.993013 0.340294 0.993013 0.340294 0.876125 0.520454 0.876125
0 0.930099 0.749445 0.764313 0.749445 0.764313 0.659327 0.930099 0.659327
0 0.499829 0.754502 0.358972 0.754502 0.358972 0.659327 0.499829 0.659327
0 0.350648 0.590970 0.239165 0.590970 0.239165 0.524080 0.350648 0.524080
3 0.097567 0.199380 0.934935 0.199380 0.945913 0.188094 0.079255 0.188094
2 0.380962 0.199380 0.445968 0.199380 0.445968 0.188094 0.380962 0.188094
1 0.200428 0.199380 0.314075 0.199380 0.314075 0.188094 0.200428 0.188094
1 0.457812 0.199380 0.621600 0.199380 0.621600 0.188094 0.457812 0.188094
1 0.719184 0.199380 0.832881 0.199380 0.832881 0.188094 0.719184 0.188094
3 0.934935 0.199380 0.934935 0.650728 0.945913 0.659327 0.945913 0.188094
3 0.930099 0.650728 0.930099 0.749445 0.945913 0.764714 0.945913 0.650728
3 0.945913 0.764714 0.755990 0.764714 0.764313 0.749445 0.930099 0.749445
1 0.889023 0.764714 0.839141 0.764714 0.839141 0.749445 0.889023 0.749445
3 0.755990 0.764714 0.079255 0.764714 0.097567 0.754502 0.755990 0.754502
2 0.439151 0.764714 0.366679 0.764714 0.366679 0.754502 0.439151 0.754502
1 0.666763 0.764714 0.550368 0.764714 0.550368 0.754502 0.666763 0.754502
3 0.097567 0.754502 0.097567 0.199380 0.079255 0.188094 0.079255 0.764714
1 0.097567 0.690843 0.097567 0.620336 0.079255 0.620336 0.079255 0.690843
1 0.097567 0.488990 0.097567 0.419564 0.079255 0.419564 0.079255 0.488990
3 0.350648 0.322722 0.350648 0.764714 0.358972 0.764714 0.358972 0.322722
2 0.350648 0.599311 0.350648 0.641522 0.358972 0.641522 0.358972 0.599311
2 0.350648 0.528105 0.350648 0.568537 0.358972 0.568537 0.358972 0.528105
2 0.350648 0.473179 0.350648 0.516405 0.358972 0.516405 0.358972 0.473179
3 0.358972 0.524080 0.239165 0.524080 0.230009 0.519243 0.358972 0.519243
3 0.239165 0.524080 0.239165 0.590970 0.230009 0.596882 0.230009 0.519243
3 0.239165 0.590970 0.358972 0.590970 0.358972 0.596882 0.230009 0.596882
3 0.097567 0.558095 0.230009 0.558095 0.230009 0.553795 0.097567 0.553795
3 0.097567 0.362966 0.358972 0.362966 0.358972 0.357592 0.097567 0.357592
3 0.499829 0.754502 0.499829 0.571214 0.506488 0.576588 0.506488 0.754502
3 0.506488 0.576588 0.755990 0.576588 0.764313 0.571214 0.499829 0.571214
2 0.508860 0.576588 0.577386 0.576588 0.577386 0.571214 0.508860 0.571214
3 0.755990 0.576588 0.755990 0.764714 0.764313 0.749445 0.764313 0.571214
3 0.934935 0.650728 0.764313 0.650728 0.764313 0.659327 0.945913 0.659327
2 0.824325 0.650728 0.769582 0.650728 0.769582 0.659327 0.824325 0.659327
3 0.499829 0.476748 0.945913 0.476748 0.945913 0.472448 0.499829 0.472448
2 0.824716 0.476748 0.872767 0.476748 0.872767 0.472448 0.824716 0.472448
3 0.685582 0.576588 0.685582 0.188094 0.694738 0.188094 0.694738 0.576588
2 0.685582 0.569048 0.685582 0.526832 0.694738 0.526832 0.694738 0.569048
2 0.685582 0.265077 0.685582 0.199761 0.694738 0.199761 0.694738 0.265077
3 0.685582 0.395777 0.945913 0.395777 0.945913 0.390940 0.685582 0.390940
2 0.823243 0.395777 0.871893 0.395777 0.871893 0.390940 0.823243 0.390940
3 0.350648 0.659327 0.506488 0.659327 0.506488 0.654490 0.350648 0.654490
2 0.365106 0.659327 0.435997 0.659327 0.435997 0.654490 0.365106 0.654490
3 0.340294 0.876125 0.520454 0.876125 0.532939 0.868064 0.329474 0.868064
2 0.371449 0.876125 0.438335 0.876125 0.438335 0.868064 0.371449 0.868064
3 0.520454 0.876125 0.520454 0.993013 0.532939 1.000000 0.532939 0.868064
3 0.520454 0.993013 0.340294 0.993013 0.329474 1.000000 0.532939 1.000000
3 0.340294 0.993013 0.340294 0.876125 0.329474 0.868064 0.329474 1.000000
