0 0.804597 0.702742 0.804597 0.528867 0.953337 0.528867 0.953285 0.878703 0.838392 0.878703 0.838392 0.702742 0.804597 0.702742 0.804597 0.702742
0 0.838392 0.703059 0.838392 0.980345 0.804580 0.980345 0.804580 0.702742 0.832779 0.702742
0 0.052325 0.524376 0.095367 0.524376 0.095367 0.593964 0.116820 0.593964 0.116914 0.695182 0.052325 0.695182 0.052325 0.524376
0 0.400816 0.710975 0.400816 0.774681 0.362951 0.774681 0.362951 0.710975 0.400816 0.710975
0 0.218605 0.711058 0.218605 0.777584 0.251515 0.777584 0.251515 0.711058 0.218605 0.711058
0 0.121158 0.711058 0.121158 0.780388 0.154820 0.780388 0.154820 0.711058 0.121158 0.711058
0 0.208368 0.695182 0.168789 0.695182 0.168789 0.669774 0.208368 0.669774
0 0.208368 0.669774 0.168789 0.669774 0.168789 0.593964 0.208368 0.593964
0 0.351948 0.695182 0.265661 0.695182 0.265661 0.593964 0.351948 0.593964
0 0.426597 0.695182 0.356826 0.695182 0.356826 0.593964 0.426597 0.593964
0 0.260783 0.695182 0.213246 0.695182 0.213246 0.593964 0.260783 0.593964
0 0.340603 0.579601 0.234093 0.579601 0.234093 0.268009 0.340603 0.268009
0 0.417046 0.579601 0.346178 0.579601 0.346178 0.334702 0.378039 0.334702 0.378039 0.372727 0.384534 0.372727 0.384534 0.325267 0.378039 0.325267 0.378039 0.329410 0.346178 0.329410 0.346178 0.268009 0.417046 0.268009
0 0.657449 0.593964 0.657449 0.722397 0.433914 0.722397 0.433914 0.593964 0.657449 0.593964
0 0.792036 0.528867 0.804597 0.528867 0.804597 0.702303 0.666509 0.702303 0.666509 0.462091 0.792036 0.462091
0 0.657449 0.574309 0.423666 0.574309 0.423666 0.268009 0.657449 0.268009
0 0.228518 0.579601 0.104078 0.579601 0.104078 0.268009 0.228518 0.268009
0 0.795520 0.989416 0.764746 0.989416 0.764746 0.722397 0.795520 0.722397
0 0.905556 0.980345 0.841876 0.980345 0.841876 0.886263 0.905556 0.886263
0 0.163911 0.695182 0.121698 0.695182 0.121698 0.593964 0.163911 0.593964
0 0.953337 0.980345 0.909041 0.980345 0.909041 0.886263 0.953337 0.886263
3 0.095018 0.508501 0.095018 0.248354 0.104078 0.268009 0.104078 0.524376
1 0.095018 0.461630 0.095018 0.377581 0.104078 0.377581 0.104078 0.461630
3 0.104078 0.268009 0.657449 0.268009 0.666509 0.248354 0.095018 0.248354
1 0.520518 0.268009 0.558570 0.268009 0.558570 0.248354 0.520518 0.248354
1 0.479360 0.268009 0.516925 0.268009 0.516925 0.248354 0.479360 0.248354
1 0.271365 0.268009 0.310690 0.268009 0.310690 0.248354 0.271365 0.248354
1 0.144447 0.268009 0.183378 0.268009 0.183378 0.248354 0.144447 0.248354
3 0.657449 0.268009 0.657449 0.462091 0.666509 0.442436 0.666509 0.248354
3 0.666509 0.442436 0.801095 0.442436 0.792036 0.462091 0.657449 0.462091
1 0.711450 0.442436 0.753335 0.442436 0.753335 0.462091 0.711450 0.462091
3 0.792036 0.462091 0.792036 0.528867 0.801095 0.509212 0.801095 0.442436
3 0.792036 0.528867 0.953337 0.528867 0.962397 0.509212 0.801095 0.509212
3 0.962397 0.509212 0.962397 1.000000 0.953337 0.980345 0.953337 0.528867
3 0.953337 0.980345 0.804580 0.980345 0.804580 1.000000 0.962397 1.000000
3 0.804580 1.000000 0.804580 0.702742 0.795520 0.722397 0.795520 0.989416
2 0.804580 0.959933 0.804580 0.902433 0.795520 0.902433 0.795520 0.959933
1 0.804580 0.896250 0.804580 0.761663 0.795520 0.761663 0.795520 0.896250
3 0.657449 0.722397 0.657449 0.593964 0.666509 0.574309 0.666509 0.702742
3 0.666509 0.574309 0.426597 0.574309 0.433914 0.593964 0.657449 0.593964
3 0.433914 0.593964 0.433914 0.711058 0.426597 0.695182 0.426597 0.574309
2 0.397854 0.695182 0.365847 0.695182 0.365847 0.711058 0.397854 0.711058
2 0.248731 0.695182 0.221445 0.695182 0.221445 0.711058 0.248731 0.711058
2 0.151779 0.695182 0.125238 0.695182 0.125238 0.711058 0.151779 0.711058
1 0.021363 0.695182 0.005007 0.695182 0.005007 0.711058 0.021363 0.711058
1 0.072743 0.695182 0.054206 0.695182 0.054206 0.711058 0.072743 0.711058
1 0.190497 0.695182 0.169779 0.695182 0.169779 0.711058 0.190497 0.711058
1 0.331596 0.695182 0.311167 0.695182 0.311167 0.711058 0.331596 0.711058
3 0.666509 0.574309 0.666509 0.462091 0.657449 0.462091 0.657449 0.574309
2 0.666509 0.553595 0.666509 0.480832 0.657449 0.480832 0.657449 0.553595
3 0.426597 0.574309 0.417046 0.574309 0.417046 0.593964 0.426597 0.593964
3 0.417046 0.593964 0.417046 0.268009 0.423666 0.268009 0.423666 0.574309
2 0.417046 0.553126 0.417046 0.490403 0.423666 0.490403 0.423666 0.553126
3 0.417046 0.593964 0.095367 0.593964 0.104078 0.579601 0.417046 0.579601
2 0.392102 0.593964 0.358767 0.593964 0.358767 0.579601 0.392102 0.579601
2 0.155970 0.593964 0.122754 0.593964 0.122754 0.579601 0.155970 0.579601
3 0.104078 0.579601 0.104078 0.524376 0.095367 0.524376 0.095367 0.593964
3 0.121698 0.695182 0.121698 0.593964 0.116820 0.593964 0.116820 0.695182
2 0.121698 0.651063 0.121698 0.607617 0.116820 0.607617 0.116820 0.651063
3 0.047446 0.695182 0.047446 0.524376 0.052325 0.524376 0.052325 0.695182
2 0.047446 0.659818 0.047446 0.615026 0.052325 0.615026 0.052325 0.659818
3 0.208368 0.593964 0.208368 0.695182 0.213246 0.695182 0.213246 0.593964
3 0.163911 0.593964 0.163911 0.695182 0.168789 0.695182 0.168789 0.593964
2 0.163911 0.647238 0.163911 0.688257 0.168789 0.688257 0.168789 0.647238
3 0.260783 0.593964 0.260783 0.695182 0.265661 0.695182 0.265661 0.593964
3 0.228518 0.579601 0.228518 0.268009 0.234093 0.268009 0.234093 0.579601
2 0.228518 0.393502 0.228518 0.300063 0.234093 0.300063 0.234093 0.393502
3 0.340603 0.579601 0.340603 0.268009 0.346178 0.268009 0.346178 0.579601
2 0.340603 0.452997 0.340603 0.386985 0.346178 0.386985 0.346178 0.452997
3 0.346178 0.334702 0.380478 0.334702 0.378039 0.329410 0.346178 0.329410
2 0.353927 0.334702 0.371485 0.334702 0.371485 0.329410 0.353927 0.329410
3 0.378039 0.334702 0.378039 0.372727 0.380478 0.367435 0.380478 0.334702
3 0.384534 0.372727 0.384534 0.325267 0.382094 0.330559 0.382094 0.367435
3 0.351948 0.593964 0.351948 0.695182 0.356826 0.695182 0.356826 0.593964
2 0.351948 0.651366 0.351948 0.692650 0.356826 0.692650 0.356826 0.651366
3 0.838392 0.980345 0.838392 0.878703 0.841876 0.886263 0.841876 0.980345
3 0.841876 0.886263 0.953337 0.886263 0.953337 0.878703 0.838392 0.878703
2 0.844577 0.886263 0.869539 0.886263 0.869539 0.878703 0.844577 0.878703
3 0.905556 0.886263 0.905556 0.980345 0.909041 0.980345 0.909041 0.886263
2 0.905556 0.903053 0.905556 0.939590 0.909041 0.939590 0.909041 0.903053
3 0.804580 1.000000 0.759868 1.000000 0.764746 0.989416 0.804580 0.989416
3 0.759868 1.000000 0.759868 0.722397 0.764746 0.702742 0.764746 0.989416
2 0.759868 0.961596 0.759868 0.918959 0.764746 0.918959 0.764746 0.961596
3 0.804580 0.702742 0.759868 0.702742 0.764746 0.722397 0.795520 0.722397
3 0.764746 0.702742 0.666509 0.702742 0.657449 0.722397 0.759868 0.722397
1 0.751966 0.702742 0.714039 0.702742 0.714039 0.722397 0.751966 0.722397
