0 0.473853 0.843444 0.397271 0.843444 0.397271 0.875219 0.279009 0.875219 0.279009 0.702962 0.473853 0.702962
0 0.323367 0.490011 0.842274 0.490095 0.842617 0.875219 0.485633 0.875219 0.485633 0.689667 0.323367 0.689667 0.323367 0.490011 0.323367 0.490011
0 0.419686 0.095290 0.421635 0.464714 0.843013 0.464714 0.842617 0.095290 0.419686 0.095290 0.419686 0.095290
0 0.421635 0.464714 0.421635 0.354461 0.149673 0.354461 0.149673 0.858552 0.162288 0.858552 0.162288 0.875219 0.267411 0.875219 0.267229 0.689667 0.311179 0.689667 0.311469 0.464714 0.421635 0.464714 0.421635 0.464714
0 0.421721 0.354267 0.149673 0.354461 0.149673 0.107473 0.419686 0.107534 0.419686 0.354098 0.421721 0.354267
0 0.885454 0.181914 0.993574 0.181914 0.993574 0.425275 0.885454 0.425275 0.885454 0.181914 0.885454 0.181914
3 0.129325 0.071189 0.420885 0.071189 0.420885 0.107473 0.149673 0.107473
3 0.420885 0.071189 0.885454 0.071189 0.842617 0.095362 0.420885 0.095362
3 0.885454 0.071189 0.885454 0.901809 0.842617 0.875219 0.842617 0.095362
2 0.885454 0.327375 0.885454 0.419474 0.842617 0.419474 0.842617 0.327375
1 0.885454 0.527080 0.885454 0.820153 0.842617 0.820153 0.842617 0.527080
1 0.885454 0.132021 0.885454 0.313681 0.842617 0.313681 0.842617 0.132021
3 0.885454 0.901809 0.473853 0.901809 0.485633 0.875219 0.842617 0.875219
3 0.485633 0.901809 0.397271 0.901809 0.397271 0.843444 0.485633 0.843444
3 0.397271 0.901809 0.129325 0.901809 0.162288 0.875219 0.397271 0.875219
2 0.252482 0.901809 0.165480 0.901809 0.165480 0.875219 0.252482 0.875219
3 0.129325 0.901809 0.129325 0.858552 0.162288 0.858552 0.162288 0.875219
3 0.129325 0.858552 0.129325 0.071189 0.149673 0.107473 0.149673 0.858552
3 0.485633 0.875219 0.485633 0.689667 0.473853 0.702962 0.473853 0.901809
3 0.485633 0.689667 0.267229 0.689667 0.279009 0.702962 0.473853 0.702962
3 0.267229 0.689667 0.267229 0.901809 0.279009 0.901809 0.279009 0.702962
2 0.267229 0.780691 0.267229 0.864547 0.279009 0.864547 0.279009 0.780691
3 0.311469 0.702962 0.311469 0.464714 0.323249 0.490095 0.323249 0.702962
3 0.311469 0.464714 0.485633 0.464714 0.485633 0.490095 0.323249 0.490095
3 0.582488 0.464714 0.885454 0.464714 0.885454 0.490095 0.582488 0.490095
3 0.149673 0.354461 0.217302 0.354461 0.217302 0.343583 0.149673 0.343583
3 0.311469 0.354461 0.379012 0.354461 0.379012 0.343583 0.311469 0.343583
