0 0.069712 0.542217 0.069712 0.658531 0.165299 0.658531 0.165299 0.540294 0.068741 0.540294 0.069712 0.542217
0 0.478657 0.974545 0.478657 0.888430 0.614667 0.888436 0.614667 0.974253 0.478657 0.974545 0.478657 0.974545
0 0.495165 0.711541 0.492147 0.711541 0.492147 0.866420 0.304843 0.866420 0.304843 0.653005 0.364212 0.653005 0.364212 0.650420 0.495165 0.650420
0 0.605985 0.866420 0.500830 0.866420 0.500830 0.711541 0.495165 0.711541 0.495165 0.650420 0.605985 0.650420
0 0.605985 0.650420 0.364212 0.650420 0.364212 0.357333 0.605985 0.357333
0 0.788427 0.581777 0.614667 0.581777 0.614667 0.357333 0.788427 0.357333
0 0.788427 0.866420 0.614667 0.866420 0.614667 0.676058 0.788427 0.676058
0 0.355529 0.528804 0.181726 0.528804 0.181726 0.357333 0.355529 0.357333
0 0.355529 0.643298 0.181726 0.643298 0.181726 0.535665 0.355529 0.535665
0 0.173043 0.521591 0.082226 0.521591 0.082226 0.357333 0.173043 0.357333
0 0.296160 0.755245 0.188623 0.755245 0.188623 0.653005 0.296160 0.653005
0 0.293398 0.863332 0.187473 0.863332 0.187473 0.764951 0.293398 0.764951
0 0.698544 0.666351 0.614667 0.666351 0.614667 0.591484 0.698544 0.591484
0 0.788427 0.666351 0.707226 0.666351 0.707226 0.591484 0.788427 0.591484
3 0.082226 0.357333 0.788427 0.357333 0.806878 0.336706 0.063775 0.336706
1 0.233714 0.357333 0.309163 0.357333 0.309163 0.336706 0.233714 0.336706
2 0.417535 0.357333 0.468688 0.357333 0.468688 0.336706 0.417535 0.336706
1 0.477957 0.357333 0.537097 0.357333 0.537097 0.336706 0.477957 0.336706
1 0.657626 0.357333 0.734349 0.357333 0.734349 0.336706 0.657626 0.336706
3 0.788427 0.357333 0.788427 0.866420 0.806878 0.888436 0.806878 0.336706
1 0.788427 0.522289 0.788427 0.553022 0.806878 0.553022 0.806878 0.522289
2 0.788427 0.599122 0.788427 0.657379 0.806878 0.657379 0.806878 0.599122
1 0.788427 0.704552 0.788427 0.738143 0.806878 0.738143 0.806878 0.704552
3 0.173043 0.521591 0.082226 0.521591 0.063775 0.542217 0.181726 0.542217
2 0.141004 0.521591 0.089851 0.521591 0.089851 0.542217 0.141004 0.542217
3 0.082226 0.521591 0.082226 0.357333 0.063775 0.336706 0.063775 0.542217
3 0.605985 0.336706 0.605985 0.888436 0.614667 0.888436 0.614667 0.336706
2 0.605985 0.680280 0.605985 0.728734 0.614667 0.728734 0.614667 0.680280
2 0.605985 0.615368 0.605985 0.664440 0.614667 0.664440 0.614667 0.615368
2 0.605985 0.528410 0.605985 0.577476 0.614667 0.577476 0.614667 0.528410
3 0.605985 0.676058 0.806878 0.676058 0.806878 0.666351 0.605985 0.666351
3 0.605985 0.591484 0.806878 0.591484 0.806878 0.581777 0.605985 0.581777
3 0.698544 0.581777 0.698544 0.676058 0.707226 0.676058 0.707226 0.581777
3 0.355529 0.336706 0.355529 0.643298 0.364212 0.653005 0.364212 0.336706
2 0.355529 0.587729 0.355529 0.636176 0.364212 0.636176 0.364212 0.587729
2 0.355529 0.474399 0.355529 0.524691 0.364212 0.524691 0.364212 0.474399
3 0.355529 0.643298 0.163275 0.643298 0.163275 0.653005 0.364212 0.653005
2 0.251617 0.643298 0.206537 0.643298 0.206537 0.653005 0.251617 0.653005
3 0.181726 0.542217 0.181726 0.336706 0.173043 0.336706 0.173043 0.521591
3 0.163275 0.535665 0.364212 0.535665 0.364212 0.528804 0.163275 0.528804
3 0.492147 0.711541 0.492147 0.866420 0.500830 0.866420 0.500830 0.711541
3 0.181726 0.764951 0.293398 0.764951 0.304843 0.755245 0.163275 0.755245
2 0.207818 0.764951 0.252258 0.764951 0.252258 0.755245 0.207818 0.755245
3 0.187473 0.863332 0.187473 0.764951 0.163275 0.764951 0.163275 0.888436
3 0.188623 0.764951 0.188623 0.643298 0.163275 0.643298 0.163275 0.764951
1 0.188623 0.739575 0.188623 0.704552 0.163275 0.704552 0.163275 0.739575
3 0.181726 0.643298 0.181726 0.521591 0.163275 0.521591 0.163275 0.643298
2 0.181726 0.641654 0.181726 0.584113 0.163275 0.584113 0.163275 0.641654
3 0.788427 0.866420 0.296160 0.866420 0.296160 0.888436 0.806878 0.888436
1 0.736585 0.866420 0.661142 0.866420 0.661142 0.888436 0.736585 0.888436
1 0.443111 0.866420 0.366068 0.866420 0.366068 0.888436 0.443111 0.888436
2 0.601676 0.866420 0.549248 0.866420 0.549248 0.888436 0.601676 0.888436
3 0.296160 0.863332 0.187473 0.863332 0.163275 0.888436 0.296160 0.888436
1 0.264403 0.863332 0.236590 0.863332 0.236590 0.888436 0.264403 0.888436
3 0.296160 0.643298 0.296160 0.755245 0.304843 0.755245 0.304843 0.643298
3 0.293398 0.764951 0.293398 0.888436 0.304843 0.888436 0.304843 0.755245
