0 0.751201 0.602320 0.607315 0.602320 0.607315 0.489973 0.751777 0.489973
0 0.751201 0.602859 0.821750 0.602859 0.821750 0.608290 0.928835 0.608290 0.928835 0.800361 0.607315 0.800361 0.607315 0.602320 0.751201 0.602320
0 0.751915 0.474870 0.751915 0.379015 0.709826 0.379015 0.709826 0.336861 0.709837 0.341839 0.752492 0.341785
0 0.803983 0.304912 0.803983 0.474870 0.818668 0.474870 0.818668 0.517006 0.928835 0.517006 0.928835 0.602859 0.751201 0.602859 0.751777 0.489973 0.751915 0.489973 0.751915 0.474870 0.752929 0.291040
0 0.446659 0.608213 0.446659 0.608023 0.593489 0.608023 0.593489 0.800361 0.271174 0.800361 0.271174 0.609045 0.379918 0.609045 0.379918 0.608023 0.439170 0.608023
0 0.447304 0.342292 0.490996 0.342292 0.490996 0.378562 0.446965 0.378562 0.446965 0.489973 0.593489 0.489973 0.593489 0.608023 0.446659 0.608023 0.446659 0.291017 0.447304 0.290936
0 0.446659 0.608213 0.379918 0.606475 0.379918 0.604067 0.271174 0.604067 0.271174 0.517495 0.381670 0.517495 0.381670 0.475431 0.396233 0.475431 0.396233 0.305451 0.446659 0.291017
0 0.447304 0.285161 0.447506 0.285161 0.389441 0.301427 0.389320 0.301640 0.389320 0.331873 0.271174 0.331873 0.271174 0.137290 0.447304 0.137290
0 0.593489 0.336861 0.454218 0.336861 0.454218 0.137290 0.593489 0.137290
0 0.602292 0.991853 0.265592 0.991853 0.255211 0.930590 0.602292 0.930590
0 0.944798 0.930753 0.934555 0.930753 0.934555 0.991853 0.602292 0.991853 0.602292 0.930590
0 0.602292 0.930590 0.255222 0.930590 0.255222 0.816347 0.602292 0.816347
0 0.944925 0.930753 0.602292 0.930590 0.602292 0.816347 0.944971 0.816347
0 0.928835 0.333344 0.810320 0.333344 0.810320 0.301359 0.752682 0.285586 0.752682 0.137290 0.928835 0.137290
0 0.746345 0.336815 0.709826 0.336861 0.607315 0.336861 0.607315 0.137290 0.746345 0.137290
0 0.389320 0.466832 0.271174 0.466832 0.271174 0.337304 0.389320 0.337304
0 0.928835 0.466723 0.810320 0.466723 0.810320 0.338322 0.928835 0.338322
0 0.489843 0.413208 0.590712 0.413208 0.590712 0.480921 0.453878 0.480921 0.453878 0.383994 0.489843 0.383994
0 0.745578 0.480921 0.609746 0.480921 0.609746 0.413208 0.709826 0.413208 0.709826 0.383994 0.745578 0.383994
0 0.590712 0.404609 0.500789 0.404609 0.500789 0.346818 0.590712 0.346818
0 0.698880 0.404609 0.609746 0.404609 0.609746 0.346818 0.698880 0.346818
0 0.928835 0.512028 0.825005 0.512028 0.825005 0.474870 0.928835 0.474870
0 0.374757 0.512064 0.271174 0.512064 0.271174 0.475431 0.374757 0.475431
3 0.271174 0.800361 0.271174 0.137290 0.251011 0.121449 0.251011 0.816202
2 0.271174 0.437381 0.271174 0.396395 0.251011 0.396395 0.251011 0.437381
2 0.271174 0.572223 0.271174 0.533662 0.251011 0.533662 0.251011 0.572223
2 0.271174 0.532974 0.271174 0.519853 0.251011 0.519853 0.251011 0.532974
3 0.271174 0.137290 0.928835 0.137290 0.948998 0.121449 0.251011 0.121449
1 0.797859 0.137290 0.886031 0.137290 0.886031 0.121449 0.797859 0.121449
1 0.652239 0.137290 0.740411 0.137290 0.740411 0.121449 0.652239 0.121449
1 0.460341 0.137290 0.549711 0.137290 0.549711 0.121449 0.460341 0.121449
1 0.315522 0.137290 0.403688 0.137290 0.403688 0.121449 0.315522 0.121449
3 0.928835 0.137290 0.928835 0.800361 0.948998 0.816202 0.948998 0.121449
2 0.928835 0.533399 0.928835 0.572571 0.948998 0.572571 0.948998 0.533399
2 0.928835 0.518568 0.928835 0.532874 0.948998 0.532874 0.948998 0.518568
2 0.928835 0.395594 0.928835 0.435666 0.948998 0.435666 0.948998 0.395594
3 0.928835 0.800361 0.271174 0.800361 0.251011 0.816202 0.948998 0.816202
2 0.457121 0.800361 0.407974 0.800361 0.407974 0.816202 0.457121 0.816202
2 0.791407 0.800361 0.743021 0.800361 0.743021 0.816202 0.791407 0.816202
1 0.401833 0.800361 0.300717 0.800361 0.300717 0.816202 0.401833 0.816202
1 0.566188 0.800361 0.466563 0.800361 0.466563 0.816202 0.566188 0.816202
1 0.736505 0.800361 0.636581 0.800361 0.636581 0.816202 0.736505 0.816202
1 0.898469 0.800361 0.799144 0.800361 0.799144 0.816202 0.898469 0.816202
3 0.593489 0.800361 0.593489 0.489973 0.607315 0.489973 0.607315 0.800361
3 0.590712 0.489973 0.590712 0.336861 0.609746 0.346818 0.609746 0.489973
3 0.593489 0.336861 0.593489 0.137290 0.607315 0.137290 0.607315 0.336861
3 0.751915 0.489973 0.446965 0.489973 0.453878 0.480921 0.745578 0.480921
3 0.446965 0.489973 0.446965 0.378562 0.453878 0.383994 0.453878 0.480921
2 0.446965 0.451253 0.446965 0.412756 0.453878 0.412756 0.453878 0.451253
3 0.453878 0.383994 0.489843 0.383994 0.500789 0.378562 0.446965 0.378562
3 0.500789 0.383994 0.500789 0.336861 0.490996 0.342292 0.490996 0.378562
3 0.490996 0.336861 0.609746 0.336861 0.609746 0.346818 0.490996 0.346818
3 0.590712 0.336861 0.709826 0.336861 0.698880 0.346818 0.609746 0.346818
3 0.698880 0.346818 0.698880 0.404609 0.709826 0.413208 0.709826 0.336861
3 0.698880 0.404609 0.500789 0.404609 0.489843 0.413208 0.709826 0.413208
2 0.696518 0.404609 0.649295 0.404609 0.649295 0.413208 0.696518 0.413208
2 0.549850 0.404609 0.504263 0.404609 0.504263 0.413208 0.549850 0.413208
3 0.500789 0.404609 0.500789 0.378562 0.489843 0.383994 0.489843 0.413208
3 0.709826 0.383994 0.745578 0.383994 0.751915 0.379015 0.709826 0.379015
3 0.751915 0.379015 0.751915 0.489973 0.745578 0.480921 0.745578 0.383994
2 0.751915 0.414096 0.751915 0.451394 0.745578 0.451394 0.745578 0.414096
3 0.271174 0.609045 0.379918 0.609045 0.379918 0.604067 0.271174 0.604067
3 0.271174 0.475431 0.396233 0.475431 0.389320 0.466832 0.271174 0.466832
3 0.396233 0.475431 0.396233 0.305451 0.389320 0.301640 0.389320 0.466832
2 0.396233 0.431910 0.396233 0.400310 0.389320 0.400310 0.389320 0.431910
3 0.396233 0.305451 0.447304 0.290936 0.454218 0.283192 0.389320 0.301640
2 0.400566 0.304220 0.444487 0.291737 0.442137 0.286627 0.398215 0.299114
3 0.447304 0.285161 0.447304 0.137290 0.454218 0.137290 0.454218 0.285161
3 0.454218 0.283192 0.454218 0.336861 0.447304 0.342292 0.447304 0.290936
2 0.454218 0.296534 0.454218 0.333231 0.447304 0.333231 0.447304 0.296534
3 0.454218 0.336861 0.500789 0.336861 0.490996 0.342292 0.447304 0.342292
3 0.389320 0.337304 0.271174 0.337304 0.271174 0.331873 0.389320 0.331873
3 0.271174 0.517495 0.381670 0.517495 0.374757 0.512064 0.271174 0.512064
2 0.311518 0.517495 0.347945 0.517495 0.347945 0.512064 0.311518 0.512064
3 0.374757 0.512064 0.374757 0.475431 0.381670 0.475431 0.381670 0.517495
3 0.928835 0.474870 0.803983 0.474870 0.810320 0.466723 0.928835 0.466723
3 0.803983 0.474870 0.803983 0.338322 0.810320 0.338322 0.810320 0.466723
2 0.803983 0.431855 0.803983 0.399889 0.810320 0.399889 0.810320 0.431855
3 0.803983 0.338322 0.928835 0.338322 0.928835 0.333344 0.810320 0.333344
3 0.803983 0.338322 0.803983 0.304912 0.810320 0.301359 0.810320 0.333344
3 0.803983 0.304912 0.752682 0.291040 0.746345 0.284066 0.810320 0.301359
2 0.800342 0.303925 0.754865 0.291633 0.756928 0.286926 0.802405 0.299218
3 0.752682 0.285776 0.752682 0.137290 0.746345 0.137290 0.746345 0.285776
3 0.746345 0.284066 0.746345 0.336815 0.752682 0.341785 0.752682 0.291040
2 0.746345 0.296729 0.746345 0.333253 0.752682 0.333253 0.752682 0.296729
3 0.746345 0.336815 0.709826 0.336861 0.709837 0.341839 0.752682 0.341785
3 0.928835 0.512028 0.825005 0.512028 0.818668 0.517006 0.928835 0.517006
2 0.889718 0.512028 0.853383 0.512028 0.853383 0.517006 0.889718 0.517006
3 0.825005 0.512028 0.825005 0.474870 0.818668 0.474870 0.818668 0.517006
3 0.928835 0.602859 0.821750 0.602859 0.821750 0.608290 0.928835 0.608290
