0 0.511730 0.946242 0.137702 0.946242 0.137697 0.857175 0.511730 0.857175
0 1.000000 0.355780 0.731110 0.355780 0.731110 0.146621 1.000000 0.146621
0 0.216364 0.404810 0.154480 0.404810 0.154480 0.166150 0.216364 0.166150
0 0.439004 0.404810 0.222055 0.404810 0.222055 0.166150 0.216461 0.166150 0.216461 0.404810 0.216364 0.404810 0.216364 0.166150 0.439004 0.166150
0 0.714327 0.378200 0.529495 0.404810 0.445107 0.404810 0.445107 0.166150 0.714327 0.166150
0 0.714327 0.378228 0.803247 0.378228 0.803247 0.723594 0.530039 0.723594 0.530039 0.634281 0.508191 0.634281 0.508191 0.579191 0.488717 0.579191 0.488717 0.502884 0.529495 0.502884 0.529495 0.404810 0.714327 0.378200
0 0.298830 0.834047 0.154480 0.834047 0.154480 0.641505 0.298830 0.641505
0 0.522410 0.834047 0.298830 0.834047 0.298830 0.757088 0.303565 0.757088 0.303565 0.641505 0.522410 0.641505
0 0.698831 0.980097 0.530039 0.980097 0.530039 0.723594 0.698831 0.723594
0 0.803603 0.857392 0.803603 1.000000 0.715614 1.000000 0.715614 0.857379
0 0.983217 0.834932 0.809350 0.834932 0.809350 0.646954 0.983217 0.646954
0 0.983217 0.557077 0.809350 0.557077 0.809350 0.378228 0.983217 0.378228
0 0.376149 0.633343 0.224506 0.633343 0.224506 0.502884 0.376149 0.502884
0 0.376846 0.494721 0.233798 0.494721 0.233798 0.412973 0.376846 0.412973
0 0.523392 0.494721 0.382074 0.494721 0.382074 0.412973 0.523392 0.412973
0 0.482614 0.633343 0.382252 0.633343 0.382252 0.502884 0.482614 0.502884
0 0.803247 0.834932 0.704934 0.834932 0.704934 0.731756 0.803247 0.731756
0 0.218403 0.633343 0.154480 0.633343 0.154480 0.502884 0.218403 0.502884
0 0.227695 0.494721 0.154480 0.494721 0.154480 0.412973 0.227695 0.412973
0 0.869062 0.640403 0.809350 0.640403 0.809350 0.565240 0.869062 0.565240
0 0.926963 0.640403 0.875165 0.640403 0.875165 0.565240 0.926963 0.565240
0 0.983217 0.640403 0.932558 0.640403 0.932558 0.565240 0.983217 0.565240
3 0.154480 0.834047 0.530039 0.834047 0.511730 0.857175 0.137697 0.857175
1 0.190930 0.834047 0.265584 0.834047 0.265584 0.857175 0.190930 0.857175
2 0.349799 0.834047 0.390358 0.834047 0.390358 0.857175 0.349799 0.857175
1 0.418071 0.834047 0.476013 0.834047 0.476013 0.857175 0.418071 0.857175
3 0.530039 0.834047 0.530039 0.980097 0.511730 1.000000 0.511730 0.857175
1 0.530039 0.862331 0.530039 0.937127 0.511730 0.937127 0.511730 0.862331
3 0.530039 0.980097 0.698831 0.980097 0.715614 1.000000 0.511730 1.000000
1 0.581400 0.980097 0.637039 0.980097 0.637039 1.000000 0.581400 1.000000
3 0.698831 0.980097 0.698831 0.834932 0.715614 0.857379 0.715614 1.000000
3 0.698831 0.834932 0.983217 0.834932 1.000000 0.857379 0.715614 0.857379
2 0.723532 0.834932 0.768867 0.834932 0.768867 0.857379 0.723532 0.857379
1 0.870765 0.834932 0.945567 0.834932 0.945567 0.857379 0.870765 0.857379
3 0.983217 0.834932 0.983217 0.378228 1.000000 0.355780 1.000000 0.857379
3 0.983217 0.378228 0.714327 0.378228 0.731110 0.355780 1.000000 0.355780
2 0.783560 0.378228 0.742182 0.378228 0.742182 0.355780 0.783560 0.355780
1 0.945338 0.378228 0.871605 0.378228 0.871605 0.355780 0.945338 0.355780
3 0.714327 0.378228 0.714327 0.166150 0.731110 0.146621 0.731110 0.355780
1 0.714327 0.290391 0.714327 0.210520 0.731110 0.210520 0.731110 0.290391
3 0.714327 0.166150 0.154480 0.166150 0.137697 0.146621 0.731110 0.146621
1 0.572643 0.166150 0.515397 0.166150 0.515397 0.146621 0.572643 0.146621
1 0.326039 0.166150 0.253017 0.166150 0.253017 0.146621 0.326039 0.146621
1 0.633285 0.166150 0.577591 0.166150 0.577591 0.146621 0.633285 0.146621
1 0.696095 0.166150 0.639475 0.166150 0.639475 0.146621 0.696095 0.146621
3 0.154480 0.166150 0.154480 0.834047 0.137697 0.857175 0.137697 0.146621
2 0.154480 0.556131 0.154480 0.614521 0.137697 0.614521 0.137697 0.556131
1 0.154480 0.418571 0.154480 0.474716 0.137697 0.474716 0.137697 0.418571
1 0.154480 0.201269 0.154480 0.258680 0.137697 0.258680 0.137697 0.201269
1 0.154480 0.721975 0.154480 0.778957 0.137697 0.778957 0.137697 0.721975
3 0.530039 0.834047 0.530039 0.634281 0.522410 0.641505 0.522410 0.834047
2 0.530039 0.745579 0.530039 0.689025 0.522410 0.689025 0.522410 0.745579
3 0.530039 0.634281 0.508191 0.634281 0.508191 0.641505 0.522410 0.641505
3 0.508191 0.641505 0.482614 0.641505 0.488717 0.579191 0.508191 0.579191
3 0.482614 0.641505 0.154480 0.641505 0.154480 0.633343 0.482614 0.633343
2 0.373479 0.641505 0.338412 0.641505 0.338412 0.633343 0.373479 0.633343
3 0.224506 0.633343 0.224506 0.502884 0.218403 0.494721 0.218403 0.633343
3 0.224506 0.494721 0.154480 0.494721 0.154480 0.502884 0.224506 0.502884
3 0.218403 0.494721 0.523392 0.494721 0.529495 0.502884 0.224506 0.502884
2 0.337054 0.494721 0.374053 0.494721 0.374053 0.502884 0.337054 0.502884
3 0.529495 0.502884 0.529495 0.404810 0.523392 0.412973 0.523392 0.494721
3 0.529495 0.404810 0.154480 0.404810 0.154480 0.412973 0.523392 0.412973
2 0.285393 0.404810 0.252849 0.404810 0.252849 0.412973 0.285393 0.412973
3 0.482614 0.641505 0.482614 0.502884 0.488717 0.502884 0.488717 0.579191
3 0.382252 0.502884 0.382252 0.633343 0.376149 0.633343 0.376149 0.502884
2 0.382252 0.585292 0.382252 0.629710 0.376149 0.629710 0.376149 0.585292
3 0.382074 0.494721 0.382074 0.412973 0.376846 0.412973 0.376846 0.494721
2 0.382074 0.492375 0.382074 0.449705 0.376846 0.449705 0.376846 0.492375
3 0.233798 0.412973 0.233798 0.494721 0.227695 0.494721 0.227695 0.412973
2 0.233798 0.420163 0.233798 0.463010 0.227695 0.463010 0.227695 0.420163
3 0.222055 0.404810 0.222055 0.166150 0.216461 0.166150 0.216461 0.404810
2 0.222055 0.402334 0.222055 0.357631 0.216461 0.357631 0.216461 0.402334
3 0.445107 0.404810 0.445107 0.166150 0.439004 0.166150 0.439004 0.404810
2 0.445107 0.403416 0.445107 0.344142 0.439004 0.344142 0.439004 0.403416
3 0.698831 0.834932 0.698831 0.723594 0.704934 0.731756 0.704934 0.834932
3 0.698831 0.723594 0.803247 0.723594 0.809350 0.731756 0.704934 0.731756
2 0.722358 0.723594 0.769101 0.723594 0.769101 0.731756 0.722358 0.731756
3 0.809350 0.723594 0.809350 0.834932 0.803247 0.834932 0.803247 0.731756
3 0.809350 0.731756 0.809350 0.378228 0.803247 0.378228 0.803247 0.723594
2 0.809350 0.705235 0.809350 0.649314 0.803247 0.649314 0.803247 0.705235
2 0.809350 0.638948 0.809350 0.595278 0.803247 0.595278 0.803247 0.638948
2 0.809350 0.553812 0.809350 0.496633 0.803247 0.496633 0.803247 0.553812
3 0.809350 0.557077 0.983217 0.557077 0.983217 0.565240 0.809350 0.565240
2 0.892889 0.557077 0.924598 0.557077 0.924598 0.565240 0.892889 0.565240
3 0.809350 0.640403 0.983217 0.640403 0.983217 0.646954 0.809350 0.646954
2 0.949493 0.640403 0.981203 0.640403 0.981203 0.646954 0.949493 0.646954
3 0.875165 0.565240 0.875165 0.640403 0.869062 0.640403 0.869062 0.565240
3 0.932558 0.565240 0.932558 0.640403 0.926963 0.640403 0.926963 0.565240
3 0.303565 0.641505 0.303565 0.757088 0.298830 0.757088 0.298830 0.641505
