0 0.589338 0.995705 0.984337 0.995705 0.984337 0.773213 0.426605 0.773213 0.426605 0.983823 0.590977 0.995181 0.589338 0.995705
0 0.970808 0.761489 0.677587 0.761489 0.677587 0.665481 0.591157 0.665481 0.591157 0.674086 0.664114 0.674086 0.664114 0.761489 0.478376 0.761489 0.478376 0.295066 0.578234 0.295066 0.578234 0.270879 0.478376 0.270879 0.478376 0.073119 0.970808 0.072947
0 0.466025 0.761489 0.411380 0.761489 0.411380 0.761525 0.123178 0.761525 0.123178 0.463691 0.466025 0.463691
0 0.466025 0.457238 0.123178 0.457238 0.123178 0.255082 0.466025 0.255082
0 0.466025 0.248629 0.123178 0.248629 0.123178 0.073119 0.466025 0.073119
0 0.411380 0.981973 0.123178 0.981973 0.123178 0.780169 0.411380 0.780169
3 0.092864 0.054483 0.092864 0.999900 0.123178 0.981973 0.123178 0.073119
1 0.092864 0.131051 0.092864 0.186387 0.123178 0.186387 0.123178 0.131051
1 0.092864 0.348602 0.092864 0.433496 0.123178 0.433496 0.123178 0.348602
1 0.092864 0.564626 0.092864 0.661652 0.123178 0.661652 0.123178 0.564626
3 0.092864 0.999900 0.436081 0.999900 0.411380 0.981973 0.123178 0.981973
3 0.436081 0.999900 0.436081 0.777265 0.411380 0.761489 0.411380 0.981973
2 0.436081 0.911034 0.436081 0.850391 0.411380 0.850391 0.411380 0.911034
3 0.436081 0.777265 1.000000 0.777265 0.970808 0.761489 0.411380 0.761489
2 0.494948 0.777265 0.588709 0.777265 0.588709 0.761489 0.494948 0.761489
1 0.726383 0.777265 0.849819 0.777265 0.849819 0.761489 0.726383 0.761489
3 1.000000 0.777265 1.000000 0.054303 0.970808 0.072947 0.970808 0.761489
1 1.000000 0.684390 1.000000 0.598737 0.970808 0.598737 0.970808 0.684390
1 1.000000 0.598737 1.000000 0.509297 0.970808 0.509297 0.970808 0.598737
1 1.000000 0.337688 1.000000 0.248751 0.970808 0.248751 0.970808 0.337688
1 1.000000 0.180902 1.000000 0.134127 0.970808 0.134127 0.970808 0.180902
3 1.000000 0.054303 0.092864 0.054483 0.123178 0.073119 0.970808 0.072947
3 0.092864 0.780169 0.436081 0.780169 0.436081 0.761525 0.092864 0.761525
3 0.466025 0.054404 0.466025 0.777265 0.478376 0.777265 0.478376 0.054404
2 0.466025 0.132112 0.466025 0.189786 0.478376 0.189786 0.478376 0.132112
2 0.466025 0.390680 0.466025 0.447715 0.478376 0.447715 0.478376 0.390680
2 0.466025 0.648322 0.466025 0.706010 0.478376 0.706010 0.478376 0.648322
3 0.092864 0.463691 0.478376 0.463691 0.478376 0.457238 0.092864 0.457238
3 0.092864 0.255082 0.478376 0.255082 0.478376 0.248629 0.092864 0.248629
3 0.466025 0.295066 0.578234 0.295066 0.578234 0.270879 0.466025 0.270879
3 0.591157 0.674086 0.664114 0.674086 0.677587 0.665481 0.591157 0.665481
3 0.677587 0.665481 0.677587 0.777265 0.664114 0.777265 0.664114 0.674086
