0 0.252008 0.350097 0.163570 0.350097 0.163570 0.332090 0.156054 0.332090 0.156054 0.343349 0.098584 0.343349 0.098584 0.332090 0.065958 0.332090 0.065958 0.214230 0.252008 0.214230
0 0.685411 0.618115 0.810849 0.618115 0.810849 0.829695 0.685311 0.829695 0.685411 0.618115 0.685411 0.618115
0 0.065958 0.493657 0.065958 0.343349 0.156054 0.343349 0.156054 0.493485 0.065958 0.493657 0.065958 0.493657
0 0.293301 0.855967 0.293301 1.000000 0.363728 1.000000 0.363728 0.989492 0.428594 0.989492 0.428594 0.855967 0.293301 0.855967 0.293301 0.855967
0 0.259523 0.553901 0.288687 0.553901 0.288687 0.694602 0.294699 0.694602 0.294699 0.711911 0.426805 0.711911 0.426745 0.501899 0.394971 0.501816 0.394971 0.488688 0.259308 0.488688 0.259523 0.553901 0.259523 0.553901
0 0.259523 0.214298 0.426745 0.214230 0.426745 0.488688 0.259438 0.488688 0.259523 0.214298 0.259523 0.214298
0 0.238120 0.553901 0.288687 0.553901 0.288687 0.829695 0.065958 0.829695 0.065958 0.504819 0.238120 0.504819
0 0.678297 0.666919 0.685311 0.666919 0.685311 0.618115 0.685411 0.618115 0.685411 0.829695 0.685311 0.829695 0.685311 0.752286 0.604638 0.752286 0.604638 0.501816 0.678297 0.501816
0 0.991483 0.842456 0.828384 0.842456 0.828384 0.399959 0.991483 0.399959
0 0.810849 0.488688 0.685311 0.488688 0.685311 0.488531 0.678297 0.488531 0.678297 0.488688 0.604638 0.488688 0.604638 0.214230 0.810849 0.214230
0 0.589944 0.829695 0.433118 0.829695 0.433118 0.501816 0.589944 0.501816
0 0.589944 0.488688 0.433118 0.488688 0.433118 0.214230 0.589944 0.214230
0 0.991483 0.390202 0.828384 0.390202 0.828384 0.200779 0.991483 0.200779
0 0.810849 0.606856 0.685311 0.606856 0.685311 0.501816 0.810849 0.501816
0 0.252008 0.493560 0.163570 0.493560 0.163570 0.361356 0.252008 0.361356
0 0.361488 0.829695 0.294699 0.829695 0.294699 0.720918 0.361488 0.720918
0 0.426855 0.829695 0.367501 0.829695 0.367501 0.720918 0.426855 0.720918
0 0.678297 0.829695 0.604638 0.829695 0.604638 0.762043 0.678297 0.762043
3 0.065958 0.214230 0.810849 0.214230 0.828384 0.187208 0.048423 0.187208
2 0.106319 0.214230 0.147607 0.214230 0.147607 0.187208 0.106319 0.187208
1 0.163029 0.214230 0.221030 0.214230 0.221030 0.187208 0.163029 0.187208
1 0.321242 0.214230 0.395101 0.214230 0.395101 0.187208 0.321242 0.187208
1 0.463810 0.214230 0.538660 0.214230 0.538660 0.187208 0.463810 0.187208
1 0.700832 0.214230 0.774491 0.214230 0.774491 0.187208 0.700832 0.187208
3 0.810849 0.214230 0.810849 0.829695 0.828384 0.855967 0.828384 0.187208
3 0.810849 0.829695 0.065958 0.829695 0.048423 0.855967 0.828384 0.855967
2 0.676894 0.829695 0.629348 0.829695 0.629348 0.855967 0.676894 0.855967
2 0.345326 0.829695 0.297655 0.829695 0.297655 0.855967 0.345326 0.855967
1 0.794992 0.829695 0.735076 0.829695 0.735076 0.855967 0.794992 0.855967
1 0.540624 0.829695 0.465979 0.829695 0.465979 0.855967 0.540624 0.855967
1 0.361458 0.829695 0.347610 0.829695 0.347610 0.855967 0.361458 0.855967
1 0.238846 0.829695 0.213014 0.829695 0.213014 0.855967 0.238846 0.855967
1 0.206696 0.829695 0.133103 0.829695 0.133103 0.855967 0.206696 0.855967
1 0.126415 0.829695 0.100953 0.829695 0.100953 0.855967 0.126415 0.855967
3 0.065958 0.829695 0.065958 0.214230 0.048423 0.187208 0.048423 0.855967
3 0.048423 0.493560 0.252008 0.493560 0.259523 0.504819 0.048423 0.504819
3 0.252008 0.493560 0.252008 0.187208 0.259523 0.187208 0.259523 0.504819
2 0.252008 0.329650 0.252008 0.263995 0.259523 0.263995 0.259523 0.329650
3 0.259523 0.493560 0.259523 0.553901 0.238120 0.553901 0.238120 0.504819
3 0.048423 0.332090 0.098584 0.332090 0.098584 0.343349 0.048423 0.343349
3 0.156054 0.332090 0.156054 0.504819 0.163570 0.504819 0.163570 0.332090
2 0.156054 0.433834 0.156054 0.488929 0.163570 0.488929 0.163570 0.433834
3 0.259523 0.350097 0.156054 0.350097 0.156054 0.361356 0.259523 0.361356
3 0.426855 0.187208 0.426855 0.855967 0.433118 0.855967 0.433118 0.187208
2 0.426855 0.643673 0.426855 0.706589 0.433118 0.706589 0.433118 0.643673
2 0.426855 0.420759 0.426855 0.486377 0.433118 0.486377 0.433118 0.420759
3 0.433118 0.720918 0.294699 0.720918 0.294699 0.711911 0.433118 0.711911
2 0.345992 0.720918 0.296953 0.720918 0.296953 0.711911 0.345992 0.711911
2 0.406985 0.720918 0.369464 0.720918 0.369464 0.711911 0.406985 0.711911
1 0.361017 0.720918 0.349134 0.720918 0.349134 0.711911 0.361017 0.711911
3 0.288687 0.711911 0.288687 0.855967 0.294699 0.855967 0.294699 0.711911
3 0.288687 0.711911 0.288687 0.694602 0.294699 0.694602 0.294699 0.711911
3 0.361488 0.711911 0.361488 0.855967 0.367501 0.855967 0.367501 0.711911
3 0.394971 0.501816 0.828384 0.501816 0.828384 0.488688 0.394971 0.488688
2 0.629694 0.501816 0.677796 0.501816 0.677796 0.488688 0.629694 0.488688
3 0.589944 0.187208 0.589944 0.855967 0.604638 0.855967 0.604638 0.187208
2 0.589944 0.396679 0.589944 0.459385 0.604638 0.459385 0.604638 0.396679
3 0.828384 0.618115 0.678297 0.618115 0.678297 0.606856 0.828384 0.606856
3 0.678297 0.762043 0.589944 0.762043 0.589944 0.752286 0.685311 0.752286
2 0.676739 0.762043 0.629007 0.762043 0.629007 0.752286 0.676739 0.752286
3 1.000000 0.187268 1.000000 0.855967 0.991483 0.842456 0.991483 0.200779
1 1.000000 0.495331 1.000000 0.583250 0.991483 0.583250 0.991483 0.495331
3 1.000000 0.855967 0.810849 0.855967 0.810849 0.842456 0.991483 0.842456
2 0.978822 0.855967 0.852528 0.855967 0.852528 0.842456 0.978822 0.842456
3 0.810849 0.187268 1.000000 0.187268 0.991483 0.200779 0.810849 0.200779
2 0.859642 0.187268 0.901637 0.187268 0.901637 0.200779 0.859642 0.200779
1 0.909848 0.187268 0.966718 0.187268 0.966718 0.200779 0.909848 0.200779
3 0.810849 0.399959 1.000000 0.399959 1.000000 0.390202 0.810849 0.390202
3 0.685311 0.666919 0.685311 0.488531 0.678297 0.488531 0.678297 0.666919
2 0.685311 0.563283 0.685311 0.503986 0.678297 0.503986 0.678297 0.563283
3 0.685311 0.752286 0.685311 0.855967 0.678297 0.855967 0.678297 0.762043
