0 0.335406 0.228977 0.335406 0.568990 0.335799 0.568990 0.335799 0.673420 0.098427 0.673420 0.098427 0.228722
0 0.654509 0.807134 0.473958 0.807134 0.473958 0.673420 0.335799 0.673420 0.335799 0.568990 0.654509 0.568990
0 0.525390 0.560509 0.341468 0.560509 0.341468 0.228977 0.525390 0.228977
0 0.701804 0.427423 0.701804 0.427762 0.719538 0.427762 0.719538 0.560509 0.530769 0.560509 0.530769 0.426651
0 0.984401 0.972387 0.827367 0.972387 0.827367 0.568990 0.984401 0.568990
0 0.301821 0.972387 0.098427 0.972387 0.098427 0.681901 0.301821 0.681901
0 0.984401 0.560509 0.827367 0.560509 0.827367 0.229714 0.984401 0.229714
0 0.821988 0.972387 0.662378 0.972387 0.662378 0.676694 0.821988 0.676694
0 0.468580 0.972387 0.307199 0.972387 0.307199 0.681901 0.468580 0.681901
0 0.719979 0.229714 0.719979 0.336596 0.701804 0.336596 0.701804 0.415550 0.530888 0.414702 0.530888 0.228977 0.612645 0.228977
0 0.821988 0.668213 0.662378 0.668213 0.662378 0.568990 0.821988 0.568990
0 0.821988 0.396698 0.726036 0.396698 0.726036 0.229714 0.821988 0.229714
0 0.821988 0.560509 0.726036 0.560509 0.726036 0.408893 0.821988 0.408893
0 0.554285 0.972387 0.473958 0.972387 0.473958 0.815614 0.554285 0.815614
0 0.654509 0.897715 0.563580 0.897715 0.563580 0.815614 0.654509 0.815614
3 0.098427 0.228722 0.098427 0.972387 0.083904 0.996981 0.083904 0.199871
3 0.554285 0.972387 0.554285 0.897715 0.564720 0.913286 0.564720 0.996981
3 0.554285 0.897715 0.662378 0.897715 0.652691 0.913286 0.564720 0.913286
2 0.593631 0.897715 0.648624 0.897715 0.648624 0.913286 0.593631 0.913286
3 0.662378 0.897715 0.662378 0.972387 0.652691 0.996981 0.652691 0.913286
3 0.098427 0.972387 0.554285 0.972387 0.564720 0.996981 0.083904 0.996981
1 0.355679 0.972387 0.419573 0.972387 0.419573 0.996981 0.355679 0.996981
1 0.419573 0.972387 0.437850 0.972387 0.437850 0.996981 0.419573 0.996981
1 0.122228 0.972387 0.196810 0.972387 0.196810 0.996981 0.122228 0.996981
1 0.195907 0.972387 0.220542 0.972387 0.220542 0.996981 0.195907 0.996981
3 0.652691 0.996981 1.000000 0.996981 0.984401 0.972387 0.662378 0.972387
1 0.713659 0.996981 0.776053 0.996981 0.776053 0.972387 0.713659 0.972387
1 0.774187 0.996981 0.793916 0.996981 0.793916 0.972387 0.774187 0.972387
2 0.860549 0.996981 0.968119 0.996981 0.968119 0.972387 0.860549 0.972387
3 1.000000 0.996981 1.000000 0.200897 0.984401 0.229714 0.984401 0.972387
1 1.000000 0.757081 1.000000 0.670452 0.984401 0.670452 0.984401 0.757081
1 1.000000 0.835171 1.000000 0.757081 0.984401 0.757081 0.984401 0.835171
3 0.984401 0.229714 0.098427 0.228722 0.083904 0.199871 1.000000 0.200897
1 0.224221 0.228858 0.143894 0.228773 0.143910 0.199939 0.224237 0.200024
1 0.302977 0.228951 0.224221 0.228858 0.224237 0.200024 0.302988 0.200117
1 0.320824 0.228968 0.302455 0.228951 0.302466 0.200117 0.320840 0.200134
1 0.453363 0.229112 0.391528 0.229044 0.391539 0.200210 0.453379 0.200278
1 0.471027 0.229138 0.453363 0.229112 0.453379 0.200278 0.471043 0.200304
1 0.642051 0.229324 0.580878 0.229256 0.580894 0.200422 0.642067 0.200490
1 0.660285 0.229350 0.642051 0.229324 0.642067 0.200490 0.660296 0.200516
1 0.790802 0.229494 0.738084 0.229434 0.738095 0.200600 0.790813 0.200660
2 0.578737 0.229256 0.534959 0.229206 0.534975 0.200371 0.578754 0.200422
2 0.880617 0.229596 0.836866 0.229545 0.836882 0.200711 0.880633 0.200762
3 0.341468 0.200159 0.341468 0.560509 0.335406 0.568990 0.335406 0.200159
2 0.341468 0.456435 0.341468 0.512263 0.335406 0.512263 0.335406 0.456435
3 0.335406 0.568990 1.000000 0.568990 1.000000 0.560509 0.341468 0.560509
2 0.484625 0.568990 0.520921 0.568990 0.520921 0.560509 0.484625 0.560509
3 0.827367 0.200702 0.827367 0.996981 0.821988 0.996981 0.821988 0.200702
2 0.827367 0.327869 0.827367 0.386903 0.821988 0.386903 0.821988 0.327869
3 0.525390 0.568990 0.525390 0.200363 0.530769 0.200363 0.530769 0.568990
2 0.525390 0.411140 0.525390 0.357119 0.530769 0.357119 0.530769 0.411140
3 0.726036 0.568990 0.726036 0.427762 0.719538 0.427762 0.719538 0.568990
2 0.726036 0.556472 0.726036 0.511712 0.719538 0.511712 0.719538 0.556472
3 0.720657 0.396698 0.827367 0.396698 0.827367 0.408893 0.720657 0.408893
3 0.726036 0.427762 0.726036 0.336596 0.701804 0.336596 0.701804 0.427762
3 0.726036 0.336596 0.726036 0.200592 0.719979 0.200592 0.719979 0.336596
2 0.726036 0.309788 0.726036 0.233785 0.719979 0.233785 0.719979 0.309788
3 0.525390 0.426651 0.726036 0.427762 0.726063 0.415592 0.525417 0.414481
2 0.584971 0.426982 0.620359 0.427177 0.620385 0.415007 0.584998 0.414812
3 0.662378 0.922309 0.662378 0.560509 0.654509 0.560509 0.654509 0.922309
2 0.662378 0.663879 0.662378 0.610774 0.654509 0.610774 0.654509 0.663879
2 0.662378 0.755979 0.662378 0.685454 0.654509 0.685454 0.654509 0.755979
3 0.654509 0.668213 0.827367 0.668213 0.827367 0.676694 0.654509 0.676694
3 0.083904 0.673420 0.473958 0.673420 0.468580 0.681901 0.083904 0.681901
2 0.256676 0.673420 0.299319 0.673420 0.299319 0.681901 0.256676 0.681901
2 0.312207 0.673420 0.354909 0.673420 0.354909 0.681901 0.312207 0.681901
3 0.473958 0.673420 0.473958 0.996981 0.468580 0.996981 0.468580 0.681901
3 0.307199 0.673420 0.307199 0.996981 0.301821 0.996981 0.301821 0.673420
3 0.468580 0.807134 0.662378 0.807134 0.662378 0.815614 0.468580 0.815614
2 0.592841 0.807134 0.646785 0.807134 0.646785 0.815614 0.592841 0.815614
2 0.516930 0.807134 0.551080 0.807134 0.551080 0.815614 0.516930 0.815614
3 0.554285 0.922309 0.554285 0.807134 0.563580 0.807134 0.563580 0.922309
