0 0.952873 0.711903 0.952873 0.761111 0.976216 0.761388 0.976216 0.711903 0.952873 0.711903 0.952873 0.711903
0 0.783519 0.817583 0.662329 0.817583 0.662118 0.579713 0.783519 0.579713
0 0.941950 0.820356 0.874191 0.820356 0.874191 0.579713 0.942371 0.579713
0 0.868930 0.709186 0.839350 0.709186 0.839350 0.761488 0.789529 0.761488 0.789529 0.579713 0.868930 0.579713
0 0.868930 0.820356 0.837414 0.820356 0.837414 0.940976 0.812740 0.940976 0.812740 0.822748 0.789529 0.822748 0.789529 0.770799 0.868930 0.770799
0 0.941739 0.940976 0.841201 0.940976 0.841201 0.831151 0.941950 0.831151
0 0.807480 0.940976 0.733250 0.940976 0.733250 0.879633 0.752333 0.879633 0.752333 0.833194 0.783519 0.833194 0.783730 0.832780 0.807480 0.832780
0 0.727990 0.940976 0.662329 0.940976 0.662329 0.833194 0.727990 0.833194
0 0.868930 0.761488 0.845243 0.761488 0.845243 0.719219 0.868930 0.719219
3 0.651597 0.961057 0.651418 0.559146 0.662154 0.566370 0.662329 0.961041
1 0.651503 0.746463 0.651475 0.688443 0.662207 0.688423 0.662234 0.746443
1 0.651467 0.666102 0.651442 0.612347 0.662173 0.612331 0.662196 0.666086
3 0.651534 0.833194 0.783519 0.833194 0.789529 0.817583 0.651534 0.817583
3 0.733250 0.961190 0.733250 0.817583 0.727990 0.817583 0.727990 0.961190
2 0.733250 0.941365 0.733250 0.911705 0.727990 0.911705 0.727990 0.941365
3 0.783519 0.832780 0.807480 0.832780 0.812740 0.822748 0.789529 0.822748
2 0.790015 0.832780 0.807320 0.832780 0.807320 0.822748 0.790015 0.822748
3 0.874191 0.831151 0.874191 0.559146 0.868930 0.559146 0.868930 0.831151
2 0.874191 0.812791 0.874191 0.782368 0.868930 0.782368 0.868930 0.812791
3 0.874191 0.709186 0.839350 0.709186 0.845243 0.719219 0.874191 0.719219
3 0.839350 0.709186 0.839350 0.768399 0.845243 0.768399 0.845243 0.719219
3 0.783519 0.770799 0.874191 0.770799 0.874191 0.761488 0.783519 0.761488
2 0.820111 0.770799 0.835158 0.770799 0.835158 0.761488 0.820111 0.761488
2 0.850357 0.770799 0.866308 0.770799 0.866308 0.761488 0.850357 0.761488
3 0.812740 0.961190 0.812740 0.822748 0.807480 0.832780 0.807480 0.961190
2 0.812740 0.940061 0.812740 0.913896 0.807480 0.913896 0.807480 0.940061
3 0.727990 0.879633 0.752333 0.879633 0.752333 0.825047 0.727990 0.825047
3 0.789529 0.817583 0.789529 0.559146 0.783519 0.559146 0.783519 0.817583
2 0.789529 0.802747 0.789529 0.772897 0.783519 0.772897 0.783519 0.802747
3 0.837414 0.820356 0.952229 0.820356 0.952229 0.831151 0.841201 0.831151
2 0.841875 0.820356 0.859007 0.820356 0.859007 0.831151 0.841875 0.831151
2 0.876276 0.820356 0.891464 0.820356 0.891464 0.831151 0.876276 0.831151
3 0.979716 0.761388 0.952549 0.761388 0.952549 0.774828 0.979716 0.774828
3 0.976216 0.761388 0.976216 0.583570 0.979583 0.583570 0.979583 0.761388
3 0.651597 0.961041 0.952229 0.961041 0.941739 0.940976 0.651597 0.940976
1 0.896804 0.961041 0.921912 0.961041 0.921912 0.940976 0.896804 0.940976
1 0.774305 0.961041 0.802097 0.961041 0.802097 0.940976 0.774305 0.940976
1 0.680730 0.961041 0.707339 0.961041 0.707339 0.940976 0.680730 0.940976
3 0.952229 0.961041 0.952873 0.559146 0.942339 0.566370 0.941739 0.940976
2 0.952551 0.759442 0.952610 0.723095 0.942089 0.723031 0.942032 0.759381
1 0.952612 0.722088 0.952633 0.708456 0.942112 0.708396 0.942091 0.722028
3 0.837414 0.820356 0.837414 0.961041 0.841201 0.961041 0.841201 0.831151
2 0.837414 0.914333 0.837414 0.939780 0.841201 0.939780 0.841201 0.914333
3 0.952873 0.559146 0.651418 0.559146 0.651418 0.579713 0.952873 0.579713
0 0.405660 0.953798 0.337598 0.953798 0.337598 0.866506 0.405660 0.866506
0 0.405660 0.866506 0.362753 0.866506 0.362753 0.804821 0.337598 0.804821 0.337598 0.765790 0.405660 0.765790
0 0.431264 0.963846 0.431264 1.000000 0.464556 1.000000 0.464556 0.963830 0.431264 0.963846
0 0.359387 0.860085 0.337598 0.860085 0.337598 0.811242 0.359387 0.811242
0 0.542036 0.953798 0.465320 0.953798 0.465320 0.827635 0.542036 0.827635
0 0.332548 0.953798 0.253674 0.953798 0.253254 0.828595 0.332548 0.828595
0 0.461953 0.953798 0.409027 0.953798 0.409027 0.838776 0.432951 0.838776 0.432951 0.906741 0.436318 0.906741 0.436318 0.832355 0.409027 0.832355 0.409027 0.765790 0.461953 0.765790
0 0.461953 0.759369 0.349627 0.759369 0.349627 0.567136 0.461953 0.567136
0 0.542036 0.821215 0.465320 0.821215 0.465320 0.765790 0.465448 0.765790 0.465448 0.759369 0.465320 0.759369 0.465320 0.567136 0.542036 0.567136
0 0.344577 0.759016 0.332548 0.759016 0.332548 0.822174 0.253254 0.822174 0.252176 0.567136 0.344577 0.567136
3 0.247088 0.557505 0.547086 0.557505 0.542036 0.567136 0.252176 0.567136
2 0.290115 0.557505 0.316981 0.557505 0.316981 0.567136 0.290115 0.567136
2 0.389104 0.557505 0.414518 0.557505 0.414518 0.567136 0.389104 0.567136
2 0.478663 0.557505 0.501104 0.557505 0.501104 0.567136 0.478663 0.567136
1 0.262041 0.557505 0.287695 0.557505 0.287695 0.567136 0.262041 0.567136
1 0.352559 0.557505 0.386684 0.557505 0.386684 0.567136 0.352559 0.567136
1 0.415970 0.557505 0.449370 0.557505 0.449370 0.567136 0.415970 0.567136
1 0.504197 0.557505 0.536467 0.557505 0.536467 0.567136 0.504197 0.567136
3 0.547086 0.557505 0.547086 0.963429 0.542036 0.953798 0.542036 0.567136
1 0.547086 0.600926 0.547086 0.670938 0.542036 0.670938 0.542036 0.600926
3 0.547086 0.963429 0.248662 0.963429 0.253674 0.953798 0.542036 0.953798
2 0.455740 0.963429 0.438092 0.963429 0.438092 0.953798 0.455740 0.953798
1 0.527901 0.963429 0.499168 0.963429 0.499168 0.953798 0.527901 0.953798
1 0.396435 0.963429 0.365081 0.963429 0.365081 0.953798 0.396435 0.953798
3 0.248662 0.963429 0.247088 0.557505 0.252176 0.567136 0.253674 0.953798
1 0.248559 0.936819 0.248368 0.887205 0.253418 0.887133 0.253609 0.936746
1 0.247579 0.684161 0.247349 0.624868 0.252399 0.624796 0.252629 0.684089
1 0.247831 0.748719 0.247623 0.694840 0.252671 0.694767 0.252881 0.748647
3 0.332548 0.963429 0.332548 0.759016 0.337598 0.765790 0.337598 0.963429
2 0.332548 0.803320 0.332548 0.765377 0.337598 0.765377 0.337598 0.803320
3 0.332548 0.759016 0.349627 0.759016 0.349627 0.765790 0.337598 0.765790
3 0.344577 0.759016 0.344577 0.557505 0.349627 0.557505 0.349627 0.765790
3 0.349627 0.765790 0.465448 0.765790 0.465448 0.759369 0.349627 0.759369
2 0.439499 0.765790 0.461503 0.765790 0.461503 0.759369 0.439499 0.759369
3 0.409027 0.963429 0.409027 0.759369 0.405660 0.759369 0.405660 0.963429
2 0.409027 0.810167 0.409027 0.767251 0.405660 0.767251 0.405660 0.810167
3 0.465320 0.953798 0.465320 0.557505 0.461953 0.557505 0.461953 0.953798
2 0.465320 0.807863 0.465320 0.771625 0.461953 0.771625 0.461953 0.807863
2 0.465320 0.639636 0.465320 0.597936 0.461953 0.597936 0.461953 0.639636
3 0.461953 0.827635 0.547086 0.827635 0.547086 0.821215 0.461953 0.821215
2 0.466029 0.827635 0.488098 0.827635 0.488098 0.821215 0.466029 0.821215
3 0.332548 0.811242 0.359387 0.811242 0.362753 0.804821 0.332548 0.804821
3 0.359387 0.811242 0.359387 0.860085 0.362753 0.866506 0.362753 0.804821
2 0.359387 0.832351 0.359387 0.857966 0.362753 0.857966 0.362753 0.832351
3 0.359387 0.860085 0.332548 0.860085 0.332548 0.866506 0.362753 0.866506
3 0.248105 0.828595 0.332548 0.828595 0.332548 0.822174 0.248105 0.822174
2 0.267105 0.828595 0.290026 0.828595 0.290026 0.822174 0.267105 0.822174
3 0.405660 0.838776 0.432951 0.838776 0.436318 0.832355 0.405660 0.832355
2 0.411503 0.838776 0.429452 0.838776 0.429452 0.832355 0.411503 0.832355
3 0.432951 0.838776 0.432951 0.906741 0.436318 0.906741 0.436318 0.832355
0 0.350539 0.167023 0.269732 0.167023 0.270081 0.019853 0.350539 0.019853
0 0.493907 0.093223 0.463567 0.093223 0.463567 0.167023 0.354158 0.167023 0.354158 0.019853 0.493907 0.019853
0 0.477236 0.403211 0.426725 0.403211 0.426725 0.290304 0.450683 0.290304 0.450683 0.354617 0.453419 0.354617 0.453419 0.284433 0.426725 0.284433 0.426725 0.219698 0.477236 0.219698
0 0.350539 0.403211 0.269100 0.403211 0.269521 0.276443 0.350539 0.276443
0 0.557824 0.175382 0.497053 0.175382 0.497053 0.019853 0.557824 0.019853
0 0.557824 0.403211 0.482286 0.403211 0.482286 0.280749 0.557824 0.280749
0 0.421675 0.403211 0.354158 0.403211 0.354158 0.310357 0.369710 0.310357 0.369710 0.276443 0.421675 0.276443
0 0.350539 0.270275 0.269521 0.270275 0.269732 0.176654 0.350539 0.176654
0 0.557824 0.271118 0.482286 0.271118 0.482286 0.210067 0.482179 0.210067 0.482179 0.183433 0.557824 0.183433
0 0.381060 0.219698 0.421675 0.219698 0.421675 0.270275 0.354158 0.270275 0.354158 0.176654 0.381060 0.176654
0 0.493907 0.175382 0.466303 0.175382 0.466303 0.098440 0.493907 0.098440
0 0.430418 0.210067 0.386110 0.210067 0.386110 0.175451 0.430418 0.175451
0 0.456804 0.210067 0.433103 0.210067 0.433103 0.175451 0.456804 0.175451
0 0.479443 0.210067 0.466303 0.210067 0.466303 0.183433 0.479443 0.183433
0 0.451420 0.412843 0.451420 0.444975 0.478959 0.444975 0.478959 0.412843 0.451420 0.412843 0.451420 0.412843
3 0.265060 0.008215 0.563926 0.008215 0.557824 0.019853 0.270081 0.019853
1 0.292875 0.008215 0.339753 0.008215 0.339753 0.019853 0.292875 0.019853
1 0.380163 0.008215 0.410068 0.008215 0.410068 0.019853 0.380163 0.019853
1 0.416936 0.008215 0.451287 0.008215 0.451287 0.019853 0.416936 0.019853
1 0.497943 0.008215 0.538977 0.008215 0.538977 0.019853 0.497943 0.019853
3 0.563926 0.008215 0.563926 0.412843 0.557824 0.403211 0.557824 0.019853
1 0.563926 0.219899 0.563926 0.257337 0.557824 0.257337 0.557824 0.219899
1 0.563926 0.184275 0.563926 0.206989 0.557824 0.206989 0.557824 0.184275
3 0.563926 0.412843 0.264027 0.412843 0.269100 0.403211 0.557824 0.403211
2 0.471630 0.412843 0.455712 0.412843 0.455712 0.403211 0.471630 0.403211
1 0.325450 0.412843 0.294010 0.412843 0.294010 0.403211 0.325450 0.403211
1 0.414028 0.412843 0.387829 0.412843 0.387829 0.403211 0.414028 0.403211
1 0.545325 0.412843 0.517279 0.412843 0.517279 0.403211 0.545325 0.403211
3 0.264027 0.412843 0.265060 0.008215 0.270081 0.019853 0.269100 0.403211
1 0.264431 0.254556 0.264536 0.213266 0.269586 0.213314 0.269481 0.254604
1 0.264553 0.207162 0.264623 0.179299 0.269673 0.179343 0.269601 0.207210
3 0.264654 0.167023 0.386110 0.167023 0.386110 0.176654 0.264654 0.176654
2 0.292932 0.167023 0.326993 0.167023 0.326993 0.176654 0.292932 0.176654
3 0.386110 0.167023 0.386110 0.210067 0.381060 0.219698 0.381060 0.176654
3 0.386110 0.210067 0.482286 0.210067 0.477236 0.219698 0.381060 0.219698
2 0.441957 0.210067 0.456352 0.210067 0.456352 0.219698 0.441957 0.219698
2 0.393723 0.210067 0.410912 0.210067 0.410912 0.219698 0.393723 0.219698
3 0.482286 0.210067 0.482286 0.412843 0.477236 0.412843 0.477236 0.219698
2 0.482286 0.222175 0.482286 0.255122 0.477236 0.255122 0.477236 0.222175
3 0.421675 0.412843 0.421675 0.210067 0.426725 0.210067 0.426725 0.412843
2 0.421675 0.255876 0.421675 0.223106 0.426725 0.223106 0.426725 0.255876
3 0.264383 0.270275 0.426725 0.270275 0.426725 0.276443 0.264383 0.276443
2 0.390335 0.270275 0.409363 0.270275 0.409363 0.276443 0.390335 0.276443
2 0.296760 0.270275 0.320609 0.270275 0.320609 0.276443 0.296760 0.276443
3 0.350539 0.403211 0.350539 0.008215 0.354158 0.008215 0.354158 0.403211
2 0.350539 0.370433 0.350539 0.333035 0.354158 0.333035 0.354158 0.370433
2 0.350539 0.235361 0.350539 0.192498 0.354158 0.192498 0.354158 0.235361
3 0.477236 0.271118 0.563926 0.271118 0.563926 0.280749 0.477236 0.280749
2 0.505464 0.271118 0.525319 0.271118 0.525319 0.280749 0.505464 0.280749
3 0.386110 0.167023 0.463567 0.167023 0.466303 0.175451 0.386110 0.175451
2 0.441324 0.167023 0.457886 0.167023 0.457886 0.175451 0.441324 0.175451
3 0.466303 0.167023 0.466303 0.219698 0.456804 0.219698 0.456804 0.175451
3 0.430418 0.219698 0.430418 0.167023 0.433103 0.167023 0.433103 0.219698
3 0.456804 0.175382 0.563926 0.175382 0.563926 0.183433 0.456804 0.183433
2 0.502492 0.175382 0.532145 0.175382 0.532145 0.183433 0.502492 0.183433
3 0.493907 0.183433 0.493907 0.008215 0.497053 0.008215 0.497053 0.183433
3 0.466303 0.175451 0.466303 0.098440 0.463567 0.093223 0.463567 0.167023
2 0.466303 0.163632 0.466303 0.135063 0.463567 0.135063 0.463567 0.163632
3 0.466303 0.098440 0.497053 0.098440 0.497053 0.093223 0.463567 0.093223
3 0.421675 0.290304 0.450683 0.290304 0.453419 0.284433 0.421675 0.284433
2 0.428562 0.290304 0.445189 0.290304 0.445189 0.284433 0.428562 0.284433
3 0.450683 0.290304 0.450683 0.354617 0.453419 0.354617 0.453419 0.284433
3 0.350539 0.310357 0.369710 0.310357 0.369710 0.272522 0.350539 0.272522
3 0.482179 0.210067 0.497853 0.210067 0.501009 0.216087 0.482179 0.216087
2 0.483479 0.210067 0.497215 0.210067 0.497215 0.216087 0.483479 0.216087
3 0.501009 0.216087 0.501009 0.175382 0.497853 0.175382 0.497853 0.210067
0 0.738553 0.213358 0.741499 0.213358 0.741499 0.254042 0.738185 0.254042 0.738185 0.281720 0.659776 0.281720 0.659776 0.254042 0.659566 0.155369 0.738553 0.155369
0 0.779833 0.210497 0.810287 0.210497 0.810287 0.281720 0.741551 0.281720 0.741551 0.254042 0.741499 0.254042 0.741499 0.155369 0.779833 0.155369
0 0.946339 0.281720 0.870912 0.281720 0.870912 0.155369 0.946339 0.155369
0 0.867546 0.281720 0.813653 0.281720 0.813653 0.210497 0.840233 0.210497 0.840233 0.155369 0.867546 0.155369
0 0.836867 0.204076 0.783199 0.204076 0.783199 0.155369 0.836867 0.155369
3 0.779833 0.146541 0.779833 0.210497 0.783199 0.204076 0.783199 0.146541
3 0.779833 0.210497 0.840233 0.210497 0.836867 0.204076 0.783199 0.204076
2 0.817746 0.210497 0.834154 0.210497 0.834154 0.204076 0.817746 0.204076
3 0.840233 0.210497 0.840233 0.146541 0.836867 0.146541 0.836867 0.204076
3 0.654747 0.146541 0.738553 0.146541 0.738553 0.155369 0.659635 0.155369
3 0.738553 0.146541 0.953283 0.146541 0.946339 0.155369 0.738553 0.155369
3 0.654939 0.281744 0.654747 0.146541 0.659635 0.155369 0.659814 0.281720
1 0.654884 0.243556 0.654794 0.179299 0.659671 0.179275 0.659761 0.243532
3 0.738185 0.254042 0.738185 0.281720 0.741551 0.281720 0.741551 0.254042
3 0.813653 0.281720 0.813653 0.204076 0.810287 0.204076 0.810287 0.281720
2 0.813653 0.248255 0.813653 0.211741 0.810287 0.211741 0.810287 0.248255
3 0.654943 0.281720 0.867546 0.281720 0.867546 0.288960 0.654943 0.288960
2 0.843221 0.281720 0.865254 0.281720 0.865254 0.288960 0.843221 0.288960
3 0.867546 0.281720 0.946339 0.281720 0.953283 0.288960 0.867546 0.288960
3 0.870912 0.288960 0.870912 0.146541 0.867546 0.146541 0.867546 0.281720
2 0.870912 0.255242 0.870912 0.215934 0.867546 0.215934 0.867546 0.255242
3 0.953283 0.146541 0.953283 0.288960 0.946339 0.281720 0.946339 0.155369
1 0.953283 0.177204 0.953283 0.252670 0.946339 0.252670 0.946339 0.177204
