0 0.355137 0.550942 0.316952 0.550942 0.316952 0.485796 0.355137 0.485796
0 0.355137 0.481975 0.316952 0.481975 0.316952 0.415158 0.355137 0.415158
0 0.355137 0.634799 0.316952 0.634799 0.316952 0.555918 0.355137 0.555918
0 0.125335 0.465806 0.083685 0.465806 0.083135 0.360050 0.125335 0.360050
0 0.298201 0.814164 0.247526 0.814164 0.247526 0.669696 0.298201 0.669696
0 0.355137 0.814164 0.301331 0.814164 0.301331 0.664935 0.314621 0.639301 0.355137 0.639301
0 0.355137 0.410957 0.264197 0.410957 0.264197 0.415158 0.313813 0.415158 0.313813 0.634799 0.313750 0.634799 0.298126 0.664935 0.244940 0.664935 0.244940 0.814164 0.171021 0.814164 0.171021 0.741849 0.215276 0.741849 0.215276 0.657150 0.212450 0.657150 0.212450 0.737287 0.171021 0.737287 0.171021 0.581052 0.213077 0.581052 0.213077 0.576290 0.171021 0.576290 0.171021 0.286829 0.355137 0.286829
0 0.266617 0.450684 0.267052 0.620154 0.264612 0.620173 0.264176 0.450703
0 0.271349 0.317774 0.271349 0.378994 0.263876 0.378994 0.263876 0.317774
0 0.252952 0.825578 0.252952 0.959805 0.080107 0.959805 0.080107 0.141549 0.253171 0.141549 0.253171 0.274899 0.163608 0.275023 0.163608 0.826356 0.253241 0.826356 0.252952 0.825578
3 0.163608 0.286829 0.355137 0.286829 0.361029 0.275023 0.163608 0.275023
1 0.175549 0.286829 0.229315 0.286829 0.229315 0.275023 0.175549 0.275023
1 0.295891 0.286829 0.330936 0.286829 0.330936 0.275023 0.295891 0.275023
3 0.355137 0.286829 0.355137 0.814164 0.361029 0.826390 0.361029 0.275023
3 0.355137 0.814164 0.171021 0.814164 0.163608 0.826390 0.361029 0.826390
1 0.342965 0.814164 0.307943 0.814164 0.307943 0.826390 0.342965 0.826390
1 0.291035 0.814164 0.255638 0.814164 0.255638 0.826390 0.291035 0.826390
1 0.243364 0.814164 0.214905 0.814164 0.214905 0.826390 0.243364 0.826390
3 0.171021 0.814164 0.171021 0.275023 0.163608 0.275023 0.163608 0.826390
2 0.171021 0.571337 0.171021 0.540833 0.163608 0.540833 0.163608 0.571337
2 0.171021 0.784641 0.171021 0.750935 0.163608 0.750935 0.163608 0.784641
1 0.171021 0.528918 0.171021 0.478590 0.163608 0.478590 0.163608 0.528918
1 0.171021 0.347289 0.171021 0.294840 0.163608 0.294840 0.163608 0.347289
1 0.171021 0.704977 0.171021 0.651911 0.163608 0.651911 0.163608 0.704977
3 0.355137 0.410957 0.264197 0.410957 0.264197 0.415158 0.355137 0.415158
3 0.313813 0.410957 0.313813 0.639301 0.316952 0.634799 0.316952 0.410957
2 0.313813 0.598405 0.313813 0.628458 0.316952 0.628458 0.316952 0.598405
2 0.313813 0.518775 0.313813 0.548825 0.316952 0.548825 0.316952 0.518775
3 0.314621 0.639301 0.361029 0.639301 0.361029 0.634799 0.313750 0.634799
3 0.313813 0.555918 0.361029 0.555918 0.361029 0.550942 0.313813 0.550942
3 0.313813 0.485796 0.361029 0.485796 0.361029 0.481975 0.313813 0.481975
2 0.317621 0.485796 0.336567 0.485796 0.336567 0.481975 0.317621 0.481975
3 0.263876 0.317774 0.263876 0.378994 0.271349 0.378994 0.271349 0.317774
3 0.267052 0.620154 0.266617 0.450684 0.264176 0.450703 0.264612 0.620173
3 0.247526 0.825676 0.247526 0.669696 0.244940 0.664935 0.244940 0.825676
3 0.247526 0.669696 0.298862 0.669696 0.298126 0.664935 0.244940 0.664935
2 0.278996 0.669696 0.297248 0.669696 0.297248 0.664935 0.278996 0.664935
3 0.298201 0.669696 0.298201 0.825676 0.301331 0.825676 0.301331 0.664935
3 0.298862 0.669696 0.314621 0.639301 0.313750 0.634799 0.298126 0.664935
2 0.301576 0.664461 0.313810 0.640861 0.311926 0.638315 0.299692 0.661915
3 0.083135 0.360050 0.125335 0.360050 0.128288 0.354886 0.080207 0.354886
3 0.125335 0.360050 0.125335 0.465806 0.128288 0.470808 0.128288 0.354886
2 0.125335 0.425854 0.125335 0.456573 0.128288 0.456573 0.128288 0.425854
3 0.125335 0.465806 0.083685 0.465806 0.080811 0.470808 0.128288 0.470808
3 0.083685 0.465806 0.083135 0.360050 0.080207 0.354886 0.080811 0.470808
0 0.665747 0.555722 0.627052 0.555722 0.627052 0.488515 0.665747 0.488515
0 0.665747 0.482873 0.627052 0.482873 0.627052 0.407964 0.665747 0.407964
0 0.665747 0.639583 0.627052 0.639583 0.627052 0.560307 0.665747 0.560307
0 0.435943 0.473144 0.394232 0.473144 0.394237 0.366940 0.435943 0.366940
0 0.665747 0.403101 0.580152 0.403101 0.580152 0.286584 0.665747 0.286584
0 0.577434 0.407964 0.624802 0.407964 0.624802 0.639583 0.608189 0.639583 0.608189 0.644254 0.665747 0.644254 0.665747 0.813690 0.580276 0.813690 0.580276 0.640598 0.576782 0.640598 0.576782 0.813690 0.480430 0.813690 0.480663 0.740600 0.526067 0.740600 0.526067 0.656785 0.523137 0.656785 0.523137 0.736734 0.480663 0.736734 0.480896 0.580044 0.523929 0.580044 0.523929 0.575245 0.480896 0.575245 0.481513 0.286584 0.577434 0.286584
0 0.645871 0.754125 0.645871 0.759029 0.600932 0.759029 0.600932 0.754125
0 0.577392 0.444606 0.580138 0.444617 0.579929 0.602357 0.577183 0.602350
0 0.472357 0.824766 0.391055 0.824766 0.391055 0.274474 0.473377 0.274474 0.473377 0.824788 0.472357 0.824766
3 0.481513 0.286584 0.665747 0.286584 0.672876 0.274384 0.473727 0.274384
1 0.486248 0.286584 0.539643 0.286584 0.539643 0.274384 0.486248 0.274384
1 0.606123 0.286584 0.642163 0.286584 0.642163 0.274384 0.606123 0.274384
3 0.665747 0.286584 0.665747 0.813690 0.672876 0.825420 0.672876 0.274384
1 0.665747 0.424395 0.665747 0.469770 0.672876 0.469770 0.672876 0.424395
1 0.665747 0.653829 0.665747 0.709848 0.672876 0.709848 0.672876 0.653829
3 0.665747 0.813690 0.480430 0.813690 0.472595 0.825420 0.672876 0.825420
1 0.574970 0.813690 0.532048 0.813690 0.532048 0.825420 0.574970 0.825420
3 0.480430 0.813690 0.481513 0.286584 0.473727 0.274384 0.472595 0.825420
2 0.480928 0.570882 0.480991 0.540280 0.473179 0.540238 0.473117 0.570841
2 0.480490 0.784404 0.480560 0.750589 0.472749 0.750548 0.472679 0.784362
1 0.480656 0.703796 0.480763 0.651881 0.472951 0.651839 0.472844 0.703755
1 0.481012 0.530152 0.481121 0.477845 0.473308 0.477804 0.473200 0.530110
1 0.481389 0.347511 0.481499 0.294249 0.473685 0.294208 0.473575 0.347470
3 0.580276 0.825420 0.580276 0.640598 0.576782 0.640598 0.576782 0.825420
3 0.608189 0.644254 0.672876 0.644254 0.672876 0.639583 0.608189 0.639583
3 0.577434 0.274384 0.577434 0.407964 0.580152 0.403101 0.580152 0.274384
3 0.577434 0.407964 0.672876 0.407964 0.672876 0.403101 0.580152 0.403101
2 0.581594 0.407964 0.600594 0.407964 0.600594 0.403101 0.581594 0.403101
3 0.624802 0.403101 0.624802 0.644254 0.627052 0.644254 0.627052 0.403101
2 0.624802 0.524119 0.624802 0.553725 0.627052 0.553725 0.627052 0.524119
2 0.624802 0.603218 0.624802 0.633655 0.627052 0.633655 0.627052 0.603218
3 0.624802 0.560307 0.672876 0.560307 0.672876 0.555722 0.624802 0.555722
3 0.624802 0.488515 0.672876 0.488515 0.672876 0.482873 0.624802 0.482873
2 0.629698 0.488515 0.648184 0.488515 0.648184 0.482873 0.629698 0.482873
3 0.394237 0.366940 0.435943 0.366940 0.438952 0.361298 0.390743 0.361298
3 0.435943 0.366940 0.435943 0.473144 0.438952 0.477612 0.438952 0.361298
2 0.435943 0.433421 0.435943 0.463772 0.438952 0.463772 0.438952 0.433421
3 0.435943 0.473144 0.394232 0.473144 0.390738 0.477612 0.438952 0.477612
3 0.394232 0.473144 0.394237 0.366940 0.390743 0.361298 0.390738 0.477612
3 0.579929 0.602357 0.580138 0.444617 0.577392 0.444606 0.577183 0.602350
3 0.600932 0.759029 0.645871 0.759029 0.645871 0.754125 0.600932 0.754125
0 0.781351 0.640688 0.699101 0.640688 0.699101 0.274741 0.780603 0.274392 0.781351 0.640688 0.781351 0.640688
0 0.884404 0.482441 0.972619 0.482441 0.972619 0.550472 0.931576 0.550472 0.931576 0.639447 0.884441 0.639447 0.884441 0.813238 0.788629 0.813238 0.787910 0.285452 0.884404 0.285452
0 0.972619 0.477548 0.887201 0.477548 0.887201 0.285452 0.972619 0.285452
0 0.972619 0.813238 0.887569 0.813238 0.887569 0.645679 0.972619 0.645679
0 0.972619 0.639447 0.934460 0.639447 0.934460 0.554473 0.972619 0.554473
3 0.787910 0.285452 0.972619 0.285452 0.980428 0.274937 0.780603 0.274937
1 0.795395 0.285452 0.846525 0.285452 0.846525 0.274937 0.795395 0.274937
1 0.912870 0.285452 0.949429 0.285452 0.949429 0.274937 0.912870 0.274937
3 0.972619 0.285452 0.972619 0.813238 0.980428 0.824856 0.980428 0.274937
1 0.972619 0.655672 0.972619 0.711141 0.980428 0.711141 0.980428 0.655672
1 0.972619 0.493712 0.972619 0.538633 0.980428 0.538633 0.980428 0.493712
3 0.972619 0.813238 0.788629 0.813238 0.781351 0.824856 0.980428 0.824856
1 0.881733 0.813238 0.839798 0.813238 0.839798 0.824856 0.881733 0.824856
3 0.788629 0.813238 0.787910 0.285452 0.780603 0.274937 0.781351 0.824856
2 0.788345 0.605426 0.788306 0.575395 0.781013 0.575422 0.781053 0.605452
1 0.787996 0.347421 0.787924 0.295351 0.780631 0.295377 0.780701 0.347447
1 0.788245 0.531765 0.788173 0.478657 0.780881 0.478684 0.780953 0.531788
1 0.788480 0.703920 0.788408 0.650087 0.781113 0.650113 0.781188 0.703947
3 0.980428 0.639447 0.884441 0.639447 0.887569 0.645679 0.980428 0.645679
2 0.908288 0.639447 0.889223 0.639447 0.889223 0.645679 0.908288 0.645679
3 0.884441 0.639447 0.884441 0.824856 0.887569 0.824856 0.887569 0.645679
3 0.934460 0.639447 0.934460 0.554473 0.931576 0.550472 0.931576 0.639447
2 0.934460 0.628796 0.934460 0.598010 0.931576 0.598010 0.931576 0.628796
3 0.934460 0.554473 0.980428 0.554473 0.980428 0.550472 0.931576 0.550472
3 0.884404 0.274937 0.884404 0.482441 0.887201 0.477548 0.887201 0.274937
3 0.884404 0.482441 0.980428 0.482441 0.980428 0.477548 0.887201 0.477548
2 0.888762 0.482441 0.907347 0.482441 0.907347 0.477548 0.888762 0.477548
