0 0.450813 0.543671 0.450886 0.543671 0.450886 0.601722 0.450813 0.601722 0.449844 0.643907 0.225672 0.643907 0.225672 0.491907 0.450813 0.491907
0 0.449844 0.795199 0.225672 0.795199 0.225672 0.654858 0.449844 0.654858
0 0.964510 0.795199 0.466443 0.795199 0.466443 0.761453 0.450813 0.761453 0.450813 0.795199 0.449844 0.795199 0.449844 0.654858 0.450813 0.654858 0.450813 0.704272 0.495202 0.704272 0.495202 0.621033 0.466443 0.621033 0.466443 0.601722 0.450886 0.601722 0.450886 0.543671 0.466443 0.543671 0.466443 0.491907 0.964510 0.491907
0 0.450813 0.944133 0.225672 0.944133 0.225672 0.806150 0.450813 0.806150
0 0.466443 0.954412 0.979171 0.955084 0.979171 0.806150 0.466360 0.806150 0.466443 0.954412
3 0.225672 0.491907 0.964510 0.491907 0.980140 0.480955 0.210043 0.480955
1 0.273989 0.491907 0.394963 0.491907 0.394963 0.480955 0.273989 0.480955
3 0.964510 0.491907 0.964510 0.795199 0.980140 0.806150 0.980140 0.480955
1 0.964510 0.675761 0.964510 0.760884 0.980140 0.760884 0.980140 0.675761
3 0.964510 0.795199 0.450813 0.795199 0.466443 0.806150 0.980140 0.806150
2 0.596409 0.795199 0.511623 0.795199 0.511623 0.806150 0.596409 0.806150
1 0.773463 0.795199 0.659282 0.795199 0.659282 0.806150 0.773463 0.806150
1 0.904721 0.795199 0.786800 0.795199 0.786800 0.806150 0.904721 0.806150
3 0.450813 0.795199 0.450813 0.944133 0.466443 0.955084 0.466443 0.806150
3 0.450813 0.944133 0.225672 0.944133 0.210043 0.955084 0.466443 0.955084
1 0.393035 0.944133 0.272989 0.944133 0.272989 0.955084 0.393035 0.955084
3 0.225672 0.944133 0.225672 0.491907 0.210043 0.480955 0.210043 0.955084
1 0.225672 0.765498 0.225672 0.682427 0.210043 0.682427 0.210043 0.765498
3 0.210043 0.480955 0.190453 0.480955 0.190453 0.491907 0.210043 0.491907
3 0.210043 0.480955 0.210043 0.466083 0.225672 0.466083 0.225672 0.480955
3 0.450813 0.466083 0.450813 0.543671 0.466443 0.543671 0.466443 0.466083
3 0.980140 0.480955 0.980140 0.466083 0.964510 0.466083 0.964510 0.480955
3 0.980140 0.480955 1.000000 0.480955 1.000000 0.491907 0.980140 0.491907
3 0.980140 0.806150 1.000000 0.806150 1.000000 0.795199 0.980140 0.795199
3 0.980140 0.806150 0.980140 0.822337 0.964510 0.822337 0.964510 0.806150
3 0.450813 0.795199 0.190453 0.795199 0.190453 0.806150 0.450813 0.806150
2 0.420606 0.795199 0.347480 0.795199 0.347480 0.806150 0.420606 0.806150
3 0.466443 0.795199 0.466443 0.761453 0.450813 0.761453 0.450813 0.795199
3 0.466443 0.955084 0.486439 0.955084 0.486439 0.944133 0.466443 0.944133
3 0.466443 0.955084 0.466443 0.970891 0.450813 0.970891 0.450813 0.955084
3 0.210043 0.944133 0.190453 0.944133 0.190453 0.955084 0.210043 0.955084
3 0.210043 0.955084 0.210043 0.970891 0.225672 0.970891 0.225672 0.955084
3 0.190453 0.654858 0.450813 0.654858 0.466443 0.643907 0.190453 0.643907
3 0.450813 0.643907 0.450813 0.601722 0.466443 0.601722 0.466443 0.643907
3 0.450813 0.654858 0.450813 0.704272 0.466443 0.704272 0.466443 0.643907
3 0.495202 0.621033 0.495202 0.704272 0.466360 0.704272 0.466360 0.621033
