0 0.197068 0.920310 0.197068 1.000000 0.316794 1.000000 0.316727 0.920310 0.255805 0.920310 0.255805 0.913187 0.218463 0.913187 0.218463 0.920310 0.197068 0.920310 0.197068 0.920310
0 0.444409 0.701117 0.444409 0.689560 0.439567 0.689560 0.439567 0.625747 0.444409 0.625747 0.444409 0.279604 0.363762 0.279604 0.363762 0.286571 0.327397 0.286571 0.327397 0.279604 0.302648 0.279604 0.302648 0.287226 0.266291 0.287226 0.266287 0.279604 0.074824 0.279939 0.074824 0.061144 0.547641 0.061144 0.547641 0.340293 0.543302 0.340258 0.543302 0.700697 0.444409 0.701117 0.444409 0.701117
0 0.316727 0.905366 0.261369 0.905366 0.261369 0.826011 0.316727 0.826011
0 0.257176 0.905366 0.197068 0.905366 0.197068 0.826011 0.257176 0.826011
0 0.429870 0.493289 0.320919 0.493289 0.320919 0.423669 0.429870 0.423669
0 0.435186 0.701117 0.320919 0.701117 0.320919 0.655067 0.355579 0.655067 0.355579 0.625747 0.435186 0.625747
0 0.435186 0.617208 0.320919 0.617208 0.320919 0.500406 0.435186 0.500406
0 0.435186 0.294549 0.435186 0.416553 0.320919 0.416553 0.320919 0.294549
0 0.435186 0.905366 0.320919 0.905366 0.320919 0.709657 0.435186 0.709657
0 0.316727 0.663222 0.261289 0.663222 0.261289 0.713521 0.265482 0.713521 0.265482 0.671264 0.316727 0.671264 0.316727 0.818894 0.192876 0.818894 0.192876 0.662511 0.316727 0.662511
0 0.316727 0.662511 0.192876 0.662511 0.192876 0.905366 0.080110 0.905366 0.080110 0.294869 0.266291 0.294549 0.316727 0.294549
3 0.080110 0.279939 0.080110 0.920310 0.070631 0.913194 0.070631 0.279939
1 0.080110 0.558775 0.080110 0.642955 0.070631 0.642955 0.070631 0.558775
3 0.435186 0.920310 0.435186 0.689560 0.444409 0.689560 0.444409 0.920310
1 0.435186 0.810397 0.435186 0.724146 0.444409 0.724146 0.444409 0.810397
3 0.435186 0.689560 0.435186 0.625747 0.439567 0.625747 0.439567 0.689560
2 0.435186 0.687069 0.435186 0.629576 0.439567 0.629576 0.439567 0.687069
3 0.444409 0.294549 0.363762 0.294549 0.363762 0.279604 0.444409 0.279604
3 0.363762 0.294549 0.327397 0.294549 0.327397 0.286571 0.363762 0.286571
2 0.362521 0.294549 0.329430 0.294549 0.329430 0.286571 0.362521 0.286571
3 0.327397 0.294549 0.302648 0.294549 0.302648 0.279604 0.327397 0.279604
3 0.302648 0.294549 0.266291 0.294549 0.266291 0.287226 0.302648 0.287226
2 0.300485 0.294549 0.267943 0.294549 0.267943 0.287226 0.300485 0.287226
3 0.266291 0.294549 0.080110 0.294869 0.070631 0.279939 0.266287 0.279604
1 0.181791 0.294691 0.133451 0.294777 0.133439 0.279832 0.181783 0.279747
1 0.230822 0.294606 0.181791 0.294691 0.181783 0.279747 0.230814 0.279661
3 0.080110 0.905366 0.218463 0.905366 0.218463 0.920310 0.080110 0.920310
1 0.112736 0.905366 0.160787 0.905366 0.160787 0.920310 0.112736 0.920310
3 0.218463 0.905366 0.255805 0.905366 0.255805 0.913187 0.218463 0.913187
2 0.220110 0.905366 0.253600 0.905366 0.253600 0.913187 0.220110 0.913187
3 0.255805 0.905366 0.435186 0.905366 0.435186 0.920310 0.255805 0.920310
1 0.268274 0.905366 0.292733 0.905366 0.292733 0.920310 0.268274 0.920310
3 0.320919 0.920310 0.320919 0.778651 0.316727 0.778651 0.316727 0.920310
3 0.320919 0.778651 0.320919 0.715777 0.316727 0.715777 0.316727 0.778651
2 0.320919 0.774808 0.320919 0.719990 0.316727 0.719990 0.316727 0.774808
3 0.320919 0.715777 0.320919 0.279604 0.316727 0.279604 0.316727 0.715777
2 0.320919 0.378893 0.320919 0.323648 0.316727 0.323648 0.316727 0.378893
3 0.316727 0.701117 0.444409 0.701117 0.444409 0.709657 0.316727 0.709657
3 0.443122 0.625747 0.355579 0.625747 0.355579 0.617208 0.443122 0.617208
3 0.355579 0.655067 0.316727 0.655067 0.316727 0.617208 0.355579 0.617208
3 0.316727 0.500406 0.351122 0.500406 0.351122 0.493289 0.316727 0.493289
3 0.351122 0.500406 0.382054 0.500406 0.382054 0.493289 0.351122 0.493289
2 0.352824 0.500406 0.377971 0.500406 0.377971 0.493289 0.352824 0.493289
3 0.382054 0.500406 0.435186 0.500406 0.435186 0.493289 0.382054 0.493289
3 0.316727 0.423669 0.435186 0.423669 0.435186 0.416553 0.316727 0.416553
2 0.352577 0.423669 0.381341 0.423669 0.381341 0.416553 0.352577 0.416553
3 0.192876 0.920310 0.192876 0.818894 0.197068 0.826011 0.197068 0.920310
3 0.192876 0.818894 0.320919 0.818894 0.320919 0.826011 0.197068 0.826011
2 0.283912 0.818894 0.312685 0.818894 0.312685 0.826011 0.283912 0.826011
2 0.220815 0.818894 0.253365 0.818894 0.253365 0.826011 0.220815 0.826011
3 0.261369 0.818894 0.261369 0.920310 0.257176 0.920310 0.257176 0.818894
3 0.261289 0.713521 0.261289 0.663222 0.265482 0.671264 0.265482 0.713521
3 0.261289 0.663222 0.320919 0.663222 0.320919 0.671264 0.265482 0.671264
3 0.435186 0.625747 0.435186 0.500406 0.444409 0.500406 0.444409 0.625747
1 0.435186 0.569769 0.435186 0.528387 0.444409 0.528387 0.444409 0.569769
3 0.429870 0.500406 0.429870 0.423669 0.444409 0.423669 0.444409 0.500406
3 0.435186 0.423669 0.435186 0.294549 0.444409 0.279604 0.444409 0.423669
1 0.435186 0.407579 0.435186 0.366859 0.444409 0.366859 0.444409 0.407579
3 0.080110 0.279939 0.064460 0.279939 0.064460 0.287055 0.070631 0.287055
3 0.080110 0.920310 0.065583 0.920310 0.065583 0.913194 0.070631 0.913194
3 0.070631 0.920310 0.070631 0.932878 0.074824 0.932878 0.074824 0.920310
3 0.435186 0.920310 0.451381 0.920310 0.451381 0.913194 0.444409 0.913194
3 0.443956 0.279604 0.443956 0.267015 0.439764 0.267015 0.439764 0.279604
3 0.547784 0.328886 0.547784 0.357622 0.551976 0.357622 0.551976 0.328886
3 0.543302 0.340258 0.559233 0.340258 0.559233 0.347374 0.543302 0.347374
3 0.541009 0.054426 0.558399 0.054426 0.558399 0.061543 0.541009 0.061543
3 0.547784 0.069492 0.547784 0.045502 0.551976 0.045502 0.551976 0.069492
3 0.300988 0.054426 0.318269 0.054426 0.318269 0.061543 0.300988 0.061543
3 0.307948 0.071292 0.307948 0.046847 0.312140 0.046847 0.312140 0.071292
3 0.080467 0.061543 0.064170 0.061543 0.064170 0.054426 0.080467 0.054426
3 0.070618 0.071940 0.070618 0.046904 0.074811 0.046904 0.074811 0.071940
0 0.639189 0.913841 0.579534 0.913841 0.579534 0.675932 0.639189 0.675932
0 0.944742 0.913322 0.884240 0.913322 0.884240 0.906141 0.882983 0.295623 0.883133 0.295623 0.883133 0.286920 0.944742 0.286920
0 0.860221 0.628494 0.860221 0.656810 0.826040 0.656810 0.826040 0.628494
0 0.762360 0.181341 0.762360 0.281383 0.771596 0.281391 0.771596 0.287696 0.809924 0.287696 0.809924 0.281391 0.944541 0.281391 0.944537 0.181341 0.762360 0.181341 0.762360 0.181341
0 0.771596 0.295623 0.877532 0.295623 0.878790 0.906141 0.645477 0.906141 0.645477 0.665258 0.583064 0.665258 0.583064 0.664183 0.785582 0.664183 0.785582 0.411372 0.758922 0.411372 0.758922 0.295559
0 0.758922 0.411372 0.785582 0.411372 0.785582 0.664183 0.583064 0.664183 0.583064 0.295559 0.758922 0.295559
3 0.583064 0.281319 0.583064 0.675932 0.574679 0.675932 0.574679 0.281319
3 0.579534 0.675932 0.579534 0.920374 0.574679 0.920374 0.574679 0.675932
3 0.579534 0.920374 0.639767 0.920374 0.639767 0.913841 0.579534 0.913841
3 0.639767 0.920374 0.884240 0.920374 0.884240 0.906141 0.639767 0.906141
1 0.743754 0.920374 0.781344 0.920374 0.781344 0.906141 0.743754 0.906141
3 0.884240 0.920374 0.948734 0.920374 0.948734 0.913322 0.884240 0.913322
3 0.948734 0.913322 0.948734 0.281391 0.944742 0.281391 0.944742 0.913322
3 0.948734 0.286920 0.883133 0.286920 0.883133 0.281391 0.948734 0.281391
3 0.883133 0.295623 0.809924 0.295623 0.809924 0.281391 0.883133 0.281391
3 0.809924 0.295623 0.771596 0.295623 0.771596 0.287696 0.809924 0.287696
2 0.806004 0.295623 0.773043 0.295623 0.773043 0.287696 0.806004 0.287696
3 0.771596 0.295623 0.583064 0.295559 0.574679 0.281319 0.771596 0.281391
1 0.729311 0.295609 0.692651 0.295595 0.692651 0.281362 0.729311 0.281376
3 0.883133 0.281391 0.884240 0.920374 0.878790 0.920374 0.877683 0.281391
3 0.574679 0.675932 0.639189 0.675932 0.645477 0.665258 0.574679 0.665258
3 0.645477 0.665258 0.645477 0.920374 0.639189 0.920374 0.639189 0.675932
3 0.826040 0.628494 0.860221 0.628494 0.860221 0.656810 0.826040 0.656810
3 0.948734 0.281391 0.948734 0.268645 0.944541 0.268645 0.944541 0.281391
3 0.583064 0.281319 0.567870 0.281319 0.567870 0.288436 0.574679 0.288436
