0 0.311057 0.264463 0.268573 0.264463 0.268573 0.263776 0.213713 0.192378 0.213608 0.192165 0.241734 0.153890 0.241734 0.084385 0.311057 0.084385
0 0.432859 0.264463 0.311057 0.264463 0.311057 0.084385 0.432859 0.084385
0 0.397381 0.489983 0.327761 0.489983 0.327761 0.440099 0.397381 0.440099
0 0.311057 0.270033 0.432859 0.270033 0.432859 0.489983 0.397381 0.489983 0.397381 0.440099 0.397504 0.440099 0.397504 0.434529 0.290158 0.434529 0.290158 0.430626 0.268573 0.430626 0.268573 0.264463 0.311057 0.264463
0 0.323727 0.642132 0.323566 0.642132 0.323566 0.701513 0.273897 0.701513 0.273897 0.758276 0.261930 0.758276 0.261930 0.828226 0.183476 0.828226 0.183476 0.686358 0.204487 0.686358 0.204487 0.601295 0.265692 0.601295
0 0.323566 0.495553 0.432859 0.495553 0.432859 0.642132 0.323727 0.642132 0.265692 0.601295 0.265776 0.601295 0.290158 0.570576 0.290158 0.440099 0.323566 0.440099
0 0.520819 0.502516 0.442298 0.502516 0.442298 0.595094 0.520819 0.595094 0.520819 0.502516
0 0.097641 0.183852 0.206794 0.183852 0.232295 0.148821 0.232295 0.071853 0.023567 0.072085 0.023507 0.321175 0.097641 0.321175 0.097641 0.183852
0 0.097641 0.711084 0.024766 0.711084 0.008265 0.688990 0.008265 0.600808 0.033052 0.566492 0.097872 0.566492 0.097641 0.711084
0 0.264727 0.840758 0.264727 0.953644 0.336522 0.953644 0.336522 0.840758 0.264727 0.840758
0 0.261930 0.840758 0.261930 0.957357 0.190003 0.957204 0.190003 0.840758 0.261930 0.840758
0 0.264301 0.265967 0.264378 0.266116 0.264378 0.430626 0.107080 0.430626 0.107080 0.196384 0.210797 0.196384 0.210811 0.196342
0 0.511380 0.489983 0.441249 0.489983 0.441249 0.270033 0.511380 0.270033
0 0.238472 0.595725 0.107080 0.595725 0.107080 0.436196 0.238472 0.436196
0 0.432859 0.828226 0.327761 0.828226 0.327761 0.647702 0.432859 0.647702
0 0.179281 0.828226 0.107080 0.828226 0.107080 0.686358 0.179281 0.686358
0 0.285962 0.568181 0.264102 0.595725 0.242667 0.595725 0.242667 0.436196 0.285962 0.436196
0 0.113513 0.946217 0.034205 0.946217 0.034205 0.840758 0.113513 0.840758
0 0.200292 0.680788 0.107080 0.680788 0.107080 0.601295 0.200292 0.601295
0 0.099039 0.828226 0.034205 0.828226 0.034205 0.723617 0.099039 0.723617
0 0.323566 0.828226 0.266126 0.828226 0.266126 0.763846 0.323566 0.763846
0 0.323566 0.758276 0.278093 0.758276 0.278093 0.707083 0.323566 0.707083
3 0.034205 0.828226 0.034205 0.723617 0.024766 0.711084 0.024766 0.840758
3 0.034205 0.723617 0.107080 0.723617 0.097641 0.711084 0.024766 0.711084
1 0.043554 0.723617 0.064044 0.723617 0.064044 0.711084 0.043554 0.711084
3 0.107080 0.723617 0.107080 0.196384 0.097641 0.183852 0.097641 0.711084
2 0.107080 0.645739 0.107080 0.610212 0.097641 0.610212 0.097641 0.645739
1 0.107080 0.256647 0.107080 0.201416 0.097641 0.201416 0.097641 0.256647
1 0.107080 0.426973 0.107080 0.371004 0.097641 0.371004 0.097641 0.426973
1 0.107080 0.557167 0.107080 0.471491 0.097641 0.471491 0.097641 0.557167
1 0.107080 0.677827 0.107080 0.658462 0.097641 0.658462 0.097641 0.677827
1 0.107080 0.706874 0.107080 0.688739 0.097641 0.688739 0.097641 0.706874
3 0.107080 0.196384 0.210797 0.196384 0.206794 0.183852 0.097641 0.183852
1 0.141488 0.196384 0.201854 0.196384 0.201854 0.183852 0.141488 0.183852
3 0.210797 0.196384 0.241734 0.153890 0.232295 0.148821 0.206794 0.183852
2 0.215618 0.189760 0.235210 0.162853 0.228421 0.154145 0.208833 0.181053
3 0.241734 0.153890 0.241734 0.084385 0.232295 0.071853 0.232295 0.148821
1 0.241734 0.143771 0.241734 0.088498 0.232295 0.088498 0.232295 0.143771
3 0.241734 0.084385 0.432859 0.084385 0.442298 0.071853 0.232295 0.071853
1 0.245492 0.084385 0.308127 0.084385 0.308127 0.071853 0.245492 0.071853
3 0.432859 0.084385 0.432859 0.270033 0.442298 0.257501 0.442298 0.071853
1 0.432859 0.144778 0.432859 0.199044 0.442298 0.199044 0.442298 0.144778
3 0.432859 0.270033 0.511380 0.270033 0.520819 0.257501 0.442298 0.257501
1 0.472801 0.270033 0.510709 0.270033 0.510709 0.257501 0.472801 0.257501
3 0.511380 0.270033 0.511380 0.489983 0.520819 0.502516 0.520819 0.257501
1 0.511380 0.408754 0.511380 0.451652 0.520819 0.451652 0.520819 0.408754
1 0.511380 0.359283 0.511380 0.404150 0.520819 0.404150 0.520819 0.359283
1 0.511380 0.306874 0.511380 0.354618 0.520819 0.354618 0.520819 0.306874
1 0.511380 0.270386 0.511380 0.302989 0.520819 0.302989 0.520819 0.270386
1 0.511380 0.453045 0.511380 0.488897 0.520819 0.488897 0.520819 0.453045
3 0.511380 0.489983 0.432859 0.489983 0.442298 0.502516 0.520819 0.502516
2 0.504748 0.489983 0.474196 0.489983 0.474196 0.502516 0.504748 0.502516
3 0.432859 0.489983 0.432859 0.828226 0.442298 0.840758 0.442298 0.502516
1 0.432859 0.684464 0.432859 0.767462 0.442298 0.767462 0.442298 0.684464
1 0.432859 0.530969 0.432859 0.585694 0.442298 0.585694 0.442298 0.530969
3 0.432859 0.828226 0.034205 0.828226 0.024766 0.840758 0.442298 0.840758
2 0.238497 0.828226 0.205431 0.828226 0.205431 0.840758 0.238497 0.840758
2 0.316836 0.828226 0.285777 0.828226 0.285777 0.840758 0.316836 0.840758
1 0.160954 0.828226 0.126099 0.828226 0.126099 0.840758 0.160954 0.840758
3 0.432859 0.270033 0.432859 0.489983 0.441249 0.489983 0.441249 0.270033
2 0.432859 0.302265 0.432859 0.343135 0.441249 0.343135 0.441249 0.302265
1 0.432859 0.443752 0.432859 0.477715 0.441249 0.477715 0.441249 0.443752
1 0.432859 0.361952 0.432859 0.416886 0.441249 0.416886 0.441249 0.361952
3 0.107080 0.723617 0.107080 0.828226 0.099039 0.828226 0.099039 0.723617
2 0.107080 0.747526 0.107080 0.776355 0.099039 0.776355 0.099039 0.747526
3 0.024766 0.840758 0.024766 0.958749 0.034205 0.946217 0.034205 0.840758
3 0.024766 0.958749 0.121903 0.958749 0.113513 0.946217 0.034205 0.946217
2 0.067725 0.958749 0.098791 0.958749 0.098791 0.946217 0.067725 0.946217
3 0.121903 0.958749 0.121903 0.840758 0.113513 0.840758 0.113513 0.946217
1 0.121903 0.944165 0.121903 0.918177 0.113513 0.918177 0.113513 0.944165
3 0.107080 0.686358 0.204487 0.686358 0.200292 0.680788 0.107080 0.680788
2 0.123672 0.686358 0.148708 0.686358 0.148708 0.680788 0.123672 0.680788
3 0.204487 0.686358 0.204487 0.601295 0.200292 0.595725 0.200292 0.680788
2 0.204487 0.673672 0.204487 0.629971 0.200292 0.629971 0.200292 0.673672
3 0.200292 0.601295 0.107080 0.601295 0.107080 0.595725 0.200292 0.595725
3 0.179281 0.686358 0.179281 0.828226 0.183476 0.828226 0.183476 0.686358
3 0.200292 0.595725 0.264102 0.595725 0.265776 0.601295 0.204487 0.601295
3 0.264102 0.595725 0.285962 0.568181 0.290158 0.570576 0.265776 0.601295
3 0.285962 0.568181 0.285962 0.436196 0.290158 0.430626 0.290158 0.570576
2 0.285962 0.513479 0.285962 0.470822 0.290158 0.470822 0.290158 0.513479
3 0.290158 0.430626 0.107080 0.430626 0.107080 0.436196 0.285962 0.436196
2 0.217734 0.430626 0.189363 0.430626 0.189363 0.436196 0.217734 0.436196
3 0.238472 0.436196 0.238472 0.601295 0.242667 0.601295 0.242667 0.436196
2 0.238472 0.470256 0.238472 0.513489 0.242667 0.513489 0.242667 0.470256
3 0.266126 0.828226 0.266126 0.763846 0.261930 0.758276 0.261930 0.828226
3 0.266126 0.763846 0.327761 0.763846 0.323566 0.758276 0.261930 0.758276
2 0.298293 0.763846 0.321933 0.763846 0.321933 0.758276 0.298293 0.758276
3 0.323566 0.763846 0.323566 0.828226 0.327761 0.828226 0.327761 0.758276
2 0.323566 0.783982 0.323566 0.823983 0.327761 0.823983 0.327761 0.783982
3 0.327761 0.763846 0.327761 0.701513 0.323566 0.701513 0.323566 0.758276
3 0.327761 0.701513 0.273897 0.701513 0.278093 0.707083 0.323566 0.707083
3 0.278093 0.707083 0.278093 0.758276 0.273897 0.758276 0.273897 0.701513
3 0.327761 0.701513 0.327761 0.647702 0.323566 0.642132 0.323566 0.701513
3 0.327761 0.647702 0.432859 0.647702 0.432859 0.642132 0.323566 0.642132
2 0.328516 0.647702 0.356282 0.647702 0.356282 0.642132 0.328516 0.642132
3 0.432859 0.489983 0.327761 0.489983 0.323566 0.495553 0.432859 0.495553
3 0.327761 0.489983 0.327761 0.434529 0.323566 0.440099 0.323566 0.495553
3 0.327761 0.440099 0.397504 0.440099 0.397504 0.434529 0.327761 0.434529
2 0.345475 0.440099 0.373902 0.440099 0.373902 0.434529 0.345475 0.434529
3 0.264378 0.430626 0.264378 0.266116 0.268573 0.263776 0.268573 0.430626
2 0.264378 0.360105 0.264378 0.300989 0.268573 0.300989 0.268573 0.360105
3 0.264378 0.266116 0.204057 0.187611 0.213713 0.192378 0.268573 0.263776
2 0.255274 0.254266 0.211731 0.197596 0.214667 0.193618 0.258211 0.250292
3 0.432859 0.270033 0.311057 0.270033 0.311057 0.264463 0.432859 0.264463
3 0.327761 0.434529 0.290158 0.434529 0.290158 0.440099 0.323566 0.440099
2 0.323101 0.434529 0.290486 0.434529 0.290486 0.440099 0.323101 0.440099
0 0.781100 0.271533 0.781100 0.312941 0.786344 0.312941 0.786344 0.401170 0.781100 0.401170 0.781100 0.431879 0.621418 0.431879 0.621418 0.197851 0.724425 0.197851 0.724425 0.197800
0 0.947214 0.485369 0.852776 0.485369 0.837631 0.520191 0.837631 0.590290 0.786344 0.590290 0.786344 0.268608 0.947214 0.268608
0 0.542138 0.434664 0.611629 0.434664 0.611629 0.197800 0.542138 0.197800 0.542138 0.434664
0 0.778652 0.822043 0.621418 0.822043 0.621418 0.444411 0.778652 0.444411
0 0.947214 0.261646 0.781100 0.261646 0.728016 0.192824 0.725429 0.196342 0.756278 0.153254 0.756278 0.080166 0.947214 0.080166
0 0.947214 0.822043 0.913687 0.822043 0.913687 0.496045 0.947214 0.496045
0 0.905297 0.822043 0.786344 0.822043 0.786344 0.601430 0.905297 0.601430
0 0.905646 0.590290 0.842875 0.590290 0.842875 0.522057 0.854188 0.496045 0.905646 0.496045
3 0.621418 0.822043 0.621418 0.197851 0.611629 0.184854 0.611629 0.835040
2 0.621418 0.336818 0.621418 0.300153 0.611629 0.300153 0.611629 0.336818
1 0.621418 0.283387 0.621418 0.225724 0.611629 0.225724 0.611629 0.283387
1 0.621418 0.411771 0.621418 0.352729 0.611629 0.352729 0.611629 0.411771
3 0.621418 0.197851 0.724425 0.197851 0.724425 0.184854 0.611629 0.184854
1 0.674547 0.197851 0.695157 0.197851 0.695157 0.184854 0.674547 0.184854
3 0.756278 0.153254 0.756278 0.080166 0.746489 0.067170 0.746489 0.148060
1 0.756278 0.141023 0.756278 0.085198 0.746489 0.085198 0.746489 0.141023
3 0.756278 0.080166 0.947214 0.080166 0.957003 0.067170 0.746489 0.067170
1 0.865204 0.080166 0.886586 0.080166 0.886586 0.067170 0.865204 0.067170
1 0.758306 0.080166 0.820465 0.080166 0.820465 0.067170 0.758306 0.067170
3 0.947214 0.080166 0.947214 0.822043 0.957003 0.835040 0.957003 0.067170
1 0.947214 0.389282 0.947214 0.437755 0.957003 0.437755 0.957003 0.389282
1 0.947214 0.308996 0.947214 0.368581 0.957003 0.368581 0.957003 0.308996
3 0.947214 0.822043 0.621418 0.822043 0.611629 0.835040 0.957003 0.835040
1 0.777698 0.822043 0.728446 0.822043 0.728446 0.835040 0.777698 0.835040
1 0.841976 0.822043 0.789259 0.822043 0.789259 0.835040 0.841976 0.835040
3 0.621418 0.444411 0.778652 0.444411 0.786344 0.431879 0.621418 0.431879
3 0.778652 0.444411 0.778652 0.822043 0.786344 0.822043 0.786344 0.431879
2 0.778652 0.545108 0.778652 0.586502 0.786344 0.586502 0.786344 0.545108
3 0.786344 0.601430 0.913687 0.601430 0.905646 0.590290 0.786344 0.590290
2 0.794290 0.601430 0.824045 0.601430 0.824045 0.590290 0.794290 0.590290
3 0.905297 0.601430 0.905297 0.822043 0.913687 0.822043 0.913687 0.590290
3 0.913687 0.601430 0.913687 0.485369 0.905646 0.496045 0.905646 0.590290
3 0.913687 0.496045 0.947214 0.496045 0.947214 0.485369 0.913687 0.485369
3 0.913687 0.485369 0.852776 0.485369 0.854188 0.496045 0.905646 0.496045
3 0.852776 0.485369 0.837631 0.520191 0.842875 0.522057 0.854188 0.496045
2 0.849388 0.493153 0.838648 0.517856 0.843189 0.521338 0.853929 0.496635
3 0.837631 0.520191 0.837631 0.590290 0.842875 0.590290 0.842875 0.522057
3 0.786344 0.444411 0.786344 0.401170 0.781100 0.401170 0.781100 0.444411
3 0.786344 0.312941 0.786344 0.268608 0.781100 0.271533 0.781100 0.312941
3 0.786344 0.268608 0.947214 0.268608 0.947214 0.261646 0.781100 0.261646
2 0.787169 0.268608 0.815235 0.268608 0.815235 0.261646 0.787169 0.261646
3 0.786344 0.268608 0.728016 0.192824 0.724349 0.197800 0.781100 0.271533
3 0.724349 0.197851 0.756278 0.153254 0.746489 0.148060 0.717252 0.188897
