0 0.398632 0.791693 0.297530 0.791693 0.297530 0.705701 0.399225 0.705701
0 0.399225 0.695453 0.297530 0.695453 0.298123 0.584109 0.400209 0.584109
0 0.451403 0.430780 0.298177 0.431510 0.298852 0.242534 0.451403 0.242534
0 0.457852 0.242994 0.457852 0.431137 0.635661 0.430455 0.635661 0.242534 0.635661 0.242534 0.457852 0.242994 0.457852 0.242994 0.457852 0.242994
0 0.298283 0.572123 0.298188 0.440259 0.399918 0.439759 0.399918 0.572187 0.298283 0.572123 0.298283 0.572123
0 0.407524 0.439743 0.407672 0.540466 0.400090 0.540291 0.400090 0.572948 0.407672 0.572488 0.406362 0.792074 0.635667 0.791693 0.635667 0.438958 0.520291 0.439180 0.520280 0.430915 0.458036 0.430915 0.457906 0.439442 0.407524 0.439743 0.407808 0.441885 0.407524 0.439743
0 0.288467 0.809858 0.288467 0.970810 0.399112 0.970810 0.399248 0.951082 0.405218 0.951082 0.405218 0.970596 0.526208 0.970596 0.526243 0.950805 0.531596 0.950805 0.531596 0.970199 0.643475 0.970199 0.643261 0.809858 0.643261 0.809858 0.406154 0.809858 0.406154 0.830775 0.400375 0.830775 0.400375 0.809858 0.288467 0.809858 0.288467 0.809858
3 0.284098 0.223068 0.650920 0.223068 0.650920 0.242534 0.298852 0.242534
1 0.484273 0.223068 0.575842 0.223068 0.575842 0.242534 0.484273 0.242534
3 0.650920 0.223068 0.650920 0.800554 0.635667 0.809858 0.635667 0.242534
1 0.650920 0.501947 0.650920 0.601163 0.635667 0.601163 0.635667 0.501947
3 0.650920 0.809858 0.282687 0.809858 0.282687 0.791693 0.635667 0.791693
2 0.384666 0.809858 0.330425 0.809858 0.330425 0.791693 0.384666 0.791693
1 0.595322 0.809858 0.450448 0.809858 0.450448 0.791693 0.595322 0.791693
3 0.282687 0.809858 0.284098 0.223068 0.298852 0.242534 0.297530 0.791693
1 0.283007 0.677486 0.283185 0.603876 0.297981 0.603939 0.297803 0.677550
1 0.283357 0.532082 0.283529 0.460304 0.298331 0.460367 0.298153 0.532145
1 0.283718 0.381672 0.283955 0.282917 0.298757 0.282980 0.298514 0.381735
3 0.284098 0.242534 0.284098 0.203071 0.291039 0.203071 0.291039 0.242534
3 0.298900 0.223068 0.268803 0.223068 0.268803 0.232357 0.284080 0.232357
3 0.268430 0.431256 0.283600 0.431256 0.283600 0.440465 0.268430 0.440465
3 0.267974 0.697079 0.282959 0.697079 0.282959 0.705669 0.267980 0.705669
3 0.282687 0.809858 0.266936 0.809858 0.266936 0.801418 0.282687 0.801418
3 0.452256 0.201572 0.452256 0.223068 0.457906 0.223068 0.457906 0.201572
3 0.650920 0.242534 0.650920 0.201049 0.644636 0.201049 0.644636 0.242534
3 0.650920 0.223068 0.660174 0.223068 0.660174 0.230160 0.650920 0.230160
3 0.660434 0.438855 0.650920 0.438855 0.650920 0.430947 0.660434 0.430947
3 0.659990 0.671704 0.650920 0.671704 0.650920 0.663597 0.659990 0.663597
3 0.635667 0.809858 0.660589 0.809858 0.660589 0.800554 0.650920 0.800554
3 0.400375 0.830775 0.400375 0.809858 0.406154 0.809858 0.406154 0.830775
3 0.457906 0.223068 0.457906 0.439442 0.451403 0.430780 0.451403 0.223068
2 0.457906 0.364356 0.457906 0.428305 0.451403 0.428305 0.451403 0.364356
3 0.457906 0.439442 0.283576 0.440465 0.283546 0.431764 0.451403 0.430780
3 0.283262 0.572210 0.407820 0.572210 0.400209 0.584109 0.283262 0.584109
2 0.301656 0.572210 0.343869 0.572210 0.343869 0.584109 0.301656 0.584109
3 0.407820 0.572210 0.406154 0.809858 0.398632 0.809763 0.400209 0.584109
2 0.406806 0.717004 0.406309 0.788037 0.398780 0.787942 0.399278 0.716917
3 0.282942 0.705669 0.406884 0.705701 0.406889 0.695453 0.282942 0.695421
2 0.331604 0.705685 0.380415 0.705693 0.380421 0.695445 0.331604 0.695437
3 0.520291 0.439180 0.650920 0.438855 0.650908 0.430582 0.520280 0.430915
3 0.407524 0.439743 0.407672 0.540466 0.400060 0.540482 0.399918 0.439759
3 0.447573 0.540498 0.447555 0.572504 0.400149 0.572464 0.400161 0.540458
0 0.931787 0.444074 0.987842 0.444074 0.987842 0.512267 0.931692 0.512267 0.931692 0.798174 0.699274 0.798174 0.700519 0.242780 0.931787 0.242780
0 0.686784 0.815902 0.686784 0.923066 0.695949 0.923145 0.695860 0.921432 0.934709 0.921432 0.934460 0.922646 0.942671 0.922646 0.942671 0.816204 0.686784 0.815902 0.686784 0.815902
0 0.796291 0.544860 0.796291 0.577581 0.748228 0.577581 0.748228 0.544860
3 0.688112 0.224155 0.944905 0.224155 0.931787 0.242780 0.700519 0.242780
1 0.789919 0.224155 0.842767 0.224155 0.842767 0.242780 0.789919 0.242780
3 0.944905 0.224155 0.944905 0.426520 0.931787 0.444074 0.931787 0.242780
3 0.944905 0.426520 1.000000 0.426520 0.987842 0.444074 0.931787 0.444074
3 1.000000 0.426520 1.000000 0.529266 0.987842 0.512267 0.987842 0.444074
3 1.000000 0.529266 0.943850 0.529266 0.931692 0.512267 0.987842 0.512267
3 0.943850 0.529266 0.943850 0.815902 0.931692 0.798174 0.931692 0.512267
3 0.943850 0.815902 0.686784 0.815902 0.699274 0.798174 0.931692 0.798174
2 0.841492 0.815902 0.788152 0.815902 0.788152 0.798174 0.841492 0.798174
3 0.686784 0.815902 0.688112 0.224155 0.700519 0.242780 0.699274 0.798174
3 0.748228 0.544860 0.796291 0.544860 0.796291 0.577581 0.748228 0.577581
