0 0.294413 0.140007 0.294413 0.273023 0.793336 0.273023 0.793336 0.140007 0.294413 0.140007 0.294413 0.140007
0 0.728907 0.757324 0.784735 0.757324 0.784735 0.859045 0.794328 0.859045 0.794328 0.757324 0.978683 0.757324 0.978683 0.859045 0.602756 0.859045 0.602756 0.633567 0.538380 0.633567 0.538380 0.568765 0.602756 0.568765 0.602756 0.562884 0.728907 0.562884
0 0.728907 0.562884 0.299198 0.562884 0.299198 0.293469 0.728907 0.293469
0 0.978683 0.601993 0.728907 0.601993 0.728907 0.293469 0.978683 0.293469
0 0.719315 0.879060 0.560070 0.879060 0.560422 1.000000 0.719315 1.000000 0.719315 0.879060 0.719315 0.879060
0 0.593164 0.859045 0.299198 0.859045 0.299198 0.639449 0.593164 0.639449
0 0.978683 0.751443 0.738500 0.751443 0.738500 0.607874 0.978683 0.607874
0 0.984002 0.994119 0.728907 0.994119 0.728907 0.879060 0.984002 0.879060
0 0.528788 0.633567 0.299198 0.633567 0.299198 0.568765 0.528788 0.568765
3 0.299198 0.293469 0.299198 0.859045 0.277882 0.879060 0.277882 0.273023
3 0.299198 0.859045 0.978683 0.859045 1.000000 0.879060 0.277882 0.879060
2 0.618339 0.859045 0.709317 0.859045 0.709317 0.879060 0.618339 0.879060
1 0.382354 0.859045 0.550104 0.859045 0.550104 0.879060 0.382354 0.879060
3 0.978683 0.859045 0.978683 0.293469 1.000000 0.273023 1.000000 0.879060
3 0.299198 0.293469 0.978683 0.293469 1.000000 0.273023 0.277882 0.273023
2 0.616665 0.293469 0.701974 0.293469 0.701974 0.273023 0.616665 0.273023
1 0.779566 0.293469 0.946815 0.293469 0.946815 0.273023 0.779566 0.273023
1 0.382908 0.293469 0.580512 0.293469 0.580512 0.273023 0.382908 0.273023
3 0.984002 0.879060 0.984002 0.994119 0.993594 1.000000 0.993594 0.879060
3 0.984002 0.994119 0.728907 0.994119 0.719315 1.000000 0.993594 1.000000
3 0.728907 0.994119 0.728907 0.879060 0.719315 0.879060 0.719315 1.000000
2 0.728907 0.988970 0.728907 0.938067 0.719315 0.938067 0.719315 0.988970
3 0.602756 0.859045 0.602756 0.633567 0.593164 0.639449 0.593164 0.859045
2 0.602756 0.696272 0.602756 0.645042 0.593164 0.645042 0.593164 0.696272
3 0.602756 0.633567 0.299198 0.633567 0.299198 0.639449 0.593164 0.639449
2 0.484695 0.633567 0.402488 0.633567 0.402488 0.639449 0.484695 0.639449
3 0.794328 0.859045 0.794328 0.757324 0.784735 0.751443 0.784735 0.859045
3 0.784735 0.751443 0.738500 0.751443 0.728907 0.757324 0.784735 0.757324
3 0.728907 0.757324 0.728907 0.601993 0.738500 0.607874 0.738500 0.751443
2 0.728907 0.744039 0.728907 0.692613 0.738500 0.692613 0.738500 0.744039
3 0.728907 0.601993 0.978683 0.601993 0.978683 0.607874 0.738500 0.607874
3 0.784735 0.751443 0.978683 0.751443 0.978683 0.757324 0.794328 0.757324
2 0.803739 0.751443 0.887236 0.751443 0.887236 0.757324 0.803739 0.757324
3 0.602756 0.562884 0.299198 0.562884 0.299198 0.568765 0.602756 0.568765
3 0.538380 0.568765 0.538380 0.633567 0.528788 0.633567 0.528788 0.568765
