0 0.402517 0.895392 0.492788 0.895392 0.492788 0.996623 0.402517 0.996623 0.402517 0.895392
0 0.341397 0.458106 0.349618 0.458106 0.349618 0.613354 0.296807 0.613354 0.296807 0.548105 0.256749 0.494586 0.208175 0.494586 0.208175 0.409542 0.341397 0.409542
0 0.556817 0.869422 0.423524 0.869422 0.423524 0.613354 0.356195 0.613354 0.356195 0.458106 0.556817 0.458106
0 0.556817 0.448006 0.349618 0.448006 0.349618 0.197009 0.556817 0.197009
0 0.415303 0.869422 0.208175 0.869422 0.208175 0.624175 0.415303 0.624175
0 0.190637 0.552974 0.077041 0.552974 0.077041 0.233475 0.190637 0.233475
0 0.341397 0.398722 0.208175 0.398722 0.208175 0.197009 0.341397 0.197009
0 0.288586 0.552542 0.288586 0.613354 0.208175 0.613354 0.208175 0.505407 0.253308 0.505407
0 0.560681 0.988443 0.502105 0.988443 0.502105 0.890696 0.560681 0.890696
0 0.258761 0.169597 0.258761 0.027990 0.559689 0.027990 0.559689 0.169597 0.258761 0.169597
3 0.208175 0.869422 0.208175 0.552974 0.187897 0.573288 0.187897 0.895392
3 0.208175 0.552974 0.077041 0.552974 0.062007 0.573288 0.187897 0.573288
3 0.077041 0.552974 0.077041 0.233475 0.062007 0.211040 0.062007 0.573288
2 0.077041 0.504801 0.077041 0.440194 0.062007 0.440194 0.062007 0.504801
3 0.077041 0.233475 0.208175 0.233475 0.187897 0.211040 0.062007 0.211040
3 0.208175 0.233475 0.208175 0.197009 0.187897 0.169597 0.187897 0.211040
3 0.208175 0.197009 0.556817 0.197009 0.569971 0.169597 0.187897 0.169597
1 0.417331 0.197009 0.498487 0.197009 0.498487 0.169597 0.417331 0.169597
2 0.291524 0.197009 0.333659 0.197009 0.333659 0.169597 0.291524 0.169597
3 0.556817 0.197009 0.556817 0.869422 0.569971 0.890696 0.569971 0.169597
3 0.208175 0.552974 0.208175 0.233475 0.190637 0.233475 0.190637 0.552974
3 0.341397 0.169597 0.341397 0.458106 0.349618 0.448006 0.349618 0.169597
3 0.341397 0.458106 0.569971 0.458106 0.569971 0.448006 0.349618 0.448006
2 0.404851 0.458106 0.447852 0.458106 0.447852 0.448006 0.404851 0.448006
3 0.190637 0.409542 0.349618 0.409542 0.349618 0.398722 0.190637 0.398722
2 0.294927 0.409542 0.338301 0.409542 0.338301 0.398722 0.294927 0.398722
3 0.187897 0.624175 0.415303 0.624175 0.423524 0.613354 0.187897 0.613354
3 0.415303 0.624175 0.415303 0.895392 0.423524 0.895392 0.423524 0.613354
2 0.415303 0.627688 0.415303 0.684807 0.423524 0.684807 0.423524 0.627688
3 0.190637 0.494586 0.256749 0.494586 0.253308 0.505407 0.190637 0.505407
3 0.256749 0.494586 0.296807 0.548105 0.288586 0.552542 0.253308 0.505407
2 0.261315 0.500689 0.291551 0.541079 0.285692 0.548675 0.255456 0.508285
3 0.296807 0.548105 0.296807 0.624175 0.288586 0.624175 0.288586 0.552542
3 0.349618 0.458106 0.349618 0.624175 0.356195 0.624175 0.356195 0.458106
2 0.349618 0.464713 0.349618 0.521832 0.356195 0.521832 0.356195 0.464713
3 0.560681 0.890696 0.560681 0.988443 0.564879 0.999999 0.564879 0.890696
3 0.560681 0.988443 0.502105 0.988443 0.492788 0.999999 0.564879 0.999999
1 0.547407 0.988443 0.524553 0.988443 0.524553 0.999999 0.547407 0.999999
3 0.502105 0.988443 0.502105 0.890696 0.492788 0.869422 0.492788 0.999999
2 0.502105 0.984367 0.502105 0.926823 0.492788 0.926823 0.492788 0.984367
3 0.556817 0.869422 0.492788 0.869422 0.502105 0.890696 0.569971 0.890696
3 0.502105 0.869422 0.208175 0.869422 0.187897 0.895392 0.492788 0.895392
1 0.337062 0.869422 0.256223 0.869422 0.256223 0.895392 0.337062 0.895392
2 0.479344 0.869422 0.430413 0.869422 0.430413 0.895392 0.479344 0.895392
3 0.559689 0.169597 0.559689 0.027990 0.566266 0.027990 0.566266 0.169597
0 0.690374 0.171285 0.690374 0.034208 0.989976 0.034208 0.989976 0.171285 0.690374 0.171285
0 0.986397 0.448937 0.916394 0.448937 0.916394 0.458315 0.916629 0.458315 0.916629 0.470932 0.640128 0.470932 0.640128 0.197976 0.986830 0.197976
0 0.986397 0.645614 0.916629 0.645607 0.916629 0.669578 0.819513 0.669578 0.819513 0.470932 0.916629 0.470932 0.916629 0.458315 0.986397 0.458315
0 0.814033 0.862201 0.640128 0.862201 0.640128 0.604834 0.814033 0.604834
0 0.986397 0.653549 0.986397 0.862201 0.819513 0.862201 0.819513 0.678956 0.923754 0.678956 0.923754 0.653542
0 0.676957 0.478146 0.676990 0.488541 0.640161 0.488735 0.640128 0.478348
0 0.728464 0.478146 0.728464 0.597621 0.640128 0.597621 0.640128 0.478146
0 0.814033 0.597621 0.733945 0.597621 0.733945 0.478146 0.814033 0.478146
3 0.986397 0.862201 0.640128 0.862201 0.619850 0.888892 0.999534 0.888892
1 0.936140 0.862201 0.856617 0.862201 0.856617 0.888892 0.936140 0.888892
1 0.768401 0.862201 0.688883 0.862201 0.688883 0.888892 0.768401 0.888892
3 0.640128 0.862201 0.640128 0.197976 0.619850 0.171285 0.619850 0.888892
3 0.640128 0.197976 0.986830 0.197976 1.000000 0.171285 0.619850 0.171285
1 0.710422 0.197976 0.789523 0.197976 0.789523 0.171285 0.710422 0.171285
2 0.795738 0.197976 0.841709 0.197976 0.841709 0.171285 0.795738 0.171285
1 0.850818 0.197976 0.944005 0.197976 0.944005 0.171285 0.850818 0.171285
3 0.986830 0.197976 0.986397 0.862201 0.999534 0.888892 1.000000 0.171285
3 0.996553 0.171285 0.996553 0.029158 0.989976 0.029158 0.989976 0.171285
3 0.814033 0.862201 0.814033 0.478146 0.819513 0.470932 0.819513 0.862201
2 0.814033 0.665120 0.814033 0.608975 0.819513 0.608975 0.819513 0.665120
2 0.814033 0.541923 0.814033 0.485771 0.819513 0.485771 0.819513 0.541923
3 0.819513 0.470932 0.619850 0.470932 0.619850 0.478146 0.814033 0.478146
3 0.819513 0.604834 0.619850 0.604834 0.619850 0.597621 0.819513 0.597621
2 0.689300 0.604834 0.644984 0.604834 0.644984 0.597621 0.689300 0.597621
3 0.728464 0.470932 0.728464 0.604834 0.733945 0.604834 0.733945 0.470932
3 0.814033 0.678956 0.923754 0.678956 0.916629 0.669578 0.814033 0.669578
2 0.824731 0.678956 0.865314 0.678956 0.865314 0.669578 0.824731 0.669578
3 0.923754 0.678956 0.923754 0.653542 0.916629 0.645607 0.916629 0.669578
3 0.916629 0.645607 0.999693 0.645614 0.999693 0.653549 0.923754 0.653542
3 0.640128 0.478348 0.676957 0.478146 0.676990 0.488541 0.640161 0.488735
3 0.986660 0.458315 0.916394 0.458315 0.916394 0.448937 0.986660 0.448937
