0 0.104724 0.648879 0.104724 0.775718 0.425929 0.775781 0.425054 0.648680 0.104724 0.648879 0.104724 0.648879
0 0.425054 0.636720 0.257185 0.636720 0.257185 0.436489 0.425054 0.436489
0 0.248170 0.585339 0.227389 0.585339 0.227389 0.623094 0.248170 0.623094 0.248170 0.636720 0.104652 0.636720 0.104652 0.436562 0.248170 0.436489
3 0.104652 0.424865 0.104652 0.638198 0.095637 0.638198 0.095637 0.424865
1 0.104652 0.568055 0.104652 0.617392 0.095637 0.617392 0.095637 0.568055
3 0.095637 0.648680 0.425054 0.648680 0.434070 0.636720 0.095637 0.636720
1 0.328904 0.648680 0.392355 0.648680 0.392355 0.636720 0.328904 0.636720
2 0.128119 0.648680 0.175559 0.648680 0.175559 0.636720 0.128119 0.636720
2 0.273945 0.648680 0.324883 0.648680 0.324883 0.636720 0.273945 0.636720
3 0.434070 0.638198 0.434070 0.435273 0.425054 0.424791 0.425054 0.638198
3 0.434070 0.436489 0.095637 0.436562 0.104652 0.424854 0.434070 0.424791
3 0.257185 0.648680 0.257185 0.623094 0.248170 0.623094 0.248170 0.648680
3 0.257185 0.623094 0.257185 0.585339 0.227389 0.585339 0.227389 0.623094
3 0.257185 0.585339 0.257194 0.424823 0.248179 0.424823 0.248170 0.585339
3 0.095637 0.648680 0.085043 0.648680 0.085043 0.638198 0.095637 0.638198
3 0.095637 0.638198 0.095637 0.683364 0.104652 0.683364 0.104652 0.638198
3 0.434070 0.636720 0.434070 0.681037 0.425054 0.681037 0.425054 0.648680
3 0.434070 0.648680 0.450261 0.648680 0.450261 0.638198 0.434070 0.638198
3 0.095637 0.424865 0.083637 0.424865 0.083637 0.435346 0.095637 0.435346
3 0.095637 0.436562 0.095637 0.411500 0.104652 0.411500 0.104652 0.424854
3 0.434070 0.424791 0.434070 0.409551 0.425054 0.409551 0.425054 0.424791
3 0.425054 0.424791 0.449648 0.424791 0.449648 0.435273 0.434070 0.435273
0 0.731626 0.559502 0.970204 0.559502 0.970204 0.789219 0.509457 0.789219 0.509457 0.430734 0.731626 0.430734
0 0.970204 0.559502 0.802894 0.559502 0.802894 0.517397 0.741543 0.517397 0.741543 0.430734 0.970204 0.430734
0 0.510359 0.802845 0.510359 0.943792 0.971799 0.943792 0.972007 0.802845 0.510359 0.802845 0.510359 0.802845
0 0.970204 0.419205 0.741543 0.419205 0.741543 0.215839 0.970204 0.215116
0 0.731626 0.419205 0.509457 0.419205 0.509457 0.215839 0.731626 0.215839
3 0.509457 0.215839 0.509457 0.791315 0.500442 0.791315 0.500442 0.201185
3 0.510359 0.802845 0.972007 0.802845 0.981924 0.789219 0.500442 0.789219
1 0.600027 0.802845 0.698540 0.802845 0.698540 0.789219 0.600027 0.789219
1 0.775820 0.802845 0.876875 0.802845 0.876875 0.789219 0.775820 0.789219
2 0.710449 0.802845 0.769410 0.802845 0.769410 0.789219 0.710449 0.789219
3 0.981924 0.802845 0.981924 0.200420 0.970204 0.200420 0.970204 0.802845
1 0.981924 0.672400 0.981924 0.552574 0.970204 0.552574 0.970204 0.672400
1 0.981924 0.362478 0.981924 0.275102 0.970204 0.275102 0.970204 0.362478
3 0.981924 0.215095 0.500442 0.215860 0.510359 0.201165 0.972007 0.200431
1 0.658853 0.215608 0.579760 0.215734 0.579742 0.201060 0.658844 0.200934
3 0.500442 0.419205 0.581861 0.419205 0.581861 0.430734 0.500442 0.430734
3 0.581861 0.419205 0.660224 0.419205 0.660224 0.430734 0.581861 0.430734
3 0.660224 0.419205 0.812351 0.419205 0.812351 0.430734 0.660224 0.430734
2 0.583853 0.419205 0.661450 0.419205 0.661450 0.430734 0.583853 0.430734
3 0.812351 0.419205 0.900424 0.419205 0.900424 0.430734 0.812351 0.430734
2 0.812658 0.419205 0.899333 0.419205 0.899333 0.430734 0.812658 0.430734
3 0.900424 0.419205 0.981924 0.419205 0.981924 0.430734 0.900424 0.430734
3 0.741543 0.200808 0.741543 0.430734 0.731626 0.430734 0.731626 0.200808
3 0.741543 0.430734 0.741543 0.517397 0.731626 0.517397 0.731626 0.430734
3 0.802894 0.517397 0.802894 0.559502 0.731626 0.559502 0.731626 0.517397
3 0.500442 0.789219 0.500442 0.821659 0.510359 0.821659 0.510359 0.802845
3 0.500442 0.802845 0.484782 0.802845 0.484782 0.791315 0.500442 0.791315
3 0.981924 0.789219 0.981924 0.821397 0.972007 0.821397 0.972007 0.802845
3 0.981320 0.802142 1.000000 0.802142 1.000000 0.790613 0.981320 0.790613
3 0.981924 0.430734 0.999198 0.430734 0.999198 0.419205 0.981924 0.419205
3 0.981924 0.200420 0.997404 0.200420 0.997404 0.211950 0.981924 0.211950
3 0.500442 0.201185 0.482726 0.201185 0.482726 0.212715 0.500442 0.212715
3 0.500442 0.215860 0.500442 0.183744 0.510359 0.183744 0.510359 0.201165
3 0.731626 0.200819 0.731626 0.182528 0.741543 0.182528 0.741543 0.200819
3 0.981924 0.215095 0.981924 0.180348 0.972007 0.180348 0.972007 0.200431
3 0.500442 0.430734 0.484259 0.430734 0.484259 0.419205 0.500442 0.419205
