0 0.496244 0.035873 0.089147 0.035873 0.089147 0.195780 0.496244 0.195780 0.496244 0.035873 0.496244 0.035873
0 0.280294 0.778854 0.089168 0.778854 0.089168 0.599770 0.280294 0.599770
0 0.384815 0.706330 0.496244 0.706330 0.496244 0.778854 0.280294 0.778854 0.280294 0.599770 0.384815 0.599770
0 0.496244 0.593725 0.384815 0.593725 0.384815 0.599770 0.089168 0.599770 0.089168 0.400030 0.496244 0.400030
0 0.496244 0.697832 0.396878 0.697832 0.396878 0.602223 0.496244 0.602223
0 0.496244 0.400030 0.089168 0.400030 0.089147 0.217586 0.496244 0.217586
0 0.238754 0.800314 0.238754 0.940709 0.400189 0.940709 0.400189 0.800314 0.238754 0.800314 0.238754 0.800314
0 0.210712 0.929752 0.080907 0.929752 0.080907 0.800314 0.210712 0.800314
3 0.089147 0.217586 0.089147 0.800314 0.073773 0.800314 0.073773 0.195780
3 0.089147 0.778854 0.496244 0.778854 0.511617 0.800314 0.073773 0.800314
2 0.252345 0.778854 0.352940 0.778854 0.352940 0.800314 0.252345 0.800314
3 0.496244 0.778854 0.496244 0.217586 0.511617 0.195780 0.511617 0.800314
3 0.496244 0.217586 0.089147 0.217586 0.073773 0.195780 0.511617 0.195780
2 0.224436 0.217586 0.133465 0.217586 0.133465 0.195780 0.224436 0.195780
1 0.458353 0.217586 0.241757 0.217586 0.241757 0.195780 0.458353 0.195780
3 0.073773 0.800314 0.073773 0.944556 0.080907 0.929752 0.080907 0.800314
3 0.073773 0.944556 0.238754 0.944556 0.210712 0.929752 0.080907 0.929752
3 0.238754 0.944556 0.238754 0.800314 0.210712 0.800314 0.210712 0.929752
2 0.238754 0.902127 0.238754 0.852872 0.210712 0.852872 0.210712 0.902127
3 0.410489 0.800314 0.410489 0.940709 0.400189 0.940709 0.400189 0.800314
3 0.511617 0.800314 0.511617 0.944556 0.496244 0.944556 0.496244 0.800314
3 0.511617 0.195780 0.511617 0.029641 0.496244 0.035873 0.496244 0.195780
3 0.073773 0.195780 0.073773 0.029641 0.089147 0.035873 0.089147 0.195780
3 0.496244 0.602223 0.396878 0.602223 0.384815 0.593725 0.496244 0.593725
3 0.396878 0.602223 0.396878 0.697832 0.384815 0.706330 0.384815 0.593725
2 0.396878 0.615372 0.396878 0.664327 0.384815 0.664327 0.384815 0.615372
3 0.396878 0.697832 0.496244 0.697832 0.496244 0.706330 0.384815 0.706330
3 0.280294 0.706330 0.280294 0.599770 0.264920 0.599770 0.264920 0.706330
3 0.511617 0.029641 0.073773 0.029641 0.089147 0.035873 0.496244 0.035873
1 0.491314 0.029641 0.091976 0.029641 0.091976 0.035873 0.491314 0.035873
0 0.987701 0.590303 0.884953 0.590303 0.884953 0.597101 0.750095 0.597101 0.750095 0.529326 0.689953 0.529326 0.689953 0.399894 0.987701 0.399894
0 0.987701 0.778225 0.750095 0.778225 0.750095 0.597101 0.987701 0.597101
0 0.677654 0.529326 0.577069 0.529326 0.577069 0.399894 0.677654 0.399894
0 0.987701 0.393095 0.577069 0.393095 0.577069 0.218277 0.987701 0.218277
0 0.737796 0.680507 0.577069 0.680507 0.577069 0.536124 0.737796 0.536124
0 0.737796 0.778225 0.577069 0.778225 0.577069 0.687306 0.737796 0.687306
3 0.577069 0.218277 0.577069 0.778225 0.564770 0.800439 0.564770 0.196448
3 0.577069 0.778225 0.987701 0.778225 1.000000 0.800439 0.564770 0.800439
1 0.630938 0.778225 0.685443 0.778225 0.685443 0.800439 0.630938 0.800439
1 0.772110 0.778225 0.964507 0.778225 0.964507 0.800439 0.772110 0.800439
3 0.987701 0.778225 0.987701 0.218277 1.000000 0.196448 1.000000 0.800439
3 0.987701 0.218277 0.577069 0.218277 0.564770 0.196448 1.000000 0.196448
1 0.947432 0.218277 0.732722 0.218277 0.732722 0.196448 0.947432 0.196448
3 0.577069 0.393095 0.987701 0.393095 0.987701 0.399894 0.577069 0.399894
2 0.697916 0.393095 0.786561 0.393095 0.786561 0.399894 0.697916 0.399894
3 0.577069 0.529326 0.750095 0.529326 0.737796 0.536124 0.577069 0.536124
3 0.750095 0.529326 0.750095 0.778225 0.737796 0.778225 0.737796 0.536124
2 0.750095 0.541189 0.750095 0.590189 0.737796 0.590189 0.737796 0.541189
3 0.577069 0.680507 0.737796 0.680507 0.737796 0.687306 0.577069 0.687306
2 0.659175 0.680507 0.729432 0.680507 0.729432 0.687306 0.659175 0.687306
1 0.581691 0.680507 0.653927 0.680507 0.653927 0.687306 0.581691 0.687306
3 0.987701 0.597101 0.884953 0.597101 0.884953 0.590303 0.987701 0.590303
3 0.677654 0.399894 0.677654 0.529326 0.689953 0.529326 0.689953 0.399894
2 0.677654 0.439195 0.677654 0.488920 0.689953 0.488920 0.689953 0.439195
