0 0.744870 0.596962 0.744870 0.501221 0.677752 0.501221 0.677752 0.596987 0.711509 0.596987 0.711541 0.581947 0.738147 0.581947 0.738147 0.597125 0.744870 0.596962 0.744870 0.596962
0 0.357805 0.658824 0.544168 0.658824 0.544168 0.936530 0.578270 0.936530 0.578270 0.611544 0.482083 0.611544 0.482083 0.584464 0.357805 0.584464 0.357805 0.658824 0.357805 0.658824
0 1.000000 0.506682 1.000000 0.790044 0.843445 0.790044 0.843445 0.506682 1.000000 0.506682 1.000000 0.506682
0 0.831449 0.819497 0.677700 0.819497 0.677700 0.604639 0.831449 0.604639
0 0.807023 0.825774 0.831449 0.825774 0.831449 0.985562 0.759876 0.985562 0.759876 0.872553 0.781538 0.872553 0.781538 0.819497 0.807023 0.819497
0 0.809213 0.501403 0.831449 0.501403 0.831449 0.597106 0.809782 0.597106 0.809782 0.604639 0.765421 0.604639 0.765421 0.597106 0.751870 0.597106 0.751870 0.501403 0.769161 0.501403 0.769161 0.491987 0.809213 0.491987
0 0.831449 0.445774 0.836805 0.445774 0.836805 0.491077 0.831449 0.491077 0.831449 0.491987 0.677700 0.491987 0.677700 0.284737 0.801134 0.284737 0.801134 0.259766 0.831449 0.259766
0 0.671441 0.440131 0.677700 0.440131 0.677700 0.483211 0.671441 0.483211 0.671441 0.597106 0.494080 0.597106 0.494080 0.507925 0.486689 0.507925 0.486689 0.427413 0.492870 0.427413 0.492870 0.389228 0.671441 0.389228
0 0.671441 0.847695 0.677700 0.847695 0.677700 0.909519 0.671441 0.909519 0.671441 0.985562 0.590266 0.985562 0.590266 0.928182 0.585525 0.928182 0.585525 0.882879 0.590266 0.882879 0.590266 0.825774 0.671441 0.825774
0 0.776385 0.867317 0.755156 0.867317 0.755156 0.985562 0.677700 0.985562 0.677700 0.825774 0.776385 0.825774
0 0.606660 0.381645 0.486689 0.381645 0.486100 0.381695 0.486100 0.427413 0.486689 0.427413 0.486689 0.507925 0.351545 0.507925 0.351545 0.422046 0.345286 0.422046 0.345286 0.284737 0.606660 0.284737
0 0.345286 0.641248 0.127560 0.641248 0.127560 0.284737 0.345286 0.284737
0 0.671441 0.381695 0.612919 0.381695 0.612919 0.332268 0.611276 0.332268 0.611276 0.299859 0.612919 0.299859 0.612919 0.284737 0.671441 0.284737
0 0.419107 0.527428 0.425366 0.527428 0.425366 0.563592 0.419107 0.563592 0.419107 0.570026 0.351545 0.570026 0.351545 0.516085 0.419107 0.516085
0 0.487299 0.570026 0.471386 0.570026 0.471386 0.577113 0.435746 0.577113 0.435746 0.570026 0.425366 0.570026 0.425366 0.516085 0.487299 0.516085
0 0.320772 0.211657 0.256178 0.211657 0.256178 0.275271 0.127560 0.275271 0.127560 0.089903 0.320772 0.089903
0 0.486966 0.170886 0.514891 0.170886 0.514891 0.275271 0.327031 0.275271 0.327031 0.089903 0.486966 0.089903
0 0.671441 0.275271 0.521150 0.275271 0.521150 0.163353 0.493835 0.163353 0.493835 0.089903 0.671441 0.089903
0 0.931317 0.421556 0.994784 0.421556 0.994784 0.498635 0.843445 0.498635 0.843445 0.285534 0.931317 0.285534
0 0.795000 0.275271 0.677700 0.275271 0.677700 0.089903 0.795000 0.089903
0 0.918137 0.190477 0.801134 0.190477 0.801134 0.089903 0.918137 0.089903
0 0.671441 0.819497 0.590266 0.819497 0.590266 0.762713 0.585212 0.762713 0.585212 0.717347 0.590266 0.717347 0.590266 0.681830 0.671441 0.681830
0 0.994784 0.414023 0.937576 0.414023 0.937576 0.285534 0.994784 0.285534
0 0.918137 0.269213 0.912415 0.269213 0.912415 0.277449 0.885423 0.277449 0.885423 0.269213 0.836143 0.269213 0.836143 0.198914 0.918137 0.198914
0 0.671441 0.673551 0.590266 0.673551 0.590266 0.604639 0.671441 0.604639
0 0.320772 0.275271 0.260513 0.275271 0.260513 0.217765 0.320772 0.217765
3 0.112955 0.074279 0.112955 0.658824 0.127560 0.641248 0.127560 0.089903
3 0.112955 0.658824 0.357805 0.658824 0.345286 0.641248 0.127560 0.641248
1 0.273286 0.658824 0.343419 0.658824 0.343419 0.641248 0.273286 0.641248
1 0.201380 0.658824 0.273093 0.658824 0.273093 0.641248 0.201380 0.641248
1 0.128937 0.658824 0.201239 0.658824 0.201239 0.641248 0.128937 0.641248
3 0.357805 0.658824 0.357805 0.584464 0.345286 0.570026 0.345286 0.641248
3 0.345286 0.570026 0.435746 0.570026 0.435746 0.584464 0.357805 0.584464
1 0.358357 0.570026 0.418131 0.570026 0.418131 0.584464 0.358357 0.584464
3 0.435746 0.584464 0.471386 0.584464 0.471386 0.577113 0.435746 0.577113
2 0.437044 0.584464 0.470223 0.584464 0.470223 0.577113 0.437044 0.577113
3 0.471386 0.584464 0.482083 0.584464 0.494080 0.570026 0.471386 0.570026
3 0.494080 0.570026 0.494080 0.597106 0.482083 0.611544 0.482083 0.584464
3 0.482083 0.611544 0.578270 0.611544 0.590266 0.597106 0.494080 0.597106
1 0.498837 0.611544 0.575902 0.611544 0.575902 0.597106 0.498837 0.597106
3 0.590266 0.597106 0.590266 0.717347 0.578270 0.717347 0.578270 0.611544
3 0.585212 0.717347 0.585212 0.762713 0.578270 0.762713 0.578270 0.717347
2 0.585212 0.719563 0.585212 0.759857 0.578270 0.759857 0.578270 0.719563
3 0.590266 0.762713 0.590266 0.882879 0.578270 0.882879 0.578270 0.762713
1 0.590266 0.764502 0.590266 0.813848 0.578270 0.813848 0.578270 0.764502
1 0.590266 0.828687 0.590266 0.875340 0.578270 0.875340 0.578270 0.828687
3 0.585525 0.882879 0.585525 0.928182 0.578270 0.928182 0.578270 0.882879
2 0.585525 0.886457 0.585525 0.925621 0.578270 0.925621 0.578270 0.886457
3 0.590266 0.928182 0.590266 0.985562 0.578270 1.000000 0.578270 0.928182
3 0.578270 1.000000 0.843445 1.000000 0.831449 0.985562 0.590266 0.985562
3 0.843445 1.000000 0.843445 0.491077 0.831449 0.491077 0.831449 0.985562
1 0.843445 0.772192 0.843445 0.722928 0.831449 0.722928 0.831449 0.772192
1 0.843445 0.722664 0.843445 0.670192 0.831449 0.670192 0.831449 0.722664
1 0.843445 0.669897 0.843445 0.609472 0.831449 0.609472 0.831449 0.669897
1 0.843445 0.594702 0.843445 0.549349 0.831449 0.549349 0.831449 0.594702
1 0.843445 0.549349 0.843445 0.508327 0.831449 0.508327 0.831449 0.549349
3 0.843445 0.491077 0.843445 0.445774 0.836805 0.445774 0.836805 0.491077
2 0.843445 0.488723 0.843445 0.447626 0.836805 0.447626 0.836805 0.488723
3 0.843445 0.445774 0.843445 0.285534 0.831449 0.269213 0.831449 0.445774
1 0.843445 0.413270 0.843445 0.357308 0.831449 0.357308 0.831449 0.413270
1 0.843445 0.357013 0.843445 0.305923 0.831449 0.305923 0.831449 0.357013
3 0.831449 0.269213 0.885423 0.269213 0.885423 0.285534 0.843445 0.285534
3 0.885423 0.277449 0.912415 0.277449 0.912415 0.285534 0.885423 0.285534
2 0.887952 0.277449 0.909437 0.277449 0.909437 0.285534 0.887952 0.285534
3 0.912415 0.269213 0.918137 0.269213 0.931698 0.285534 0.912415 0.285534
3 0.931698 0.285534 0.931698 0.074279 0.918137 0.089903 0.918137 0.269213
3 0.931698 0.074279 0.112955 0.074279 0.127560 0.089903 0.918137 0.089903
1 0.841761 0.074279 0.801682 0.074279 0.801682 0.089903 0.841761 0.089903
1 0.789351 0.074279 0.734381 0.074279 0.734381 0.089903 0.789351 0.089903
1 0.734230 0.074279 0.684710 0.074279 0.684710 0.089903 0.734230 0.089903
1 0.613628 0.074279 0.521771 0.074279 0.521771 0.089903 0.613628 0.089903
1 0.483132 0.074279 0.382674 0.074279 0.382674 0.089903 0.483132 0.089903
1 0.305254 0.074279 0.197734 0.074279 0.197734 0.089903 0.305254 0.089903
3 0.831449 0.506682 1.000000 0.506682 0.994784 0.498635 0.831449 0.498635
2 0.861007 0.506682 0.911393 0.506682 0.911393 0.498635 0.861007 0.498635
3 0.918137 0.285534 0.994784 0.285534 1.000000 0.279257 0.918137 0.279257
3 1.000000 0.279257 1.000000 0.506682 0.994784 0.498635 0.994784 0.285534
3 0.801134 0.074279 0.801134 0.284737 0.795000 0.275271 0.795000 0.074279
2 0.801134 0.110919 0.801134 0.139914 0.795000 0.139914 0.795000 0.110919
3 0.801134 0.284737 0.112955 0.284737 0.112955 0.275271 0.795000 0.275271
2 0.480560 0.284737 0.447742 0.284737 0.447742 0.275271 0.480560 0.275271
2 0.560447 0.284737 0.526079 0.284737 0.526079 0.275271 0.560447 0.275271
2 0.254128 0.284737 0.221081 0.284737 0.221081 0.275271 0.254128 0.275271
2 0.220783 0.284737 0.178352 0.284737 0.178352 0.275271 0.220783 0.275271
2 0.733614 0.284737 0.703320 0.284737 0.703320 0.275271 0.733614 0.275271
3 0.843445 0.825774 0.807023 0.825774 0.807023 0.819497 0.843445 0.819497
3 0.776385 0.825774 0.578270 0.825774 0.578270 0.819497 0.781538 0.819497
3 0.677700 0.074279 0.677700 0.440131 0.671441 0.440131 0.671441 0.074279
3 0.677700 0.483211 0.677700 0.847695 0.671441 0.847695 0.671441 0.483211
3 0.677700 0.909519 0.677700 1.000000 0.671441 1.000000 0.671441 0.909519
3 0.781538 0.819497 0.781538 0.872553 0.776385 0.867317 0.776385 0.825774
3 0.781538 0.872553 0.759876 0.872553 0.755156 0.867317 0.776385 0.867317
3 0.755156 0.867317 0.755156 1.000000 0.759876 1.000000 0.759876 0.872553
3 0.677700 0.673551 0.578270 0.673551 0.578270 0.681830 0.677700 0.681830
3 0.578270 0.597106 0.765421 0.597106 0.765421 0.604639 0.578270 0.604639
2 0.598299 0.597106 0.631007 0.597106 0.631007 0.604639 0.598299 0.604639
3 0.809782 0.597106 0.843445 0.597106 0.843445 0.604639 0.809782 0.604639
3 0.843445 0.501403 0.809213 0.501403 0.809213 0.491987 0.843445 0.491987
3 0.769161 0.491987 0.671441 0.491987 0.671441 0.501403 0.769161 0.501403
2 0.720074 0.491987 0.695627 0.491987 0.695627 0.501403 0.720074 0.501403
3 0.744776 0.491987 0.744776 0.604639 0.751870 0.604639 0.751870 0.491987
3 0.494080 0.584464 0.494080 0.507925 0.487299 0.516085 0.487299 0.584464
3 0.494080 0.507925 0.345286 0.507925 0.345286 0.516085 0.487299 0.516085
2 0.469508 0.507925 0.434890 0.507925 0.434890 0.516085 0.469508 0.516085
3 0.345286 0.584464 0.345286 0.422046 0.351545 0.422046 0.351545 0.584464
3 0.425366 0.584464 0.425366 0.563592 0.419107 0.563592 0.419107 0.584464
3 0.425366 0.527428 0.425366 0.507925 0.419107 0.507925 0.419107 0.527428
3 0.677700 0.389228 0.492870 0.389228 0.486100 0.381695 0.677700 0.381695
3 0.486100 0.381695 0.486100 0.427413 0.492870 0.427413 0.492870 0.389228
3 0.521150 0.284737 0.521150 0.163353 0.514891 0.170886 0.514891 0.284737
3 0.521150 0.163353 0.493835 0.163353 0.486966 0.170886 0.514891 0.170886
3 0.486966 0.170886 0.486966 0.074279 0.493835 0.074279 0.493835 0.163353
3 0.327031 0.074279 0.327031 0.284737 0.320772 0.284737 0.320772 0.074279
3 0.327031 0.211657 0.256178 0.211657 0.260513 0.217765 0.327031 0.217765
2 0.291651 0.211657 0.261076 0.211657 0.261076 0.217765 0.291651 0.217765
3 0.256178 0.211657 0.256178 0.284737 0.260513 0.284737 0.260513 0.217765
3 0.931698 0.190477 0.795000 0.190477 0.795000 0.198914 0.931698 0.198914
3 0.831449 0.285534 0.831449 0.190477 0.836143 0.190477 0.836143 0.285534
3 0.836143 0.259766 0.795000 0.259766 0.795000 0.199033 0.836143 0.199033
3 0.606660 0.275271 0.606660 0.299859 0.612919 0.299859 0.612919 0.275271
3 0.606660 0.299859 0.606660 0.332268 0.611276 0.332268 0.611276 0.299859
2 0.606660 0.300825 0.606660 0.329374 0.611276 0.329374 0.611276 0.300825
3 0.606660 0.332268 0.606660 0.389228 0.612919 0.389228 0.612919 0.332268
3 0.931317 0.279257 0.931317 0.421556 0.937576 0.414023 0.937576 0.279257
3 0.931317 0.421556 1.000000 0.421556 1.000000 0.414023 0.937576 0.414023
3 0.738147 0.604639 0.738147 0.581947 0.711541 0.581947 0.711541 0.604639
