0 0.930947 0.771306 0.967675 0.771306 0.967675 0.597209 0.930947 0.597209 0.930947 0.771306
0 0.405215 0.048824 0.577728 0.048824 0.577728 0.430227 0.488172 0.430227 0.488172 0.220522 0.405215 0.220522 0.405215 0.048824
0 0.085995 0.691086 0.049687 0.691086 0.049687 0.231774 0.103273 0.231774 0.103273 0.353896 0.085995 0.353896 0.085995 0.691086
0 0.457497 0.852559 0.457497 0.961001 0.249615 0.961001 0.249615 0.852559 0.457497 0.852559
0 0.263449 0.698659 0.243866 0.752135 0.213565 0.752135 0.213565 0.360936 0.110869 0.360936 0.110869 0.252687 0.263449 0.252687
0 0.479056 0.517024 0.401265 0.517024 0.401265 0.487857 0.336230 0.487857 0.336230 0.480231 0.293604 0.480231 0.293604 0.487857 0.263449 0.487857 0.263449 0.252687 0.396099 0.252687 0.396099 0.238121 0.479056 0.238121
0 0.259590 0.209071 0.255640 0.209071 0.255640 0.245061 0.110869 0.245061 0.110869 0.066423 0.259590 0.066423
0 0.396099 0.252687 0.259590 0.252687 0.259590 0.066423 0.396099 0.066423
0 0.701217 0.386665 0.701217 0.328554 0.738555 0.328554 0.738555 0.386665 0.701217 0.386665
0 0.747358 0.564018 0.747358 0.386665 0.930947 0.386665 0.930947 0.564018 0.747358 0.564018
0 0.396099 0.834960 0.314875 0.834960 0.314875 0.698659 0.267400 0.698659 0.267400 0.597702 0.336230 0.597702 0.336230 0.495483 0.396099 0.495483
0 0.742496 0.789720 0.669054 0.789720 0.669054 0.396637 0.742496 0.396637
0 0.925782 0.789720 0.747358 0.789720 0.747358 0.573990 0.925782 0.573990
0 0.479056 0.834960 0.401265 0.834960 0.401265 0.524450 0.479056 0.524450
0 0.607595 0.667433 0.483918 0.667433 0.483918 0.447826 0.607595 0.447826
0 0.209615 0.524450 0.093592 0.524450 0.093592 0.368562 0.209615 0.368562
0 0.209615 0.686416 0.093592 0.686416 0.093592 0.532076 0.209615 0.532076
0 0.209615 0.759761 0.227731 0.759761 0.227731 0.834960 0.110869 0.834960 0.110869 0.694042 0.209615 0.694042
0 0.311836 0.834960 0.231681 0.834960 0.231681 0.759761 0.245911 0.759761 0.265358 0.706285 0.311836 0.706285
0 0.550825 0.779396 0.483918 0.779396 0.483918 0.675059 0.550825 0.675059
0 0.331976 0.590076 0.267400 0.590076 0.267400 0.495483 0.331976 0.495483
0 0.607595 0.779396 0.554775 0.779396 0.554775 0.675059 0.607595 0.675059
3 0.110869 0.066423 0.396099 0.066423 0.405215 0.048824 0.103273 0.048824
1 0.146375 0.066423 0.168162 0.066423 0.168162 0.048824 0.146375 0.048824
1 0.301958 0.066423 0.340931 0.066423 0.340931 0.048824 0.301958 0.048824
1 0.342465 0.066423 0.379287 0.066423 0.379287 0.048824 0.342465 0.048824
3 0.396099 0.066423 0.396099 0.238121 0.405215 0.220522 0.405215 0.048824
1 0.396099 0.077592 0.396099 0.133873 0.405215 0.133873 0.405215 0.077592
1 0.396099 0.136835 0.396099 0.193115 0.405215 0.193115 0.405215 0.136835
3 0.396099 0.238121 0.479056 0.238121 0.488172 0.220522 0.405215 0.220522
1 0.411815 0.238121 0.438819 0.238121 0.438819 0.220522 0.411815 0.220522
1 0.440967 0.238121 0.470426 0.238121 0.470426 0.220522 0.440967 0.220522
3 0.479056 0.238121 0.479056 0.447826 0.488172 0.430227 0.488172 0.220522
1 0.479056 0.254728 0.479056 0.312786 0.488172 0.312786 0.488172 0.254728
1 0.479056 0.315156 0.479056 0.371436 0.488172 0.371436 0.488172 0.315156
2 0.479056 0.377631 0.479056 0.424561 0.488172 0.424561 0.488172 0.377631
3 0.479056 0.447826 0.607595 0.447826 0.616711 0.430227 0.488172 0.430227
1 0.502955 0.447826 0.531186 0.447826 0.531186 0.430227 0.502955 0.430227
1 0.533335 0.447826 0.561873 0.447826 0.561873 0.430227 0.533335 0.430227
3 0.607595 0.447826 0.607595 0.779396 0.616711 0.796994 0.616711 0.430227
1 0.607595 0.497624 0.607595 0.602483 0.616711 0.602483 0.616711 0.497624
1 0.607595 0.694306 0.607595 0.743477 0.616711 0.743477 0.616711 0.694306
3 0.616711 0.796994 0.488172 0.796994 0.479056 0.779396 0.607595 0.779396
1 0.534668 0.796994 0.506513 0.796994 0.506513 0.779396 0.534668 0.779396
3 0.479056 0.779396 0.479056 0.834960 0.488172 0.852559 0.488172 0.796994
3 0.488172 0.852559 0.103273 0.852559 0.110869 0.834960 0.479056 0.834960
1 0.387303 0.852559 0.350065 0.852559 0.350065 0.834960 0.387303 0.834960
1 0.192954 0.852559 0.138587 0.852559 0.138587 0.834960 0.192954 0.834960
2 0.291377 0.852559 0.260775 0.852559 0.260775 0.834960 0.291377 0.834960
2 0.452198 0.852559 0.426160 0.852559 0.426160 0.834960 0.452198 0.834960
3 0.110869 0.834960 0.110869 0.686416 0.103273 0.701082 0.103273 0.852559
1 0.110869 0.807618 0.110869 0.738156 0.103273 0.738156 0.103273 0.807618
3 0.110869 0.686416 0.093592 0.686416 0.085995 0.701082 0.103273 0.701082
3 0.085995 0.701082 0.085995 0.353896 0.093592 0.368562 0.093592 0.686416
1 0.085995 0.649876 0.085995 0.578783 0.093592 0.578783 0.093592 0.649876
1 0.085995 0.471555 0.085995 0.398685 0.093592 0.398685 0.093592 0.471555
3 0.085995 0.353896 0.103273 0.353896 0.110869 0.368562 0.093592 0.368562
3 0.110869 0.368562 0.110869 0.066423 0.103273 0.048824 0.103273 0.353896
1 0.110869 0.189560 0.110869 0.133873 0.103273 0.133873 0.103273 0.189560
2 0.110869 0.310322 0.110869 0.257333 0.103273 0.257333 0.103273 0.310322
3 0.479056 0.779396 0.479056 0.447826 0.483918 0.447826 0.483918 0.779396
2 0.479056 0.511750 0.479056 0.456649 0.483918 0.456649 0.483918 0.511750
2 0.479056 0.773031 0.479056 0.719302 0.483918 0.719302 0.483918 0.773031
3 0.396099 0.495483 0.396099 0.852559 0.401265 0.852559 0.401265 0.487857
3 0.396099 0.524450 0.483918 0.524450 0.483918 0.517024 0.396099 0.517024
2 0.423875 0.524450 0.452104 0.524450 0.452104 0.517024 0.423875 0.517024
3 0.479056 0.675059 0.616711 0.675059 0.616711 0.667433 0.479056 0.667433
3 0.550825 0.667433 0.550825 0.796994 0.554775 0.796994 0.554775 0.667433
2 0.550825 0.724940 0.550825 0.772280 0.554775 0.772280 0.554775 0.724940
3 0.401265 0.487857 0.263449 0.487857 0.267400 0.495483 0.396099 0.495483
3 0.267400 0.495483 0.267400 0.698659 0.263449 0.706285 0.263449 0.487857
2 0.267400 0.601515 0.267400 0.657854 0.263449 0.657854 0.263449 0.601515
2 0.267400 0.498135 0.267400 0.553007 0.263449 0.553007 0.263449 0.498135
3 0.267400 0.701082 0.245911 0.759761 0.243866 0.752135 0.263449 0.698659
2 0.264242 0.709705 0.248314 0.753197 0.245087 0.748797 0.261015 0.705299
3 0.245911 0.759761 0.227731 0.759761 0.227731 0.752135 0.243866 0.752135
3 0.231681 0.759761 0.231681 0.852559 0.227731 0.852559 0.227731 0.752135
3 0.267400 0.698659 0.314875 0.698659 0.311836 0.706285 0.263449 0.706285
3 0.314875 0.698659 0.314875 0.852559 0.311836 0.852559 0.311836 0.706285
3 0.227731 0.752135 0.213565 0.752135 0.209615 0.759761 0.227731 0.759761
3 0.213565 0.752135 0.213565 0.524450 0.209615 0.524450 0.209615 0.759761
2 0.213565 0.749020 0.213565 0.698055 0.209615 0.698055 0.209615 0.749020
2 0.213565 0.585717 0.213565 0.534505 0.209615 0.534505 0.209615 0.585717
3 0.213565 0.524450 0.085995 0.524450 0.085995 0.532076 0.209615 0.532076
3 0.213565 0.524450 0.213565 0.360936 0.209615 0.368562 0.209615 0.524450
2 0.213565 0.515270 0.213565 0.463242 0.209615 0.463242 0.209615 0.515270
3 0.209615 0.368562 0.110869 0.368562 0.110869 0.360936 0.213565 0.360936
3 0.110869 0.686416 0.213565 0.686416 0.213565 0.694042 0.110869 0.694042
3 0.103273 0.252687 0.259590 0.252687 0.255640 0.245061 0.103273 0.245061
2 0.156573 0.252687 0.188381 0.252687 0.188381 0.245061 0.156573 0.245061
3 0.259590 0.252687 0.259590 0.209071 0.255640 0.209071 0.255640 0.245061
3 0.331976 0.487857 0.331976 0.590076 0.336230 0.597702 0.336230 0.480231
3 0.331976 0.590076 0.263449 0.590076 0.263449 0.597702 0.336230 0.597702
3 0.669054 0.396637 0.742496 0.396637 0.747662 0.386665 0.663888 0.386665
2 0.707015 0.396637 0.733025 0.396637 0.733025 0.386665 0.707015 0.386665
3 0.742496 0.396637 0.742496 0.573990 0.747662 0.564018 0.747662 0.386665
3 0.742496 0.573990 0.925782 0.573990 0.930947 0.564018 0.747662 0.564018
1 0.777975 0.573990 0.816310 0.573990 0.816310 0.564018 0.777975 0.564018
1 0.852816 0.573990 0.889780 0.573990 0.889780 0.564018 0.852816 0.564018
3 0.925782 0.573990 0.925782 0.789720 0.930947 0.799693 0.930947 0.564018
2 0.925782 0.610637 0.925782 0.756001 0.930947 0.756001 0.930947 0.610637
3 0.925782 0.789720 0.669054 0.789720 0.663888 0.799693 0.930947 0.799693
3 0.669054 0.789720 0.669054 0.396637 0.663888 0.386665 0.663888 0.799693
1 0.669054 0.714597 0.669054 0.645435 0.663888 0.645435 0.663888 0.714597
1 0.669054 0.534869 0.669054 0.466592 0.663888 0.466592 0.663888 0.534869
3 0.742496 0.573990 0.742496 0.799693 0.747358 0.799693 0.747358 0.573990
3 0.331976 0.487857 0.293604 0.487857 0.293604 0.480231 0.336230 0.480231
