0 0.917687 0.186189 0.917687 0.057596 0.205764 0.057596 0.205764 0.186189 0.917687 0.186189 0.917687 0.186189
0 0.778370 0.879372 0.778370 0.999980 0.395236 0.997867 0.395236 0.878592 0.779445 0.878592 0.778370 0.879372
0 0.794910 0.877812 0.909224 0.878592 0.909224 0.988945 0.794910 0.990220 0.794910 0.877812 0.794910 0.877812
0 0.578919 0.649907 0.457465 0.649907 0.457465 0.649328 0.082115 0.649328 0.082115 0.435937 0.578919 0.435937
0 0.578919 0.857308 0.399785 0.857308 0.399785 0.655831 0.457465 0.655831 0.457465 0.649907 0.578919 0.649907
0 0.578919 0.435937 0.082115 0.435937 0.082115 0.209222 0.578919 0.209222
0 0.909224 0.435937 0.589946 0.435937 0.589946 0.209222 0.909224 0.209222
0 0.909224 0.857308 0.589946 0.857308 0.589946 0.692039 0.909224 0.692039
0 0.390595 0.857308 0.126296 0.857308 0.126296 0.655831 0.390595 0.655831
0 0.909224 0.567958 0.727692 0.567958 0.727692 0.594672 0.589946 0.594672 0.589946 0.442440 0.909224 0.442440
0 0.909224 0.685536 0.741328 0.685536 0.741328 0.578180 0.909224 0.578180
0 0.727692 0.685536 0.589946 0.685536 0.589946 0.601174 0.727692 0.601174
3 0.082115 0.209222 0.909224 0.209222 0.934954 0.186189 0.053628 0.186189
1 0.244993 0.209222 0.430679 0.209222 0.430679 0.186189 0.244993 0.186189
2 0.463061 0.209222 0.539929 0.209222 0.539929 0.186189 0.463061 0.186189
1 0.647452 0.209222 0.812839 0.209222 0.812839 0.186189 0.647452 0.186189
3 0.909224 0.209222 0.909224 0.857308 0.934954 0.878592 0.934954 0.186189
3 0.909224 0.857308 0.126296 0.857308 0.096220 0.878592 0.934954 0.878592
1 0.750407 0.857308 0.604088 0.857308 0.604088 0.878592 0.750407 0.878592
2 0.558179 0.857308 0.472912 0.857308 0.472912 0.878592 0.558179 0.878592
1 0.323570 0.857308 0.176239 0.857308 0.176239 0.878592 0.323570 0.878592
3 0.126296 0.857308 0.126296 0.649328 0.096220 0.667536 0.096220 0.878592
1 0.126296 0.837397 0.126296 0.811327 0.096220 0.811327 0.096220 0.837397
3 0.126296 0.649328 0.082115 0.649328 0.053628 0.667536 0.096220 0.667536
3 0.082115 0.649328 0.082115 0.209222 0.053628 0.186189 0.053628 0.667536
1 0.082115 0.554439 0.082115 0.450777 0.053628 0.450777 0.053628 0.554439
3 0.578919 0.186189 0.578919 0.878592 0.589946 0.878592 0.589946 0.186189
2 0.578919 0.335156 0.578919 0.387537 0.589946 0.387537 0.589946 0.335156
2 0.578919 0.493572 0.578919 0.545946 0.589946 0.545946 0.589946 0.493572
2 0.578919 0.628857 0.578919 0.681881 0.589946 0.681881 0.589946 0.628857
2 0.578919 0.701799 0.578919 0.755467 0.589946 0.755467 0.589946 0.701799
3 0.578919 0.692039 0.932583 0.692039 0.932583 0.685536 0.578919 0.685536
3 0.909224 0.567958 0.727692 0.567958 0.741328 0.578180 0.909224 0.578180
2 0.893731 0.567958 0.818352 0.567958 0.818352 0.578180 0.893731 0.578180
3 0.727692 0.567958 0.727692 0.692039 0.741328 0.692039 0.741328 0.578180
3 0.578919 0.601174 0.741328 0.601174 0.741328 0.594672 0.578919 0.594672
3 0.578919 0.442440 0.934954 0.442440 0.934954 0.435937 0.578919 0.435937
3 0.096220 0.649328 0.457465 0.649328 0.457465 0.655831 0.096220 0.655831
3 0.390595 0.649328 0.390595 0.878592 0.399785 0.878592 0.399785 0.649328
2 0.390595 0.713472 0.390595 0.767862 0.399785 0.767862 0.399785 0.713472
3 0.909224 0.878592 0.909224 0.988945 0.921170 1.000000 0.921170 0.878592
3 0.909224 0.988945 0.794910 0.988945 0.778370 1.000000 0.921170 1.000000
3 0.794910 0.988945 0.794910 0.857308 0.778370 0.857308 0.778370 1.000000
2 0.794910 0.979223 0.794910 0.919215 0.778370 0.919215 0.778370 0.979223
