0 0.111604 0.859304 0.111604 0.998434 0.462092 0.998434 0.555861 0.948026 0.555861 0.861947 0.111591 0.861947 0.111604 0.859304
0 0.851453 0.456770 0.626535 0.456770 0.626535 0.550799 0.120847 0.550799 0.120847 0.433236 0.158878 0.433236 0.158878 0.388516 0.482326 0.388516 0.482326 0.314823 0.851453 0.314823
0 0.626535 0.850513 0.120847 0.850513 0.120847 0.550799 0.626535 0.550799
0 0.470326 0.196417 0.546937 0.196417 0.546937 0.308235 0.470837 0.308235 0.470837 0.381928 0.120847 0.381928 0.120847 0.073386 0.470326 0.073386
0 0.851453 0.308235 0.559652 0.308235 0.559652 0.196417 0.851453 0.196417
0 0.851453 0.082499 0.851453 0.189829 0.634170 0.189829 0.634170 0.082331
0 0.622680 0.189829 0.481816 0.189829 0.481816 0.073386 0.622680 0.073386
3 0.072334 0.053621 0.072334 0.116143 0.120847 0.116143 0.120847 0.073386
3 0.120847 0.116143 0.120847 0.850513 0.096590 0.871010 0.096590 0.116143
3 0.096590 0.850513 0.096590 0.914653 0.138719 0.914653 0.138719 0.850513
3 0.120847 0.850513 0.626535 0.850513 0.648238 0.871010 0.096590 0.871010
2 0.403405 0.850513 0.505893 0.850513 0.505893 0.871010 0.403405 0.871010
1 0.179751 0.850513 0.225467 0.850513 0.225467 0.871010 0.179751 0.871010
1 0.225467 0.850513 0.401426 0.850513 0.401426 0.871010 0.225467 0.871010
3 0.648238 0.871010 0.648238 0.469215 0.626535 0.456770 0.626535 0.850513
3 0.648238 0.469215 0.873156 0.469215 0.851453 0.456770 0.626535 0.456770
2 0.656690 0.469215 0.766315 0.469215 0.766315 0.456770 0.656690 0.456770
3 0.873156 0.469215 0.873156 0.053804 0.851453 0.082499 0.851453 0.456770
3 0.622680 0.053621 0.873156 0.053804 0.851453 0.082499 0.622603 0.082331
1 0.699968 0.053680 0.779272 0.053738 0.779209 0.082448 0.699904 0.082390
3 0.470326 0.053621 0.470326 0.196417 0.481816 0.189829 0.481816 0.053621
2 0.470326 0.102689 0.470326 0.147811 0.481816 0.147811 0.481816 0.102689
3 0.470326 0.196417 0.873156 0.196417 0.873156 0.189829 0.481816 0.189829
2 0.644293 0.196417 0.720368 0.196417 0.720368 0.189829 0.644293 0.189829
3 0.072334 0.053621 0.470326 0.053621 0.470326 0.073386 0.120847 0.073386
1 0.215535 0.053621 0.403954 0.053621 0.403954 0.073386 0.215535 0.073386
1 0.403954 0.053621 0.446351 0.053621 0.446351 0.073386 0.403954 0.073386
3 0.470326 0.053621 0.622680 0.053621 0.622680 0.073386 0.470326 0.073386
3 0.622680 0.053621 0.622680 0.196417 0.634170 0.196417 0.634170 0.053628
3 0.873156 0.314823 0.482326 0.314823 0.470837 0.308235 0.873156 0.308235
2 0.766455 0.314823 0.659613 0.314823 0.659613 0.308235 0.766455 0.308235
3 0.470837 0.308235 0.470837 0.381928 0.482326 0.388516 0.482326 0.314823
2 0.470837 0.319918 0.470837 0.378348 0.482326 0.378348 0.482326 0.319918
3 0.482326 0.388516 0.096590 0.388516 0.096590 0.381928 0.470837 0.381928
3 0.559652 0.189829 0.559652 0.314823 0.546937 0.314823 0.546937 0.189829
3 0.544371 0.850513 0.544371 0.955193 0.571729 0.955193 0.571729 0.850513
3 0.099182 0.381928 0.099182 0.433236 0.158878 0.433236 0.158878 0.381928
