0 0.442851 0.770280 0.341762 0.770280 0.341762 1.000000 0.442851 1.000000 0.442851 0.770280 0.442851 0.770280
0 0.758402 0.471114 0.714501 0.471114 0.714501 0.528418 0.558360 0.528418 0.558360 0.328805 0.758402 0.328805
0 0.977202 0.528418 0.723050 0.528418 0.723050 0.478235 0.768497 0.478235 0.768497 0.328805 0.977202 0.328805
0 0.442851 0.535539 0.855729 0.535539 0.855729 0.600127 0.710903 0.600127 0.710903 0.629247 0.442851 0.629247 0.442851 0.674466 0.351893 0.674466 0.351893 0.528418 0.442851 0.528418
0 0.442851 0.760107 0.351893 0.760107 0.351893 0.681078 0.442851 0.681078
0 0.548386 0.528418 0.121608 0.528418 0.121608 0.328805 0.548386 0.328805
0 0.519532 0.316088 0.519532 0.253403 0.446228 0.253403 0.446228 0.316088 0.519532 0.316088 0.519532 0.316088
0 0.341918 0.760107 0.121608 0.760107 0.121608 0.535539 0.341918 0.535539
0 0.977202 0.760107 0.720877 0.760107 0.720877 0.607248 0.977202 0.607248
0 0.594168 0.760107 0.452825 0.760107 0.452825 0.636368 0.594168 0.636368
0 0.710903 0.760107 0.603430 0.760107 0.603430 0.636368 0.710903 0.636368
0 0.977202 0.600127 0.865703 0.600127 0.865703 0.535539 0.977202 0.535539
1 0.148823 0.770280 0.323665 0.770280 0.323665 0.760107 0.148823 0.760107
1 0.479913 0.770280 0.519845 0.770280 0.519845 0.760107 0.479913 0.760107
1 0.639629 0.770280 0.678764 0.770280 0.678764 0.760107 0.639629 0.760107
1 0.754227 0.770280 0.902359 0.770280 0.902359 0.760107 0.754227 0.760107
2 0.373409 0.770280 0.438591 0.770280 0.438591 0.760107 0.373409 0.760107
1 0.352541 0.770280 0.370423 0.770280 0.370423 0.760107 0.352541 0.760107
1 0.438890 0.328805 0.168637 0.328805 0.168637 0.316088 0.438890 0.316088
2 0.512215 0.328805 0.452505 0.328805 0.452505 0.316088 0.512215 0.316088
1 0.756278 0.328805 0.632676 0.328805 0.632676 0.316088 0.756278 0.316088
1 0.892976 0.328805 0.770421 0.328805 0.770421 0.316088 0.892976 0.316088
3 0.121608 0.328805 0.121608 0.760107 0.100234 0.770280 0.100234 0.316088
3 0.121608 0.528418 0.351893 0.528418 0.341918 0.535539 0.121608 0.535539
3 0.351893 0.528418 0.351893 0.760107 0.341918 0.760107 0.341918 0.535539
2 0.351893 0.568510 0.351893 0.601989 0.341918 0.601989 0.341918 0.568510
3 0.442851 0.528418 0.977202 0.528418 0.977202 0.535539 0.442851 0.535539
2 0.649653 0.528418 0.708765 0.528418 0.708765 0.535539 0.649653 0.535539
2 0.771076 0.528418 0.827395 0.528418 0.827395 0.535539 0.771076 0.535539
3 0.442851 0.760107 0.442851 0.629247 0.452825 0.636368 0.452825 0.760107
3 0.442851 0.629247 0.710903 0.629247 0.720877 0.636368 0.452825 0.636368
2 0.498429 0.629247 0.548885 0.629247 0.548885 0.636368 0.498429 0.636368
3 0.720877 0.629247 0.720877 0.760107 0.710903 0.760107 0.710903 0.629247
2 0.720877 0.706857 0.720877 0.741078 0.710903 0.741078 0.710903 0.706857
3 0.720877 0.636368 0.720877 0.607248 0.710903 0.600127 0.710903 0.629247
3 0.710903 0.600127 0.977202 0.600127 0.977202 0.607248 0.720877 0.607248
2 0.775921 0.600127 0.835831 0.600127 0.835831 0.607248 0.775921 0.607248
3 0.855729 0.535539 0.855729 0.600127 0.865703 0.600127 0.865703 0.535539
2 0.855729 0.562330 0.855729 0.594746 0.865703 0.594746 0.865703 0.562330
3 0.548386 0.535539 0.548386 0.316088 0.558360 0.316088 0.558360 0.535539
3 0.758523 0.328805 0.758523 0.471114 0.768497 0.478235 0.768497 0.328805
3 0.758523 0.471114 0.714501 0.471114 0.723050 0.478235 0.768497 0.478235
3 0.714501 0.471114 0.714501 0.528418 0.723050 0.528418 0.723050 0.478235
3 0.100234 0.316088 0.100234 0.284288 0.122320 0.284288 0.122320 0.316088
3 0.594168 0.636368 0.594168 0.760107 0.603430 0.760107 0.603430 0.636368
3 0.351893 0.674466 0.442851 0.674466 0.442851 0.681078 0.351893 0.681078
1 0.353745 0.674466 0.368400 0.674466 0.368400 0.681078 0.353745 0.681078
2 0.371271 0.674466 0.438819 0.674466 0.438819 0.681078 0.371271 0.681078
