0 0.485770 0.279343 0.470629 0.279343 0.470629 0.350190 0.101269 0.350190 0.101290 0.279175 0.082310 0.279175 0.082310 0.043162 0.485770 0.043162 0.485770 0.279343 0.485770 0.279343
0 0.365781 0.611023 0.477208 0.611023 0.477574 0.619925 0.686819 0.619925 0.686819 0.541860 0.754374 0.541860 0.754374 0.685696 0.476955 0.685708 0.476955 0.742727 0.366189 0.743103 0.365781 0.611023 0.365781 0.611023
0 0.355335 0.922491 0.355145 0.967389 0.449083 0.967389 0.449083 0.922907 0.436204 0.922954 0.436204 0.914902 0.369064 0.914902 0.369064 0.922954 0.355335 0.922491 0.355335 0.922491
0 0.366259 0.743034 0.101290 0.743034 0.101290 0.610734 0.365556 0.610734
0 0.477574 0.610734 0.101290 0.610734 0.101290 0.358873 0.480386 0.358873
0 0.476955 0.743103 0.315414 0.743103 0.315414 0.750628 0.357050 0.750628 0.357050 0.907325 0.101290 0.907325 0.101290 0.764537 0.143054 0.764537 0.143054 0.750628 0.216837 0.750628 0.216837 0.743103 0.101290 0.743103 0.101290 0.743034 0.476955 0.743034
0 0.903894 0.501216 0.754507 0.501216 0.754507 0.534243 0.686819 0.534243 0.686819 0.294971 0.903894 0.294971
0 0.903894 0.907325 0.668246 0.907325 0.668246 0.719702 0.687465 0.719702 0.687465 0.693811 0.903894 0.693811
0 0.677680 0.534243 0.487500 0.534243 0.489609 0.358873 0.489609 0.294971 0.677680 0.294971
0 0.641077 0.719702 0.658405 0.719702 0.658405 0.907325 0.486797 0.907325 0.486797 0.693811 0.641077 0.693811
0 0.476955 0.907325 0.366189 0.907325 0.366189 0.750628 0.476955 0.750628
0 0.898664 0.624677 0.860957 0.624677 0.822526 0.548360 0.763646 0.548360 0.763646 0.508740 0.898664 0.508740
0 0.853204 0.629632 0.853204 0.685708 0.763646 0.685708 0.763646 0.555885 0.816403 0.555885
0 0.677680 0.612401 0.582428 0.612401 0.582428 0.554594 0.623390 0.554594 0.623390 0.541767 0.677680 0.541767
0 0.575399 0.612401 0.486797 0.612401 0.487500 0.541767 0.575399 0.541767
3 0.082310 0.358873 0.489609 0.358873 0.470629 0.350190 0.082310 0.350190
2 0.364600 0.358873 0.425864 0.358873 0.425864 0.350190 0.364600 0.350190
1 0.146899 0.358873 0.350963 0.358873 0.350963 0.350190 0.146899 0.350190
3 0.489609 0.358873 0.489609 0.294971 0.470629 0.279343 0.470629 0.350190
3 0.489609 0.294971 0.903894 0.294971 0.922875 0.279343 0.470629 0.279343
1 0.521565 0.294971 0.669589 0.294971 0.669589 0.279343 0.521565 0.279343
1 0.707331 0.294971 0.866138 0.294971 0.866138 0.279343 0.707331 0.279343
3 0.903894 0.294971 0.903894 0.501216 0.922875 0.501216 0.922875 0.279343
3 0.898664 0.501216 0.898664 0.624677 0.922875 0.624677 0.922875 0.501216
3 0.853204 0.624677 0.853204 0.693811 0.922875 0.693811 0.922875 0.624677
3 0.903894 0.693811 0.903894 0.907325 0.922875 0.922954 0.922875 0.685708
3 0.903894 0.907325 0.436204 0.907325 0.436204 0.922954 0.922875 0.922954
1 0.640535 0.907325 0.494860 0.907325 0.494860 0.922954 0.640535 0.922954
1 0.849991 0.907325 0.700477 0.907325 0.700477 0.922954 0.849991 0.922954
3 0.436204 0.907325 0.369064 0.907325 0.369064 0.914902 0.436204 0.914902
2 0.433877 0.907325 0.371145 0.907325 0.371145 0.914902 0.433877 0.914902
3 0.369064 0.907325 0.101290 0.907325 0.082310 0.922954 0.369064 0.922954
1 0.308412 0.907325 0.166223 0.907325 0.166223 0.922954 0.308412 0.922954
3 0.486797 0.922954 0.486797 0.693811 0.476955 0.685708 0.476955 0.922954
2 0.486797 0.741199 0.486797 0.696144 0.476955 0.696144 0.476955 0.741199
3 0.486797 0.693811 0.641077 0.693811 0.641077 0.685708 0.476955 0.685708
3 0.641077 0.719702 0.687465 0.719702 0.687465 0.685708 0.641077 0.685708
3 0.687465 0.693811 0.903894 0.693811 0.922875 0.685708 0.687465 0.685708
2 0.693855 0.693811 0.751013 0.693811 0.751013 0.685708 0.693855 0.685708
3 0.668246 0.922954 0.668246 0.719702 0.658405 0.719702 0.658405 0.922954
3 0.357050 0.922954 0.357050 0.750628 0.366189 0.743103 0.366189 0.922954
1 0.357050 0.836843 0.357050 0.783262 0.366189 0.783262 0.366189 0.836843
3 0.366189 0.750628 0.486797 0.750628 0.486797 0.743103 0.366189 0.743103
2 0.376023 0.750628 0.446770 0.750628 0.446770 0.743103 0.376023 0.743103
3 0.366189 0.743103 0.315414 0.743103 0.315414 0.750628 0.357050 0.750628
3 0.143054 0.743103 0.216837 0.743103 0.216837 0.750628 0.143054 0.750628
3 0.489609 0.350190 0.486797 0.612401 0.477574 0.619925 0.480470 0.350127
2 0.488561 0.447796 0.488041 0.496359 0.478902 0.496290 0.479423 0.447727
3 0.486797 0.612401 0.677680 0.612401 0.686819 0.619925 0.477574 0.619925
2 0.619974 0.612401 0.662840 0.612401 0.662840 0.619925 0.619974 0.619925
2 0.492772 0.612401 0.535639 0.612401 0.535639 0.619925 0.492772 0.619925
3 0.677680 0.612401 0.677680 0.279343 0.686819 0.279343 0.686819 0.619925
3 0.763646 0.693811 0.763646 0.508740 0.754507 0.501216 0.754507 0.693811
2 0.763646 0.598295 0.763646 0.559844 0.754507 0.559844 0.754507 0.598295
3 0.754507 0.501216 0.922875 0.501216 0.922875 0.508740 0.763646 0.508740
3 0.478495 0.534243 0.582428 0.534243 0.575399 0.541767 0.478495 0.541767
3 0.575399 0.534243 0.623390 0.534243 0.623390 0.554594 0.575399 0.554594
3 0.623390 0.534243 0.763646 0.534243 0.763646 0.541767 0.623390 0.541767
2 0.691072 0.534243 0.751013 0.534243 0.751013 0.541767 0.691072 0.541767
3 0.575399 0.541767 0.575399 0.619925 0.582428 0.619925 0.582428 0.534243
3 0.853204 0.629632 0.816403 0.555885 0.822526 0.548360 0.861660 0.626773
2 0.839074 0.601316 0.824712 0.572543 0.833169 0.569684 0.847524 0.598457
3 0.816403 0.555885 0.754507 0.555885 0.754507 0.548360 0.822526 0.548360
3 0.101290 0.907325 0.101290 0.279175 0.082310 0.279175 0.082310 0.922954
3 0.143054 0.743103 0.082310 0.743103 0.082310 0.764537 0.143054 0.764537
