0 0.736149 0.378233 0.714710 0.378233 0.714710 0.596820 0.625588 0.596820 0.625588 0.197157 0.736149 0.197157
0 0.725266 0.769259 0.720378 0.769259 0.720378 0.391320 0.741817 0.391320 0.741817 0.197157 0.985830 0.197157 0.985830 0.852885 0.725266 0.852885
0 0.479510 0.852885 0.184910 0.852885 0.184910 0.197157 0.479510 0.197157
0 0.479524 0.303980 0.484484 0.303980 0.484484 0.197157 0.619920 0.197157 0.619920 0.609269 0.479510 0.609269 0.479510 0.197157 0.479524 0.197157
0 0.619920 0.609907 0.714710 0.609907 0.714710 0.852885 0.479510 0.852885 0.479510 0.609269 0.619920 0.609269
0 0.168615 0.254625 0.062943 0.254625 0.062943 0.872516 0.168615 0.872516 0.168615 0.254625
3 0.184910 0.197157 0.985830 0.197157 1.000000 0.157896 0.168615 0.157896
1 0.777235 0.197157 0.919869 0.197157 0.919869 0.157896 0.777235 0.157896
1 0.648132 0.197157 0.700837 0.197157 0.700837 0.157896 0.648132 0.157896
1 0.530154 0.197157 0.572706 0.197157 0.572706 0.157896 0.530154 0.157896
3 0.985830 0.197157 0.985830 0.852885 1.000000 0.885603 1.000000 0.157896
3 0.985830 0.852885 0.184910 0.852885 0.168615 0.885603 1.000000 0.885603
2 0.668346 0.852885 0.618801 0.852885 0.618801 0.885603 0.668346 0.885603
3 0.184910 0.852885 0.184910 0.197157 0.168615 0.157896 0.168615 0.885603
2 0.184910 0.385496 0.184910 0.269398 0.168615 0.269398 0.168615 0.385496
1 0.184910 0.827594 0.184910 0.394428 0.168615 0.394428 0.168615 0.827594
3 0.168615 0.885603 0.057275 0.885603 0.062943 0.872516 0.168615 0.872516
1 0.166553 0.885603 0.064048 0.885603 0.064048 0.872516 0.166553 0.872516
3 0.057275 0.885603 0.057275 0.241538 0.062943 0.254625 0.062943 0.872516
1 0.057275 0.871141 0.057275 0.254871 0.062943 0.254871 0.062943 0.871141
3 0.057275 0.241538 0.168615 0.241538 0.168615 0.254625 0.062943 0.254625
1 0.063077 0.241538 0.166553 0.241538 0.166553 0.254625 0.063077 0.254625
3 0.484484 0.303980 0.484484 0.197157 0.479524 0.197157 0.479524 0.303980
3 0.619920 0.197157 0.619920 0.609907 0.625588 0.596820 0.625588 0.197157
3 0.619920 0.609907 0.714710 0.609907 0.720378 0.596820 0.625588 0.596820
2 0.668558 0.609907 0.705570 0.609907 0.705570 0.596820 0.668558 0.596820
3 0.720378 0.609907 0.720378 0.391320 0.714710 0.378233 0.714710 0.609907
3 0.720378 0.391320 0.741817 0.391320 0.736149 0.378233 0.714710 0.378233
3 0.741817 0.391320 0.741817 0.197157 0.736149 0.197157 0.736149 0.378233
3 0.714710 0.609907 0.714710 0.769259 0.720378 0.769259 0.720378 0.596820
2 0.714710 0.625186 0.714710 0.724092 0.720378 0.724092 0.720378 0.625186
3 0.714710 0.769259 0.714710 0.852885 0.725266 0.852885 0.725266 0.769259
