0 0.598352 0.192916 0.598352 0.055536 0.984564 0.055536 0.984564 0.192916 0.598352 0.192916 0.598352 0.192916
0 0.597140 0.819353 0.062623 0.819353 0.062623 0.683463 0.286997 0.683463 0.286518 0.629276 0.458409 0.628988 0.458409 0.586288 0.597140 0.586288
0 0.597140 0.215257 0.597140 0.575117 0.458575 0.575117 0.458575 0.586288 0.458409 0.586288 0.458409 0.628988 0.286518 0.629276 0.286997 0.215257
0 0.967725 0.693088 0.597140 0.693088 0.597140 0.593986 0.615719 0.593986 0.615719 0.211608 0.967725 0.211608
0 0.967725 0.983244 0.608972 0.983244 0.608972 0.710775 0.967725 0.710775
0 0.597140 0.927885 0.539543 0.927885 0.539543 0.983244 0.341015 0.983244 0.341015 0.830524 0.597140 0.830524
0 0.331529 0.958743 0.287231 0.958743 0.287231 0.983244 0.194910 0.983244 0.194910 0.830524 0.331529 0.830524
3 0.286997 0.215257 0.614947 0.215257 0.614947 0.192916 0.268417 0.192916
1 0.350617 0.215257 0.525970 0.215257 0.525970 0.192916 0.350617 0.192916
3 0.614947 0.211608 0.967725 0.211608 0.999995 0.192916 0.614947 0.192916
2 0.623679 0.211608 0.710280 0.211608 0.710280 0.192916 0.623679 0.192916
1 0.715521 0.211608 0.967686 0.211608 0.967686 0.192916 0.715521 0.192916
3 0.999995 0.192916 0.999995 1.000000 0.967725 0.983244 0.967725 0.211608
1 0.999995 0.756584 0.999995 0.924785 0.967725 0.924785 0.967725 0.756584
3 0.999995 1.000000 0.177308 1.000000 0.194910 0.983244 0.967725 0.983244
3 0.177308 1.000000 0.177308 0.836109 0.194910 0.819353 0.194910 0.983244
3 0.194910 0.819353 0.062623 0.819353 0.045021 0.836109 0.177308 0.836109
2 0.169808 0.819353 0.086562 0.819353 0.086562 0.836109 0.169808 0.836109
3 0.045021 0.836109 0.045021 0.668569 0.062623 0.683463 0.062623 0.819353
3 0.045021 0.668569 0.268417 0.668569 0.286997 0.683463 0.062623 0.683463
3 0.268417 0.668569 0.268417 0.192916 0.286997 0.215257 0.286997 0.683463
3 0.597140 0.192916 0.597140 0.593986 0.615719 0.593986 0.615719 0.192916
3 0.597140 0.693088 0.597140 0.927885 0.608972 0.927885 0.608972 0.710775
2 0.597140 0.716137 0.597140 0.792097 0.608972 0.792097 0.608972 0.716137
3 0.597140 0.693088 0.999995 0.693088 0.999995 0.710775 0.608972 0.710775
3 0.194910 0.819353 0.608972 0.819353 0.608972 0.830524 0.194910 0.830524
2 0.242161 0.819353 0.297010 0.819353 0.297010 0.830524 0.242161 0.830524
2 0.430050 0.819353 0.488791 0.819353 0.488791 0.830524 0.430050 0.830524
3 0.615719 0.586288 0.458575 0.586288 0.458575 0.575117 0.615719 0.575117
2 0.589698 0.586288 0.511057 0.586288 0.511057 0.575117 0.589698 0.575117
3 0.587967 0.215257 0.587967 0.047158 0.598352 0.047158 0.598352 0.215257
3 0.984564 0.211608 0.984564 0.047158 0.994998 0.047158 0.994998 0.211608
3 0.331529 0.819353 0.331529 0.958743 0.341015 0.958743 0.341015 0.819353
3 0.608972 0.927885 0.608972 1.000000 0.539543 1.000000 0.539543 0.927885
3 0.341015 0.958743 0.341015 1.000000 0.287231 1.000000 0.287231 0.958743
