0 0.990425 0.601985 0.897643 0.602013 0.897773 0.981186 0.990014 0.981149 0.990425 0.601985 0.990425 0.601985
0 0.183474 0.795964 0.451545 0.795964 0.451545 0.683119 0.442798 0.683119 0.442798 0.602784 0.425670 0.602850 0.425670 0.410310 0.183383 0.410310 0.183474 0.795964 0.183474 0.795964
0 0.521189 0.602013 0.528669 0.602013 0.528669 0.982127 0.451545 0.982127 0.451545 0.602850 0.457380 0.602850 0.457380 0.586859 0.451545 0.586859 0.451545 0.586021 0.521189 0.586021
0 0.819067 0.602013 0.887066 0.602013 0.887066 0.982127 0.766934 0.982127 0.766934 0.953351 0.628175 0.953351 0.628175 0.749984 0.661581 0.749984 0.661581 0.602013 0.727152 0.602013 0.727152 0.586021 0.819067 0.586021
0 0.504883 0.224637 0.577625 0.224637 0.577625 0.194817 0.887066 0.194817 0.887066 0.586021 0.431866 0.586021 0.431866 0.194817 0.504883 0.194817
0 0.425670 0.400141 0.183474 0.400141 0.183474 0.194817 0.425670 0.194817
0 0.990425 0.586021 0.897773 0.586021 0.897531 0.187291 0.990425 0.187291
0 0.621980 0.982127 0.534864 0.982127 0.534864 0.749984 0.621980 0.749984
0 0.655385 0.739636 0.534864 0.739636 0.534864 0.602013 0.655385 0.602013
3 0.162634 0.160011 0.162634 0.813837 0.183474 0.795964 0.183474 0.194817
1 0.162634 0.251663 0.162634 0.381939 0.183474 0.381939 0.183474 0.251663
1 0.162634 0.465190 0.162634 0.552156 0.183474 0.552156 0.183474 0.465190
1 0.162634 0.636659 0.162634 0.770086 0.183474 0.770086 0.183474 0.636659
3 0.162634 0.813837 0.440843 0.813837 0.451545 0.795964 0.183474 0.795964
3 0.451545 0.795964 0.451545 0.982127 0.440843 1.000000 0.440843 0.813837
2 0.451545 0.831795 0.451545 0.908019 0.440843 0.908019 0.440843 0.831795
3 0.440843 1.000000 0.628175 1.000000 0.628175 0.982127 0.451545 0.982127
3 0.628175 1.000000 0.766934 1.000000 0.766934 0.953351 0.628175 0.953351
3 0.766934 1.000000 0.897773 1.000000 0.887066 0.982127 0.766934 0.982127
3 0.897773 1.000000 0.897531 0.187291 0.886818 0.160011 0.887066 0.982127
2 0.897734 0.870429 0.897711 0.786144 0.887010 0.786153 0.887032 0.870439
2 0.897649 0.581177 0.897621 0.496214 0.886919 0.496223 0.886948 0.581186
1 0.897762 0.949918 0.897745 0.903570 0.887043 0.903579 0.887060 0.949927
1 0.897711 0.780951 0.897655 0.603368 0.886953 0.603377 0.887010 0.780960
1 0.897621 0.491858 0.897531 0.195419 0.886829 0.195428 0.886919 0.491868
3 0.886818 0.160011 1.000000 0.160011 0.990425 0.187291 0.897531 0.187291
3 0.990425 0.586021 0.888006 0.586021 0.888006 0.602013 1.000000 0.602013
1 0.990003 0.586021 0.897902 0.586021 0.897902 0.602013 0.990003 0.602013
3 0.990425 0.586021 0.990425 0.187291 1.000000 0.160011 1.000000 0.602013
1 0.990425 0.584874 0.990425 0.188674 1.000000 0.188674 1.000000 0.584874
3 0.888006 0.602013 0.819067 0.602013 0.819067 0.586021 0.888006 0.586021
3 0.727152 0.602013 0.521189 0.602013 0.521189 0.586021 0.727152 0.586021
3 0.451545 0.602850 0.457380 0.602850 0.457380 0.586859 0.441970 0.586859
3 0.451545 0.586859 0.431866 0.586859 0.425670 0.602850 0.451545 0.602850
3 0.425670 0.602850 0.425670 0.160011 0.431866 0.160011 0.431866 0.586859
2 0.425670 0.582400 0.425670 0.514632 0.431866 0.514632 0.431866 0.582400
2 0.425670 0.313522 0.425670 0.206331 0.431866 0.206331 0.431866 0.313522
3 0.162634 0.410489 0.431866 0.410489 0.431866 0.400141 0.162634 0.400141
3 0.661581 0.586021 0.661581 0.749984 0.655385 0.739636 0.655385 0.586021
3 0.661581 0.749984 0.534864 0.749984 0.534864 0.739636 0.655385 0.739636
3 0.534864 0.739636 0.534864 1.000000 0.528669 1.000000 0.528669 0.739636
2 0.534864 0.832237 0.534864 0.899421 0.528669 0.899421 0.528669 0.832237
3 0.528669 0.739636 0.528669 0.586021 0.534864 0.586021 0.534864 0.739636
2 0.528669 0.673759 0.528669 0.606820 0.534864 0.606820 0.534864 0.673759
3 0.451545 0.684201 0.451545 0.602850 0.441970 0.586859 0.441970 0.684201
3 0.451545 0.795964 0.451545 0.758600 0.441970 0.758600 0.441970 0.795964
3 0.337445 0.410489 0.377643 0.410489 0.377643 0.440694 0.337445 0.440694
3 0.504883 0.160011 0.162634 0.160011 0.183474 0.194817 0.504883 0.194817
3 0.897519 0.160011 0.577625 0.160011 0.577625 0.194817 0.897519 0.194817
3 0.577625 0.160011 0.504883 0.160011 0.504883 0.224637 0.577625 0.224637
3 0.628175 1.000000 0.628175 0.739636 0.621980 0.739636 0.621980 1.000000
3 0.897773 1.000000 0.999589 1.000000 0.999589 0.981186 0.897773 0.981186
