0 0.160124 0.195984 0.160124 0.027859 0.712749 0.027617 0.712742 0.197453 0.159815 0.197453 0.160124 0.195984
0 0.519830 0.843728 0.377600 0.843728 0.377600 1.000000 0.519909 1.000000 0.519830 0.843728 0.519830 0.843728
0 0.437037 0.477255 0.430524 0.477255 0.430524 0.549262 0.356091 0.549262 0.356091 0.553280 0.145487 0.553280 0.145487 0.508088 0.111570 0.468184 0.111570 0.295232 0.146285 0.262370 0.146285 0.217753 0.437037 0.217753
0 0.695582 0.381449 0.704209 0.381449 0.704209 0.217753 0.704231 0.217753 0.704231 0.513589 0.564013 0.513589 0.564013 0.514377 0.439150 0.514377 0.439150 0.477255 0.437037 0.477255 0.437037 0.217753 0.695582 0.217753
0 0.564013 0.564040 0.512670 0.624456 0.515539 0.821725 0.395766 0.821725 0.395766 0.557780 0.439150 0.557780 0.439150 0.514377 0.564013 0.514377
0 0.977715 0.513589 0.704231 0.513589 0.704231 0.217753 0.977715 0.217753
0 0.977715 0.821725 0.711973 0.821725 0.711973 0.519743 0.977715 0.519743
0 0.388440 0.821725 0.145487 0.821725 0.145487 0.562322 0.388440 0.562322
0 0.705740 0.686675 0.629381 0.686675 0.579124 0.732846 0.522871 0.732839 0.522871 0.741357 0.583308 0.741364 0.583308 0.821725 0.519852 0.821725 0.524165 0.821668 0.521340 0.627508 0.572639 0.567142 0.572639 0.522106 0.705740 0.522106
0 0.656317 0.983505 0.535940 0.983505 0.535940 0.843728 0.656317 0.843728
0 0.705740 0.821725 0.591934 0.821725 0.591934 0.732846 0.591467 0.732839 0.632774 0.695193 0.705740 0.695193
3 0.146285 0.217753 0.977715 0.217753 1.000000 0.195750 0.124000 0.195750
2 0.912023 0.217753 0.968362 0.217753 0.968362 0.195750 0.912023 0.195750
1 0.826591 0.217753 0.902965 0.217753 0.902965 0.195750 0.826591 0.195750
1 0.744819 0.217753 0.820301 0.217753 0.820301 0.195750 0.744819 0.195750
1 0.567161 0.217753 0.641558 0.217753 0.641558 0.195750 0.567161 0.195750
1 0.484123 0.217753 0.558830 0.217753 0.558830 0.195750 0.484123 0.195750
2 0.360116 0.217753 0.418439 0.217753 0.418439 0.195750 0.360116 0.195750
1 0.267151 0.217753 0.346688 0.217753 0.346688 0.195750 0.267151 0.195750
1 0.179131 0.217753 0.261493 0.217753 0.261493 0.195750 0.179131 0.195750
3 0.977715 0.217753 0.977715 0.821725 1.000000 0.843728 1.000000 0.195750
3 0.977715 0.821725 0.145487 0.821725 0.123202 0.843728 1.000000 0.843728
1 0.277955 0.821725 0.240250 0.821725 0.240250 0.843728 0.277955 0.843728
1 0.364329 0.821725 0.285259 0.821725 0.285259 0.843728 0.364329 0.843728
2 0.506962 0.821725 0.446138 0.821725 0.446138 0.843728 0.506962 0.843728
1 0.702822 0.821725 0.674232 0.821725 0.674232 0.843728 0.702822 0.843728
1 0.809302 0.821725 0.775306 0.821725 0.775306 0.843728 0.809302 0.843728
1 0.898674 0.821725 0.819654 0.821725 0.819654 0.843728 0.898674 0.843728
3 0.145487 0.821725 0.145487 0.508088 0.123202 0.516101 0.123202 0.843728
1 0.145487 0.754417 0.145487 0.673040 0.123202 0.673040 0.123202 0.754417
3 0.146285 0.262370 0.146285 0.217753 0.124000 0.195750 0.124000 0.252979
3 0.145487 0.508088 0.111570 0.468184 0.089285 0.476190 0.123202 0.516101
1 0.139175 0.500664 0.113813 0.470825 0.096740 0.484963 0.122102 0.514810
3 0.111570 0.468184 0.111570 0.295232 0.089285 0.285849 0.089285 0.476190
1 0.111570 0.380981 0.111570 0.298377 0.089285 0.298377 0.089285 0.380981
1 0.111570 0.467247 0.111570 0.388057 0.089285 0.388057 0.089285 0.467247
3 0.111570 0.295232 0.146285 0.262370 0.124000 0.252979 0.089285 0.285849
1 0.112124 0.294707 0.137752 0.270447 0.122325 0.254562 0.096704 0.278829
3 0.656317 0.843728 0.656317 0.983505 0.672046 0.999035 0.672046 0.843728
3 0.656317 0.983505 0.535940 0.983505 0.519830 0.999035 0.672046 0.999035
3 0.535940 0.983505 0.535940 0.843728 0.519830 0.843728 0.519830 0.999035
2 0.535940 0.979317 0.535940 0.911760 0.519830 0.911760 0.519830 0.979317
3 0.145487 0.562322 0.388440 0.562322 0.395766 0.553280 0.145487 0.553280
2 0.192711 0.562322 0.328629 0.562322 0.328629 0.553280 0.192711 0.553280
3 0.388440 0.562322 0.388440 0.821725 0.395766 0.821725 0.395766 0.553280
3 0.977715 0.513589 0.705740 0.513589 0.705740 0.519743 0.977715 0.519743
2 0.778549 0.513589 0.722210 0.513589 0.722210 0.519743 0.778549 0.519743
3 0.705740 0.522106 0.705740 0.821725 0.711973 0.821725 0.711973 0.513589
2 0.705740 0.566169 0.705740 0.615967 0.711973 0.615967 0.711973 0.566169
3 0.711973 0.513589 0.564013 0.513589 0.572639 0.522106 0.705740 0.522106
3 0.564013 0.513589 0.564013 0.564040 0.572639 0.567142 0.572639 0.522106
3 0.564013 0.564040 0.512670 0.624456 0.521340 0.627508 0.572639 0.567142
2 0.555623 0.573920 0.519356 0.616592 0.525962 0.622064 0.562230 0.579392
3 0.512670 0.624456 0.515539 0.821789 0.524165 0.821668 0.521340 0.627508
3 0.705740 0.686675 0.629381 0.686675 0.632774 0.695193 0.705740 0.695193
3 0.583308 0.741364 0.583308 0.821725 0.591934 0.821725 0.591934 0.732846
3 0.591934 0.732846 0.522871 0.732839 0.522871 0.741357 0.583308 0.741364
2 0.576816 0.732846 0.531146 0.732839 0.531146 0.741357 0.576809 0.741364
3 0.695582 0.217753 0.695582 0.381449 0.704209 0.381449 0.704209 0.217753
3 0.356091 0.557780 0.439150 0.557780 0.430524 0.549262 0.356091 0.549262
3 0.439150 0.557780 0.439150 0.477255 0.430524 0.477255 0.430524 0.549262
3 0.436109 0.411430 0.436109 0.279390 0.427483 0.279390 0.427483 0.411430
3 0.629381 0.686675 0.579124 0.732846 0.584997 0.739078 0.632774 0.695193
2 0.622975 0.692559 0.589540 0.723272 0.595421 0.729503 0.628849 0.698791
