0 0.328931 0.685654 0.055539 0.685654 0.055539 0.267355 0.328931 0.267355
0 0.617085 0.861039 0.340194 0.861039 0.340194 0.267355 0.617085 0.267355
0 0.864461 0.581669 0.821670 0.581669 0.821670 0.690906 0.828709 0.690906 0.828709 0.592473 0.864461 0.592473 0.864461 0.690906 0.628347 0.690906 0.628347 0.267355 0.864461 0.267355
0 0.864461 0.746388 0.840732 0.746388 0.840732 0.861039 0.628347 0.861039 0.628347 0.700630 0.864461 0.700630
0 0.239499 0.861039 0.132357 0.861039 0.132357 0.701862 0.239499 0.701862
0 0.125318 0.861039 0.055539 0.861039 0.055539 0.701862 0.125318 0.701862
0 0.328931 0.796912 0.247242 0.796912 0.247242 0.701862 0.328931 0.701862
0 0.328931 0.861039 0.247242 0.861039 0.247242 0.804475 0.328931 0.804475
0 0.872908 0.861039 0.847067 0.861039 0.847067 0.751791 0.872908 0.751791
3 0.055539 0.861039 0.055539 0.267355 0.021047 0.200365 0.021047 0.891292
3 0.055539 0.267355 0.864461 0.267355 0.886986 0.200365 0.021047 0.200365
1 0.641497 0.267355 0.771129 0.267355 0.771129 0.200365 0.641497 0.200365
1 0.355750 0.267355 0.479449 0.267355 0.479449 0.200365 0.355750 0.200365
3 0.864461 0.267355 0.864461 0.746388 0.886986 0.746388 0.886986 0.200365
3 0.886986 0.746388 0.886986 0.891292 0.872908 0.861039 0.872908 0.751791
3 0.886986 0.891292 0.021047 0.891292 0.055539 0.861039 0.872908 0.861039
2 0.836677 0.891292 0.765857 0.891292 0.765857 0.861039 0.836677 0.861039
3 0.328931 0.861039 0.328931 0.267355 0.340194 0.267355 0.340194 0.861039
2 0.328931 0.518384 0.328931 0.359337 0.340194 0.359337 0.340194 0.518384
2 0.328931 0.784767 0.328931 0.711597 0.340194 0.711597 0.340194 0.784767
3 0.617085 0.861039 0.617085 0.267355 0.628347 0.267355 0.628347 0.861039
2 0.617085 0.554818 0.617085 0.456721 0.628347 0.456721 0.628347 0.554818
2 0.617085 0.833670 0.617085 0.727307 0.628347 0.727307 0.628347 0.833670
3 0.628347 0.690906 0.864461 0.690906 0.864461 0.700630 0.628347 0.700630
2 0.749280 0.690906 0.812012 0.690906 0.812012 0.700630 0.749280 0.700630
3 0.840732 0.861039 0.840732 0.746388 0.847067 0.751791 0.847067 0.861039
2 0.840732 0.836685 0.840732 0.779451 0.847067 0.779451 0.847067 0.836685
3 0.840732 0.746388 0.886986 0.746388 0.872908 0.751791 0.847067 0.751791
3 0.021047 0.685654 0.328931 0.685654 0.328931 0.701862 0.021047 0.701862
2 0.277137 0.685654 0.324117 0.685654 0.324117 0.701862 0.277137 0.701862
2 0.060283 0.685654 0.109254 0.685654 0.109254 0.701862 0.060283 0.701862
3 0.239499 0.701862 0.239499 0.891292 0.247242 0.891292 0.247242 0.701862
2 0.239499 0.733174 0.239499 0.791607 0.247242 0.791607 0.247242 0.733174
3 0.132357 0.701862 0.132357 0.861039 0.125318 0.861039 0.125318 0.701862
3 0.821670 0.690906 0.821670 0.581669 0.828709 0.592473 0.828709 0.690906
2 0.821670 0.655282 0.821670 0.596428 0.828709 0.596428 0.828709 0.655282
3 0.821670 0.581669 0.864461 0.581669 0.864461 0.592473 0.828709 0.592473
3 0.239499 0.796912 0.340194 0.796912 0.340194 0.804475 0.239499 0.804475
2 0.252099 0.796912 0.324117 0.796912 0.324117 0.804475 0.252099 0.804475
