0 0.712792 0.360503 0.426625 0.360503 0.426625 0.360582 0.066300 0.360582 0.066300 0.209050 0.712792 0.209050
0 0.426625 0.571146 0.435300 0.571146 0.435300 0.656880 0.426625 0.656880 0.426625 0.766289 0.066300 0.766289 0.066300 0.360582 0.426625 0.360582
0 0.719366 0.446175 0.590901 0.446175 0.590901 0.766289 0.435300 0.766289 0.435300 0.368424 0.719366 0.368424
0 0.338703 0.185286 0.074908 0.185286 0.074908 0.023385 0.338703 0.023385 0.338703 0.185286 0.338703 0.185286
0 0.427348 0.990389 0.427348 0.887017 0.631425 0.887017 0.631425 0.990389 0.427348 0.990389 0.427348 0.990389
0 0.928206 0.862373 0.600540 0.862373 0.600540 0.571577 0.729006 0.571577 0.729006 0.515328 0.928206 0.515328
0 0.922625 0.353752 0.729006 0.353752 0.729006 0.209050 0.922625 0.209050
0 0.928206 0.506526 0.729006 0.506526 0.729006 0.368424 0.928206 0.368424
0 0.590901 0.862373 0.454338 0.862373 0.454338 0.774210 0.590901 0.774210
0 0.719366 0.561781 0.600540 0.561781 0.600540 0.454977 0.719366 0.454977
3 0.066300 0.209050 0.922625 0.209050 0.948449 0.185286 0.042202 0.185286
2 0.153837 0.209050 0.221872 0.209050 0.221872 0.185286 0.153837 0.185286
2 0.222267 0.209050 0.289908 0.209050 0.289908 0.185286 0.222267 0.185286
1 0.613785 0.209050 0.669829 0.209050 0.669829 0.185286 0.613785 0.185286
1 0.799422 0.209050 0.856469 0.209050 0.856469 0.185286 0.799422 0.185286
3 0.948449 0.887017 0.427348 0.887017 0.454338 0.862373 0.928206 0.862373
1 0.807934 0.887017 0.691123 0.887017 0.691123 0.862373 0.807934 0.862373
2 0.586419 0.887017 0.508021 0.887017 0.508021 0.862373 0.586419 0.862373
3 0.427348 0.887017 0.427348 0.790933 0.454338 0.766289 0.454338 0.862373
1 0.427348 0.861819 0.427348 0.811370 0.454338 0.811370 0.454338 0.861819
3 0.454338 0.766289 0.066300 0.766289 0.042202 0.790933 0.427348 0.790933
1 0.331223 0.766289 0.149692 0.766289 0.149692 0.790933 0.331223 0.790933
3 0.066300 0.766289 0.066300 0.209050 0.042202 0.185286 0.042202 0.790933
3 0.600540 0.887017 0.600540 0.454977 0.590901 0.446175 0.590901 0.887017
2 0.600540 0.643563 0.600540 0.576268 0.590901 0.576268 0.590901 0.643563
3 0.590901 0.446175 0.719366 0.446175 0.729006 0.454977 0.600540 0.454977
2 0.602709 0.446175 0.663949 0.446175 0.663949 0.454977 0.602709 0.454977
3 0.729006 0.454977 0.729006 0.571577 0.719366 0.561781 0.719366 0.454977
3 0.729006 0.571577 0.590901 0.571577 0.590901 0.561781 0.719366 0.561781
3 0.729006 0.454977 0.729006 0.368424 0.719366 0.353752 0.719366 0.446175
2 0.729006 0.435323 0.729006 0.373943 0.719366 0.373943 0.719366 0.435323
3 0.729006 0.368424 0.948449 0.368424 0.928206 0.353752 0.719366 0.353752
2 0.747610 0.368424 0.806372 0.368424 0.806372 0.353752 0.747610 0.353752
3 0.729006 0.368424 0.435300 0.368424 0.426625 0.360503 0.712792 0.360503
2 0.585271 0.368424 0.518547 0.368424 0.518547 0.360503 0.585271 0.360503
3 0.426625 0.360503 0.426625 0.571146 0.435300 0.571146 0.435300 0.368424
3 0.426625 0.656880 0.426625 0.766289 0.435300 0.766289 0.435300 0.656880
3 0.454338 0.766289 0.600540 0.766289 0.600540 0.774210 0.454338 0.774210
2 0.508541 0.766289 0.584838 0.766289 0.584838 0.774210 0.508541 0.774210
3 0.719366 0.506526 0.948449 0.506526 0.948449 0.515328 0.719366 0.515328
3 0.712792 0.360503 0.712792 0.185286 0.729006 0.185286 0.729006 0.368424
3 0.948449 0.185286 0.948449 0.368424 0.922625 0.368424 0.922625 0.209050
3 0.948449 0.368424 0.948449 0.887017 0.928206 0.862373 0.928206 0.368424
