0 0.845759 0.101290 0.845759 0.008438 0.893800 0.008438 0.893800 0.101290 0.845759 0.101290 0.845759 0.101290
0 0.201030 0.886288 0.201030 1.000000 0.327538 1.000000 0.327421 0.886288 0.201030 0.886288 0.201030 0.886288
0 0.358541 0.210043 0.358541 0.098811 0.665859 0.101290 0.665859 0.210043 0.358541 0.210043 0.358541 0.210043
0 0.342022 0.548079 0.338164 0.548079 0.338164 0.660402 0.342022 0.660402 0.342022 0.732560 0.194194 0.732560 0.194194 0.602071 0.111390 0.602071 0.111390 0.472806 0.342022 0.472806
0 0.672207 0.578253 0.640656 0.578253 0.640656 0.604104 0.342071 0.604104 0.342071 0.548079 0.342022 0.548079 0.342022 0.472806 0.345977 0.472806 0.345357 0.233184 0.672207 0.233184
0 0.573015 0.616501 0.640656 0.616501 0.640656 0.636443 0.672207 0.636443 0.672207 0.972727 0.539775 0.972727 0.539775 0.755122 0.535380 0.755122 0.535380 0.972727 0.342071 0.972727 0.342071 0.732560 0.342022 0.732560 0.342022 0.660402 0.342071 0.660402 0.342071 0.611724 0.573015 0.611724
0 0.984861 0.872239 0.810664 0.872239 0.810664 0.434367 0.984861 0.434367
0 0.188407 0.293507 0.218033 0.293507 0.218033 0.466194 0.035593 0.466194 0.035593 0.134348 0.188407 0.134348
0 0.189799 0.609509 0.189799 0.972727 0.035593 0.972727 0.035593 0.609509
0 0.984861 0.423623 0.810664 0.423623 0.810664 0.127538 0.984861 0.127538
0 0.341450 0.233184 0.342056 0.466194 0.221940 0.466194 0.221940 0.286895 0.192314 0.286895 0.192314 0.134348 0.341450 0.134348
0 0.801386 0.972727 0.679531 0.972727 0.679531 0.616501 0.801386 0.616501
0 0.801386 0.423623 0.679531 0.423623 0.679531 0.134348 0.801386 0.134348
0 0.796688 0.604104 0.679531 0.604104 0.679531 0.578253 0.679043 0.578253 0.679043 0.548079 0.684356 0.548079 0.684356 0.435194 0.796688 0.435194
0 0.107483 0.602071 0.035593 0.602071 0.035593 0.472806 0.107483 0.472806
0 0.338164 0.864801 0.267563 0.864801 0.267563 0.739171 0.338164 0.739171
0 0.263657 0.864801 0.194194 0.864801 0.194194 0.739171 0.263657 0.739171
3 0.035593 0.134348 0.341450 0.134348 0.358541 0.098811 0.018502 0.098811
1 0.081866 0.134348 0.174397 0.134348 0.174397 0.098811 0.081866 0.098811
1 0.203628 0.134348 0.295934 0.134348 0.295934 0.098811 0.203628 0.098811
3 0.341450 0.134348 0.341450 0.233184 0.358541 0.210043 0.358541 0.098811
3 0.341450 0.233184 0.679531 0.233184 0.665859 0.210043 0.358541 0.210043
2 0.574831 0.233184 0.614893 0.233184 0.614893 0.210043 0.574831 0.210043
1 0.389125 0.233184 0.571325 0.233184 0.571325 0.210043 0.389125 0.210043
3 0.679531 0.233184 0.679531 0.101290 0.665859 0.134348 0.665859 0.210043
3 0.679531 0.134348 0.801386 0.134348 0.810664 0.101290 0.665859 0.101290
1 0.693307 0.134348 0.755064 0.134348 0.755064 0.101290 0.693307 0.101290
3 0.810664 0.127538 0.984861 0.127538 0.999999 0.101290 0.810664 0.101290
2 0.849558 0.127538 0.892071 0.127538 0.892071 0.101290 0.849558 0.101290
1 0.893311 0.127538 0.951333 0.127538 0.951333 0.101290 0.893311 0.101290
3 0.984861 0.127538 0.984861 0.972727 0.999999 0.997521 0.999999 0.101290
1 0.984861 0.521459 0.984861 0.600691 0.999999 0.600691 0.999999 0.521459
1 0.984861 0.652022 0.984861 0.730882 0.999999 0.730882 0.999999 0.652022
3 0.342071 0.997521 0.342071 0.864801 0.327421 0.886288 0.327421 0.970248
3 0.342071 0.864801 0.189799 0.864801 0.201030 0.886288 0.327421 0.886288
2 0.321644 0.864801 0.277022 0.864801 0.277022 0.886288 0.321644 0.886288
1 0.251087 0.864801 0.220787 0.864801 0.220787 0.886288 0.251087 0.886288
3 0.189799 0.864801 0.189799 1.000000 0.201030 0.972727 0.201030 0.886288
3 0.189799 0.972727 0.035593 0.972727 0.018502 1.000000 0.201030 1.000000
1 0.158898 0.972727 0.065430 0.972727 0.065430 1.000000 0.158898 1.000000
3 0.035593 0.972727 0.035593 0.134348 0.018502 0.098811 0.018502 1.000000
3 0.810664 0.101290 0.810664 0.423623 0.801386 0.434367 0.801386 0.134348
2 0.810664 0.142175 0.810664 0.213332 0.801386 0.213332 0.801386 0.142175
3 0.810664 0.423623 0.810664 0.616501 0.796688 0.616501 0.796688 0.423623
3 0.810664 0.616501 0.810664 0.997521 0.801386 0.972727 0.801386 0.616501
2 0.810664 0.893189 0.810664 0.964504 0.801386 0.964504 0.801386 0.893189
3 0.810664 0.997521 0.327421 0.997521 0.342071 0.972727 0.810664 0.972727
1 0.773308 0.997521 0.710227 0.997521 0.710227 0.972727 0.773308 0.972727
1 0.642537 0.997521 0.583856 0.997521 0.583856 0.972727 0.642537 0.972727
1 0.463193 0.997521 0.373958 0.997521 0.373958 0.972727 0.463193 0.972727
3 0.810664 0.997521 0.819029 0.997521 0.819029 0.972727 0.810664 0.972727
3 0.984861 0.972727 0.943696 0.972727 0.943696 0.997521 0.999999 0.997521
3 0.801386 0.886288 0.999999 0.886288 0.999999 0.872239 0.801386 0.872239
2 0.819615 0.886288 0.944751 0.886288 0.944751 0.872239 0.819615 0.872239
3 0.679531 0.233184 0.679531 0.435194 0.672207 0.435194 0.672207 0.233184
3 0.679531 0.578253 0.679531 0.997521 0.672207 0.997521 0.672207 0.636443
2 0.679531 0.737618 0.679531 0.809139 0.672207 0.809139 0.672207 0.737618
3 0.672207 0.636443 0.640656 0.636443 0.640656 0.578253 0.679531 0.578253
3 0.640656 0.616501 0.573015 0.616501 0.573015 0.604104 0.640656 0.604104
2 0.616558 0.616501 0.574470 0.616501 0.574470 0.604104 0.616558 0.604104
3 0.573015 0.611724 0.342071 0.611724 0.338164 0.604104 0.573015 0.604104
3 0.342071 0.611724 0.342071 0.660402 0.338164 0.660402 0.338164 0.604104
3 0.338164 0.616501 0.338164 0.548079 0.342071 0.548079 0.342071 0.616501
3 0.679531 0.616501 0.810664 0.616501 0.810664 0.604104 0.679531 0.604104
2 0.728348 0.616501 0.757286 0.616501 0.757286 0.604104 0.728348 0.604104
3 0.679531 0.423623 0.801386 0.423623 0.801386 0.435194 0.672207 0.435194
3 0.672207 0.435194 0.672207 0.548079 0.684356 0.548079 0.684356 0.435194
3 0.672207 0.548079 0.672207 0.604104 0.679043 0.604104 0.679043 0.548079
3 0.539775 0.997521 0.539775 0.755122 0.535380 0.755122 0.535380 0.997521
3 0.018502 0.602071 0.194194 0.602071 0.189799 0.609509 0.018502 0.609509
2 0.146866 0.602071 0.185931 0.602071 0.185931 0.609509 0.146866 0.609509
2 0.066699 0.602071 0.099841 0.602071 0.099841 0.609509 0.066699 0.609509
3 0.189799 0.609509 0.189799 0.864801 0.194194 0.864801 0.194194 0.602071
3 0.189799 0.739171 0.338164 0.739171 0.342071 0.732560 0.189799 0.732560
2 0.270913 0.739171 0.315716 0.739171 0.315716 0.732560 0.270913 0.732560
2 0.225739 0.739171 0.260732 0.739171 0.260732 0.732560 0.225739 0.732560
3 0.342071 0.732560 0.342071 0.864801 0.338164 0.864801 0.338164 0.739171
3 0.263657 0.732560 0.263657 0.864801 0.267563 0.864801 0.267563 0.732560
3 0.188407 0.098811 0.188407 0.293507 0.192314 0.286895 0.192314 0.098811
3 0.188407 0.293507 0.218033 0.293507 0.221940 0.286895 0.192314 0.286895
3 0.218033 0.293507 0.218033 0.472806 0.221940 0.466194 0.221940 0.286895
3 0.221940 0.466194 0.035593 0.466194 0.035593 0.472806 0.221940 0.472806
2 0.186171 0.466194 0.145362 0.466194 0.145362 0.472806 0.186171 0.472806
3 0.218033 0.472806 0.345977 0.472806 0.342056 0.466194 0.221940 0.466194
2 0.225519 0.472806 0.267207 0.472806 0.267207 0.466194 0.225519 0.466194
3 0.342056 0.466194 0.341450 0.233184 0.345357 0.233184 0.345977 0.472806
3 0.107483 0.466194 0.107483 0.602071 0.111390 0.602071 0.111390 0.466194
3 0.810664 0.423623 0.984861 0.423623 0.984861 0.434367 0.801386 0.434367
2 0.855833 0.423623 0.897189 0.423623 0.897189 0.434367 0.855833 0.434367
3 0.189799 1.000000 0.208399 1.000000 0.208399 0.972727 0.201030 0.972727
3 0.342071 0.997521 0.323573 0.997521 0.323573 0.970248 0.327421 0.970248
3 0.679531 0.101290 0.660380 0.101290 0.660380 0.134348 0.665859 0.134348
