0 0.968670 0.261027 0.968670 0.505774 0.872285 0.505774 0.872276 0.261027 0.968670 0.261027
0 0.659110 0.797145 0.572113 0.797145 0.572113 0.656899 0.597930 0.656899 0.597930 0.648671 0.565421 0.648671 0.565421 0.805473 0.565302 0.805473 0.565302 0.581119 0.598499 0.581119 0.598499 0.495483 0.659110 0.495483
0 0.565421 0.893824 0.572113 0.893824 0.572113 0.805473 0.659110 0.805473 0.659110 0.893824 0.565302 0.893824 0.565302 0.805473 0.565421 0.805473
0 0.565302 0.893824 0.381629 0.893824 0.381629 0.581119 0.565302 0.581119
0 0.591807 0.263966 0.591807 0.495483 0.598499 0.495483 0.598499 0.581119 0.381629 0.581119 0.381629 0.263966
0 0.859929 0.510723 0.859848 0.549388 0.764500 0.549388 0.764500 0.495489 0.859848 0.495489 0.859848 0.487261 0.859929 0.487255
0 0.859929 0.487255 0.764500 0.487255 0.764500 0.360686 0.859848 0.360686
0 0.859848 0.352458 0.764500 0.352458 0.764500 0.263966 0.859848 0.263966
0 0.859848 0.249273 0.750648 0.249273 0.750648 0.045607 0.859848 0.045607
0 0.859848 0.732743 0.665802 0.732743 0.665802 0.557616 0.859848 0.557616
0 0.740609 0.249273 0.454539 0.249273 0.454539 0.045607 0.740609 0.045607
0 0.859848 0.893824 0.665802 0.893824 0.665802 0.740971 0.859848 0.740971
0 0.757808 0.428837 0.665802 0.428837 0.665802 0.392011 0.621787 0.392011 0.621787 0.373245 0.598499 0.373245 0.598499 0.263966 0.757808 0.263966
0 0.959110 0.249273 0.869886 0.249273 0.869886 0.045607 0.959110 0.045607
0 0.757808 0.549388 0.665802 0.549388 0.665802 0.437065 0.757808 0.437065
0 0.659110 0.487255 0.598499 0.487255 0.598499 0.400239 0.659110 0.400239
0 0.443544 0.249273 0.163291 0.249273 0.163291 0.033852 0.443544 0.033852 0.443544 0.249273 0.443544 0.249273
0 0.369679 0.257501 0.269718 0.257501 0.269718 0.461919 0.369788 0.461919 0.369679 0.257501 0.369679 0.257501
0 0.670381 0.908910 0.670381 0.999906 0.559695 0.999906 0.559695 0.930233 0.593380 0.930233 0.593380 0.909051 0.670381 0.908910 0.670381 0.908910
3 0.381629 0.893824 0.859848 0.893824 0.872276 0.909104 0.369679 0.909104
1 0.599326 0.893824 0.615014 0.893824 0.615014 0.909104 0.599326 0.909104
2 0.616290 0.893824 0.656997 0.893824 0.656997 0.909104 0.616290 0.909104
1 0.737569 0.893824 0.757928 0.893824 0.757928 0.909104 0.737569 0.909104
1 0.484022 0.893824 0.513543 0.893824 0.513543 0.909104 0.484022 0.909104
3 0.859848 0.893824 0.859848 0.249273 0.872276 0.261027 0.872276 0.909104
1 0.859848 0.844368 0.859848 0.751039 0.872276 0.751039 0.872276 0.844368
1 0.859848 0.703070 0.859848 0.597746 0.872276 0.597746 0.872276 0.703070
2 0.859848 0.486397 0.859848 0.439745 0.872276 0.439745 0.872276 0.486397
1 0.859848 0.336290 0.859848 0.297248 0.872276 0.297248 0.872276 0.336290
3 0.859848 0.249273 0.959110 0.249273 0.968670 0.261027 0.872276 0.261027
2 0.875445 0.249273 0.913508 0.249273 0.913508 0.261027 0.875445 0.261027
3 0.959110 0.249273 0.959110 0.045607 0.968670 0.033852 0.968670 0.261027
1 0.959110 0.223866 0.959110 0.182603 0.968670 0.182603 0.968670 0.223866
3 0.959110 0.045607 0.454539 0.045607 0.443544 0.033852 0.968670 0.033852
3 0.454539 0.045607 0.454539 0.263966 0.443544 0.249273 0.443544 0.033852
2 0.454539 0.078607 0.454539 0.217883 0.443544 0.217883 0.443544 0.078607
3 0.443544 0.249273 0.369679 0.249273 0.381629 0.263966 0.454539 0.263966
3 0.369679 0.249273 0.369679 0.909104 0.381629 0.893824 0.381629 0.263966
1 0.369679 0.299763 0.369679 0.412034 0.381629 0.412034 0.381629 0.299763
1 0.369679 0.460567 0.369679 0.574525 0.381629 0.574525 0.381629 0.460567
1 0.369679 0.627701 0.369679 0.736593 0.381629 0.736593 0.381629 0.627701
1 0.369679 0.793995 0.369679 0.855187 0.381629 0.855187 0.381629 0.793995
3 0.859848 0.249273 0.454539 0.249273 0.454539 0.263966 0.859848 0.263966
3 0.750648 0.249273 0.750648 0.045607 0.740609 0.045607 0.740609 0.249273
2 0.750648 0.244636 0.750648 0.199499 0.740609 0.199499 0.740609 0.244636
3 0.859848 0.249273 0.859848 0.045607 0.869886 0.045607 0.869886 0.249273
2 0.859848 0.244912 0.859848 0.198112 0.869886 0.198112 0.869886 0.244912
3 0.764500 0.263966 0.764500 0.495489 0.757808 0.495489 0.757808 0.263966
2 0.764500 0.441284 0.764500 0.482983 0.757808 0.482983 0.757808 0.441284
3 0.757808 0.495489 0.859848 0.495489 0.859848 0.487261 0.764500 0.487261
3 0.757808 0.495489 0.757808 0.549388 0.764500 0.557616 0.764500 0.495489
3 0.757808 0.557616 0.859848 0.557616 0.859848 0.549388 0.757808 0.549388
2 0.790437 0.557616 0.825828 0.557616 0.825828 0.549388 0.790437 0.549388
3 0.764500 0.557616 0.659110 0.557616 0.665802 0.549388 0.757808 0.549388
3 0.665802 0.557616 0.665802 0.893824 0.659110 0.893824 0.659110 0.549388
2 0.665802 0.747912 0.665802 0.794312 0.659110 0.794312 0.659110 0.747912
2 0.665802 0.560273 0.665802 0.608800 0.659110 0.608800 0.659110 0.560273
3 0.665802 0.732743 0.859848 0.732743 0.859848 0.740971 0.665802 0.740971
3 0.659110 0.797145 0.572113 0.797145 0.565421 0.805373 0.659110 0.805373
2 0.657422 0.797145 0.616926 0.797145 0.616926 0.805373 0.657422 0.805373
1 0.615014 0.797145 0.598900 0.797145 0.598900 0.805373 0.615014 0.805373
3 0.572113 0.805373 0.572113 0.893824 0.565421 0.893824 0.565421 0.797145
3 0.565421 0.805373 0.565421 0.648671 0.572113 0.656899 0.572113 0.797145
3 0.565421 0.648671 0.597930 0.648671 0.597930 0.656899 0.572113 0.656899
3 0.659110 0.557616 0.659110 0.428837 0.665802 0.428837 0.665802 0.549388
2 0.659110 0.544093 0.659110 0.499521 0.665802 0.499521 0.665802 0.544093
3 0.659110 0.428837 0.757808 0.428837 0.757808 0.437065 0.665802 0.437065
2 0.688641 0.428837 0.726064 0.428837 0.726064 0.437065 0.688641 0.437065
3 0.659110 0.428837 0.659110 0.400239 0.665802 0.392011 0.665802 0.428837
3 0.665802 0.392011 0.621787 0.392011 0.621787 0.400239 0.659110 0.400239
3 0.621787 0.373245 0.591807 0.373245 0.598499 0.400239 0.621787 0.400239
3 0.591807 0.373245 0.591807 0.495483 0.598499 0.487255 0.598499 0.400239
3 0.591807 0.495483 0.659110 0.495483 0.659110 0.487255 0.598499 0.487255
2 0.602390 0.495483 0.637475 0.495483 0.637475 0.487255 0.602390 0.487255
3 0.591807 0.400239 0.591807 0.263966 0.598499 0.263966 0.598499 0.400239
3 0.764500 0.360686 0.859848 0.360686 0.859848 0.352458 0.764500 0.352458
2 0.767841 0.360686 0.798113 0.360686 0.798113 0.352458 0.767841 0.352458
