0 0.298018 0.902959 0.298018 1.000000 0.390798 1.000000 0.390798 0.902959 0.298018 0.902959 0.298018 0.902959
0 0.772287 0.102988 0.772287 0.011957 0.862880 0.011957 0.862880 0.102988 0.772287 0.102988 0.772287 0.102988
0 0.365228 0.103390 0.365228 0.013137 0.457170 0.013137 0.457170 0.103390 0.365228 0.103390 0.365228 0.103390
0 0.263110 0.577780 0.256710 0.577780 0.256710 0.628016 0.062125 0.628016 0.062125 0.376594 0.263110 0.376594
0 0.553191 0.758781 0.263110 0.758781 0.262976 0.579763 0.553191 0.579763
0 0.602505 0.578048 0.553191 0.578048 0.553191 0.579763 0.262976 0.579763 0.263110 0.577780 0.263110 0.376594 0.343521 0.376594 0.343521 0.127776 0.602505 0.127776
0 0.983128 0.880146 0.767546 0.880146 0.767546 0.374879 0.983128 0.374879
0 0.337121 0.368727 0.062125 0.368727 0.062125 0.127776 0.337121 0.127776
0 0.602505 0.634577 0.755328 0.634577 0.755328 0.880146 0.559591 0.880146 0.559696 0.759119 0.559591 0.758781 0.559591 0.586701 0.602505 0.586701
0 0.983128 0.367013 0.767546 0.367013 0.767546 0.127776 0.983128 0.127776
0 0.256128 0.880146 0.062125 0.880146 0.062125 0.636669 0.256128 0.636669
0 0.750092 0.455833 0.609487 0.455833 0.609487 0.271741 0.750092 0.271741
0 0.755328 0.627497 0.609487 0.627497 0.609487 0.465273 0.755328 0.465273
0 0.754746 0.257581 0.612978 0.257581 0.612978 0.127776 0.754746 0.127776
0 0.384282 0.880146 0.263110 0.880146 0.263110 0.767434 0.384282 0.767434
0 0.475218 0.880146 0.390682 0.880146 0.390682 0.767434 0.475218 0.767434
0 0.553191 0.880146 0.481618 0.880146 0.481618 0.767434 0.553191 0.767434
3 0.062125 0.127776 0.983128 0.127776 1.000000 0.103390 0.045253 0.103390
1 0.172877 0.127776 0.283164 0.127776 0.283164 0.103390 0.172877 0.103390
2 0.377940 0.127776 0.427318 0.127776 0.427318 0.103390 0.377940 0.103390
1 0.450747 0.127776 0.572932 0.127776 0.572932 0.103390 0.450747 0.103390
1 0.664479 0.127776 0.701604 0.127776 0.701604 0.103390 0.664479 0.103390
2 0.796397 0.127776 0.846497 0.127776 0.846497 0.103390 0.796397 0.103390
3 1.000000 0.103390 1.000000 0.902959 0.983128 0.880146 0.983128 0.127776
3 1.000000 0.902959 0.045253 0.902959 0.062125 0.880146 0.983128 0.880146
2 0.948406 0.902959 0.801855 0.902959 0.801855 0.880146 0.948406 0.880146
1 0.681439 0.902959 0.571076 0.902959 0.571076 0.880146 0.681439 0.880146
1 0.462895 0.902959 0.426829 0.902959 0.426829 0.880146 0.462895 0.880146
2 0.369923 0.902959 0.312778 0.902959 0.312778 0.880146 0.369923 0.880146
1 0.244160 0.902959 0.133385 0.902959 0.133385 0.880146 0.244160 0.880146
3 0.062125 0.880146 0.062125 0.127776 0.045253 0.103390 0.045253 0.902959
1 0.062125 0.549445 0.062125 0.453993 0.045253 0.453993 0.045253 0.549445
3 0.602505 0.103390 0.602505 0.271741 0.612978 0.271741 0.612978 0.103390
3 0.602505 0.271741 0.750092 0.271741 0.755328 0.257581 0.612978 0.257581
2 0.623287 0.271741 0.667999 0.271741 0.667999 0.257581 0.623287 0.257581
3 0.767546 0.271741 0.767546 0.103390 0.754746 0.103390 0.754746 0.271741
3 0.767546 0.257581 0.767546 0.902959 0.755328 0.902959 0.755328 0.257581
3 0.602505 0.271741 0.602505 0.634577 0.609487 0.627497 0.609487 0.271741
2 0.602505 0.503379 0.602505 0.569253 0.609487 0.569253 0.609487 0.503379
3 0.602505 0.634577 0.767546 0.634577 0.767546 0.627497 0.609487 0.627497
3 0.609487 0.465273 0.767546 0.465273 0.767546 0.455833 0.609487 0.455833
2 0.616172 0.465273 0.666835 0.465273 0.666835 0.455833 0.616172 0.455833
3 0.755328 0.257581 0.755328 0.455833 0.750092 0.455833 0.750092 0.271741
3 0.755328 0.374879 1.000000 0.374879 1.000000 0.367013 0.755328 0.367013
3 0.045253 0.376594 0.343521 0.376594 0.337121 0.368727 0.045253 0.368727
2 0.279191 0.376594 0.329045 0.376594 0.329045 0.368727 0.279191 0.368727
3 0.343521 0.376594 0.343521 0.103390 0.337121 0.103390 0.337121 0.368727
3 0.045253 0.636669 0.263110 0.636669 0.256710 0.628016 0.045253 0.628016
3 0.263110 0.628016 0.263110 0.902959 0.256128 0.902959 0.256128 0.636669
2 0.263110 0.689194 0.263110 0.754801 0.256128 0.754801 0.256128 0.689194
3 0.263110 0.636669 0.263110 0.577780 0.256710 0.577780 0.256710 0.628016
3 0.337121 0.586701 0.482432 0.586701 0.482432 0.578048 0.337121 0.578048
3 0.256128 0.767434 0.553191 0.767434 0.559591 0.758781 0.256128 0.758781
2 0.424275 0.767434 0.468015 0.767434 0.468015 0.758781 0.424275 0.758781
2 0.316717 0.767434 0.373367 0.767434 0.373367 0.758781 0.316717 0.758781
3 0.559591 0.758781 0.559591 0.586701 0.553191 0.578048 0.553191 0.758781
2 0.559591 0.754801 0.559591 0.688549 0.553191 0.688549 0.553191 0.754801
3 0.559591 0.586701 0.609487 0.586701 0.609487 0.578048 0.553191 0.578048
3 0.559591 0.758781 0.559591 0.902959 0.553191 0.902959 0.553191 0.767434
2 0.559591 0.770313 0.559591 0.828486 0.553191 0.828486 0.553191 0.770313
3 0.481618 0.758781 0.481618 0.902959 0.475218 0.902959 0.475218 0.758781
3 0.390682 0.902959 0.390682 0.758781 0.384282 0.758781 0.384282 0.902959
