0 0.098342 0.299695 0.098342 0.086102 0.983278 0.086102 0.983278 0.299695 0.098342 0.299695 0.098342 0.299695
0 0.340450 0.299695 0.106152 0.299695 0.106152 0.464915 0.340450 0.464915 0.340450 0.299695 0.340450 0.299695
0 0.378121 0.736156 0.137390 0.736156 0.137390 0.506252 0.379098 0.506252
0 0.689315 0.619973 0.651438 0.619973 0.651438 0.736156 0.378121 0.736156 0.379098 0.506252 0.379498 0.506252 0.381050 0.335004 0.689315 0.335004
0 0.797009 0.721973 0.809700 0.721973 0.809700 0.670895 0.959976 0.670895 0.959976 0.904976 0.699740 0.904976 0.699740 0.853270 0.661200 0.853270 0.661200 0.736156 0.651438 0.736156 0.651438 0.619973 0.797009 0.619973
0 0.959976 0.662283 0.807747 0.662283 0.807747 0.611361 0.699438 0.611361 0.699438 0.335004 0.959976 0.335004
0 0.651438 0.904976 0.290390 0.904976 0.290390 0.745061 0.651438 0.745061
0 0.276499 0.897079 0.148129 0.897079 0.148129 0.748411 0.276499 0.748411
3 0.137390 0.506252 0.379498 0.506252 0.340450 0.464915 0.098342 0.464915
1 0.202522 0.506252 0.319774 0.506252 0.319774 0.464915 0.202522 0.464915
3 0.379498 0.506252 0.379498 0.335004 0.340450 0.299695 0.340450 0.464915
2 0.379498 0.443118 0.379498 0.366541 0.340450 0.366541 0.340450 0.443118
3 0.379498 0.335004 0.959976 0.335004 1.000000 0.299695 0.340450 0.299695
1 0.750327 0.335004 0.897831 0.335004 0.897831 0.299695 0.750327 0.299695
1 0.461831 0.335004 0.636151 0.335004 0.636151 0.299695 0.461831 0.299695
3 0.959976 0.335004 0.959976 0.490957 1.000000 0.490957 1.000000 0.299695
3 0.959976 0.490957 0.959976 0.904976 0.979500 0.922200 0.979500 0.490957
3 0.959976 0.904976 0.290390 0.904976 0.290390 0.922200 0.979500 0.922200
2 0.951903 0.904976 0.863713 0.904976 0.863713 0.922200 0.951903 0.922200
3 0.290390 0.897079 0.148129 0.897079 0.098342 0.922200 0.290390 0.922200
3 0.098342 0.922200 0.098342 0.736156 0.148129 0.736156 0.148129 0.897079
1 0.098342 0.817289 0.098342 0.763250 0.148129 0.763250 0.148129 0.817289
3 0.098342 0.736156 0.098342 0.464915 0.137390 0.506252 0.137390 0.736156
3 0.098342 0.736156 0.290390 0.736156 0.290390 0.748411 0.098342 0.748411
3 0.290390 0.736156 0.290390 0.922200 0.276499 0.922200 0.276499 0.748411
2 0.290390 0.751425 0.290390 0.820062 0.276499 0.820062 0.276499 0.751425
3 0.290390 0.736156 0.661200 0.736156 0.651438 0.745061 0.290390 0.745061
3 0.661200 0.736156 0.661200 0.853270 0.651438 0.853270 0.651438 0.745061
2 0.661200 0.769175 0.661200 0.839181 0.651438 0.839181 0.651438 0.769175
3 0.689315 0.299695 0.689315 0.619973 0.699438 0.611361 0.699438 0.299695
3 0.689315 0.619973 0.797009 0.619973 0.807747 0.611361 0.699438 0.611361
2 0.702757 0.619973 0.780384 0.619973 0.780384 0.611361 0.702757 0.611361
3 0.807747 0.611361 0.807747 0.670895 0.797009 0.670895 0.797009 0.619973
3 0.807747 0.670895 0.979500 0.670895 0.979500 0.662283 0.807747 0.662283
3 0.797009 0.670895 0.797009 0.721973 0.809700 0.721973 0.809700 0.670895
3 0.651438 0.853270 0.651438 0.922200 0.699740 0.922200 0.699740 0.853270
