0 0.696318 0.129165 0.986037 0.129165 0.986037 0.067899 0.696318 0.067899 0.696318 0.129165
0 0.783635 0.471105 0.805338 0.471105 0.805338 0.836854 0.721462 0.836854 0.721462 0.510733 0.537730 0.510733 0.537730 0.437838 0.690174 0.437838 0.690174 0.437559
0 0.985479 0.700870 0.812152 0.700870 0.812152 0.471105 0.805450 0.471105 0.805450 0.836854 0.805338 0.836854 0.805338 0.471105 0.985479 0.471105
0 0.985479 0.146086 0.985479 0.471105 0.783635 0.471105 0.690174 0.437559 0.690174 0.146086
0 0.728192 0.928416 0.803361 0.928416 0.803361 0.997316 0.728192 0.997316 0.728192 0.928416 0.728192 0.928416
0 0.405716 0.767101 0.405626 0.767101 0.405626 0.596942 0.396132 0.596942 0.396132 0.767101 0.341666 0.767101 0.341666 0.596942 0.405716 0.596942
0 0.526560 0.767101 0.405716 0.767101 0.405716 0.596942 0.526560 0.596942
0 0.526560 0.944405 0.341666 0.944405 0.341666 0.778971 0.526560 0.778971
0 0.168015 0.456605 0.107066 0.456605 0.107066 0.342925 0.168015 0.342925
0 0.327776 0.330512 0.327776 0.653219 0.258555 0.653219 0.258555 0.456605 0.176952 0.456605 0.176952 0.342925 0.258555 0.342925 0.258555 0.330512
0 0.392222 0.330512 0.107066 0.330512 0.107066 0.081864 0.392222 0.081864
0 0.089288 0.357859 0.049713 0.357859 0.049713 0.475015 0.089730 0.475015 0.089288 0.357859
0 0.681797 0.426201 0.503281 0.426201 0.503281 0.075300 0.681797 0.075300
0 0.327776 0.944405 0.107066 0.944405 0.107066 0.665632 0.327776 0.665632
0 0.985479 0.944405 0.812152 0.944405 0.812152 0.713283 0.985479 0.713283
0 0.713643 0.944405 0.541517 0.944405 0.541517 0.722887 0.713643 0.722887
0 0.503281 0.444875 0.526560 0.444875 0.526560 0.540649 0.469737 0.540649 0.469737 0.581425 0.336712 0.581425 0.336712 0.444820 0.503281 0.444820
0 0.249619 0.653219 0.107066 0.653219 0.107066 0.469018 0.249619 0.469018
0 0.631280 0.700870 0.537730 0.700870 0.537730 0.523922 0.631280 0.523922
0 0.489877 0.253288 0.406743 0.253288 0.406743 0.081864 0.489877 0.081864
0 0.489877 0.426201 0.406743 0.426201 0.406743 0.265701 0.489877 0.265701
0 0.713643 0.614111 0.642450 0.614111 0.642450 0.523922 0.713643 0.523922
0 0.713643 0.710474 0.642450 0.710474 0.642450 0.623420 0.713643 0.623420
0 0.805450 0.909975 0.721462 0.909975 0.721462 0.849267 0.805450 0.849267
0 0.392222 0.432407 0.336712 0.432407 0.336712 0.342925 0.392222 0.342925
3 0.107066 0.081864 0.107066 0.944405 0.089752 0.964576 0.089752 0.061693
1 0.107066 0.474309 0.107066 0.586748 0.089752 0.586748 0.089752 0.474309
2 0.107066 0.379916 0.107066 0.451601 0.089752 0.451601 0.089752 0.379916
3 0.985479 0.944405 0.985479 0.146086 1.000000 0.129165 1.000000 0.964576
1 0.985479 0.636857 0.985479 0.521882 1.000000 0.521882 1.000000 0.636857
3 0.985479 0.146086 0.681797 0.146086 0.681797 0.129165 1.000000 0.129165
1 0.971248 0.146086 0.782283 0.146086 0.782283 0.129165 0.971248 0.129165
2 0.774067 0.146086 0.731230 0.146086 0.731230 0.129165 0.774067 0.129165
3 0.681797 0.142781 0.681797 0.075300 0.696318 0.061693 0.696318 0.142781
3 0.406743 0.081864 0.406743 0.444820 0.392222 0.432407 0.392222 0.081864
3 0.406743 0.444820 0.336712 0.444820 0.327776 0.432407 0.392222 0.432407
3 0.107066 0.456605 0.258555 0.456605 0.249619 0.469018 0.107066 0.469018
3 0.258555 0.456605 0.258555 0.665632 0.249619 0.653219 0.249619 0.469018
2 0.258555 0.532891 0.258555 0.584389 0.249619 0.584389 0.249619 0.532891
3 0.258555 0.665632 0.107066 0.665632 0.107066 0.653219 0.258555 0.653219
3 0.107066 0.330512 0.258555 0.330512 0.258555 0.342925 0.107066 0.342925
3 0.176952 0.342925 0.176952 0.456605 0.168015 0.456605 0.168015 0.342925
2 0.176952 0.381444 0.176952 0.450065 0.168015 0.450065 0.168015 0.381444
3 0.327776 0.444820 0.327776 0.330512 0.336712 0.342925 0.336712 0.432407
2 0.327776 0.431748 0.327776 0.376106 0.336712 0.376106 0.336712 0.431748
3 0.336712 0.342925 0.392222 0.342925 0.392222 0.330512 0.327776 0.330512
3 0.258555 0.665632 0.327776 0.665632 0.327776 0.653219 0.258555 0.653219
2 0.271015 0.665632 0.315601 0.665632 0.315601 0.653219 0.271015 0.653219
3 0.503281 0.081864 0.503281 0.444820 0.489877 0.426201 0.489877 0.061693
2 0.503281 0.088963 0.503281 0.141307 0.489877 0.141307 0.489877 0.088963
3 0.503281 0.444820 0.392222 0.444820 0.392222 0.426201 0.489877 0.426201
2 0.475909 0.444820 0.437763 0.444820 0.437763 0.426201 0.475909 0.426201
3 0.406743 0.253288 0.489877 0.253288 0.489877 0.265701 0.406743 0.265701
3 0.681797 0.142781 0.681797 0.426201 0.690174 0.437838 0.690174 0.142781
3 0.783489 0.459468 0.985479 0.459468 0.985479 0.471105 0.783489 0.471105
3 0.341666 0.596942 0.526560 0.596942 0.526560 0.581425 0.327776 0.581425
2 0.346134 0.596942 0.390653 0.596942 0.390653 0.581425 0.346134 0.581425
3 0.469737 0.583218 0.526560 0.583218 0.526560 0.540649 0.469737 0.540649
3 0.336712 0.778971 0.526560 0.778971 0.526560 0.767101 0.336712 0.767101
2 0.352641 0.778971 0.390569 0.778971 0.390569 0.767101 0.352641 0.767101
2 0.453876 0.778971 0.494479 0.778971 0.494479 0.767101 0.453876 0.767101
3 0.327776 0.432407 0.327776 0.596942 0.336712 0.596942 0.336712 0.444820
2 0.327776 0.483060 0.327776 0.543589 0.336712 0.543589 0.336712 0.483060
3 0.327776 0.581425 0.327776 0.944405 0.341666 0.944405 0.341666 0.596942
3 0.405626 0.596942 0.405626 0.767101 0.396132 0.767101 0.396132 0.596942
3 0.537730 0.510733 0.721462 0.510733 0.713643 0.523922 0.537730 0.523922
2 0.579964 0.510733 0.630364 0.510733 0.630364 0.523922 0.579964 0.523922
3 0.642450 0.523922 0.642450 0.722887 0.631280 0.700870 0.631280 0.523922
3 0.642450 0.614111 0.713643 0.614111 0.713643 0.623420 0.642450 0.623420
3 0.541517 0.722887 0.642450 0.722887 0.631280 0.700870 0.526560 0.700870
3 0.631280 0.722887 0.713643 0.722887 0.713643 0.710474 0.642450 0.710474
3 0.537730 0.426201 0.537730 0.700870 0.526560 0.700870 0.526560 0.444875
2 0.537730 0.446038 0.537730 0.505613 0.526560 0.505613 0.526560 0.446038
3 0.541517 0.722887 0.541517 0.944405 0.526560 0.944405 0.526560 0.700870
3 0.812152 0.700870 0.985479 0.700870 0.985479 0.713283 0.812152 0.713283
3 0.721462 0.836854 0.805450 0.836854 0.805450 0.849267 0.721462 0.849267
2 0.741440 0.836854 0.793436 0.836854 0.793436 0.849267 0.741440 0.849267
3 0.713643 0.909975 0.812152 0.909975 0.803361 0.928416 0.728192 0.928416
2 0.740278 0.909975 0.791811 0.909975 0.791811 0.928416 0.740278 0.928416
3 0.107066 0.944405 0.713643 0.944405 0.728192 0.964576 0.089752 0.964576
1 0.584689 0.944405 0.666957 0.944405 0.666957 0.964576 0.584689 0.964576
1 0.408503 0.944405 0.458651 0.944405 0.458651 0.964576 0.408503 0.964576
1 0.166960 0.944405 0.267430 0.944405 0.267430 0.964576 0.166960 0.964576
3 0.812152 0.944405 0.985479 0.944405 1.000000 0.964576 0.803361 0.964576
1 0.863099 0.944405 0.941988 0.944405 0.941988 0.964576 0.863099 0.964576
3 0.721462 0.510733 0.721462 0.909975 0.713643 0.909975 0.713643 0.523922
2 0.721462 0.658076 0.721462 0.701281 0.713643 0.701281 0.713643 0.658076
2 0.721462 0.736107 0.721462 0.797699 0.713643 0.797699 0.713643 0.736107
2 0.721462 0.545575 0.721462 0.590433 0.713643 0.590433 0.713643 0.545575
3 0.728192 0.928416 0.728192 0.964576 0.713643 0.944405 0.713643 0.909975
3 0.812152 0.471105 0.812152 0.928416 0.805450 0.928416 0.805450 0.471105
2 0.812152 0.735781 0.812152 0.796085 0.805450 0.796085 0.805450 0.735781
2 0.812152 0.619929 0.812152 0.679364 0.805450 0.679364 0.805450 0.619929
3 0.812152 0.909975 0.812152 0.944405 0.803361 0.964576 0.803361 0.928416
3 1.000000 0.129165 1.000000 0.061693 0.986037 0.061693 0.986037 0.129165
3 0.681797 0.075300 0.503281 0.075300 0.503281 0.061693 0.696318 0.061693
1 0.626862 0.075300 0.546403 0.075300 0.546403 0.061693 0.626862 0.061693
3 0.503281 0.081864 0.107066 0.081864 0.089752 0.061693 0.503281 0.061693
1 0.320823 0.081864 0.161397 0.081864 0.161397 0.061693 0.320823 0.061693
3 0.681797 0.426201 0.526560 0.426201 0.526560 0.437838 0.690174 0.437838
2 0.634396 0.426201 0.581802 0.426201 0.581802 0.437838 0.634396 0.437838
3 0.537730 0.426201 0.503281 0.426201 0.503281 0.444875 0.526560 0.444875
