0 0.286409 0.027537 0.286409 0.116515 0.481016 0.116515 0.481016 0.273479 0.566945 0.273479 0.566945 0.027537 0.286409 0.027537 0.286409 0.027537
0 0.470315 0.353354 0.283403 0.353354 0.283403 0.126463 0.470315 0.126463
0 0.369672 0.358328 0.474774 0.358328 0.474774 0.426252 0.470315 0.426252 0.470315 0.447774 0.398862 0.447774 0.398862 0.490122 0.346635 0.490122 0.346635 0.417626 0.283403 0.417626 0.283403 0.353354 0.369672 0.353354
0 0.275708 0.126463 0.283403 0.126463 0.283403 0.383850 0.224845 0.357462 0.089189 0.357462 0.089189 0.279639 0.192592 0.279639 0.192592 0.274664 0.089189 0.274664 0.089189 0.126463 0.134006 0.126463 0.134006 0.037486 0.275708 0.037486
0 0.278053 0.386980 0.278053 0.490122 0.089189 0.490122 0.089189 0.362021 0.222696 0.362021
0 0.341284 0.490122 0.283403 0.490122 0.283403 0.422600 0.341284 0.422600
0 0.173616 0.584588 0.089189 0.584588 0.089189 0.495096 0.173616 0.495096
0 0.278053 0.584588 0.178966 0.584588 0.178966 0.495096 0.278053 0.495096
0 0.375540 0.594537 0.375540 0.956940 0.566941 0.956940 0.566941 0.594537 0.375540 0.594537 0.375540 0.594537
0 0.364839 0.946991 0.043355 0.946991 0.043355 0.693530 0.364839 0.693530
0 0.364839 0.688555 0.300150 0.688555 0.300150 0.591988 0.364839 0.591988
0 0.481016 0.436201 0.481016 0.580049 0.562857 0.580049 0.562933 0.436201 0.481016 0.436201 0.481016 0.436201
0 0.470315 0.584588 0.283403 0.584588 0.283403 0.495096 0.404212 0.495096 0.404212 0.452749 0.470315 0.452749
0 0.556245 0.426252 0.481016 0.426252 0.481016 0.283427 0.556245 0.283427
0 0.175761 0.688555 0.043355 0.688555 0.043355 0.594537 0.089189 0.594537 0.089189 0.591988 0.175761 0.591988
0 0.294800 0.688555 0.181111 0.688555 0.181111 0.591988 0.294800 0.591988
3 0.134006 0.037486 0.134006 0.126463 0.123306 0.116515 0.123306 0.027537
1 0.134006 0.047165 0.134006 0.097198 0.123306 0.097198 0.123306 0.047165
3 0.134006 0.126463 0.089189 0.126463 0.078488 0.116515 0.123306 0.116515
3 0.089189 0.126463 0.089189 0.594537 0.078488 0.584588 0.078488 0.116515
1 0.089189 0.388854 0.089189 0.452541 0.078488 0.452541 0.078488 0.388854
3 0.089189 0.594537 0.043355 0.594537 0.032654 0.584588 0.078488 0.584588
3 0.043355 0.594537 0.043355 0.946991 0.032654 0.956940 0.032654 0.584588
3 0.043355 0.946991 0.364839 0.946991 0.375540 0.956940 0.032654 0.956940
1 0.226535 0.946991 0.266403 0.946991 0.266403 0.956940 0.226535 0.956940
1 0.140337 0.946991 0.180473 0.946991 0.180473 0.956940 0.140337 0.956940
3 0.364839 0.946991 0.364839 0.584588 0.375540 0.594537 0.375540 0.956940
2 0.364839 0.661192 0.364839 0.622260 0.375540 0.622260 0.375540 0.661192
2 0.364839 0.914903 0.364839 0.812233 0.375540 0.812233 0.375540 0.914903
3 0.364839 0.584588 0.470315 0.584588 0.481016 0.594537 0.375540 0.594537
1 0.388683 0.584588 0.441745 0.584588 0.441745 0.594537 0.388683 0.594537
3 0.470315 0.584588 0.470315 0.426252 0.481016 0.436201 0.481016 0.594537
2 0.470315 0.541034 0.470315 0.505484 0.481016 0.505484 0.481016 0.541034
3 0.470315 0.426252 0.556245 0.426252 0.566945 0.436201 0.481016 0.436201
2 0.490682 0.426252 0.532307 0.426252 0.532307 0.436201 0.490682 0.436201
3 0.556245 0.426252 0.556245 0.283427 0.566945 0.273479 0.566945 0.436201
3 0.556245 0.283427 0.470315 0.283427 0.481016 0.273479 0.566945 0.273479
3 0.470315 0.283427 0.470315 0.126463 0.481016 0.116515 0.481016 0.273479
1 0.470315 0.246099 0.470315 0.194640 0.481016 0.194640 0.481016 0.246099
1 0.470315 0.192020 0.470315 0.141274 0.481016 0.141274 0.481016 0.192020
3 0.470315 0.126463 0.275708 0.126463 0.286409 0.116515 0.481016 0.116515
1 0.430019 0.126463 0.361856 0.126463 0.361856 0.116515 0.430019 0.116515
3 0.275708 0.126463 0.275708 0.037486 0.286409 0.027537 0.286409 0.116515
2 0.275708 0.106011 0.275708 0.068131 0.286409 0.068131 0.286409 0.106011
3 0.275708 0.037486 0.134006 0.037486 0.123306 0.027537 0.286409 0.027537
1 0.263451 0.037486 0.209895 0.037486 0.209895 0.027537 0.263451 0.027537
1 0.201183 0.037486 0.146602 0.037486 0.146602 0.027537 0.201183 0.027537
3 0.481016 0.283427 0.481016 0.358328 0.470315 0.353354 0.470315 0.283427
3 0.481016 0.358328 0.481016 0.426252 0.474774 0.426252 0.474774 0.358328
2 0.481016 0.362842 0.481016 0.399876 0.474774 0.399876 0.474774 0.362842
3 0.364839 0.584588 0.089189 0.584588 0.089189 0.591988 0.364839 0.591988
3 0.089189 0.490122 0.398862 0.490122 0.404212 0.495096 0.089189 0.495096
2 0.359810 0.490122 0.395706 0.490122 0.395706 0.495096 0.359810 0.495096
3 0.398862 0.490122 0.398862 0.447774 0.404212 0.452749 0.404212 0.495096
3 0.398862 0.447774 0.470315 0.447774 0.470315 0.452749 0.404212 0.452749
3 0.178966 0.495096 0.178966 0.584588 0.173616 0.584588 0.173616 0.495096
2 0.178966 0.498641 0.178966 0.533618 0.173616 0.533618 0.173616 0.498641
3 0.043355 0.693530 0.300150 0.693530 0.300150 0.688555 0.043355 0.688555
2 0.119485 0.693530 0.159474 0.693530 0.159474 0.688555 0.119485 0.688555
3 0.300150 0.693530 0.300150 0.591988 0.294800 0.591988 0.294800 0.688555
2 0.300150 0.660973 0.300150 0.622480 0.294800 0.622480 0.294800 0.660973
3 0.175761 0.591988 0.175761 0.688555 0.181111 0.688555 0.181111 0.591988
3 0.283403 0.495096 0.283403 0.584588 0.278053 0.584588 0.278053 0.495096
2 0.283403 0.498956 0.283403 0.533295 0.278053 0.533295 0.278053 0.498956
3 0.283403 0.490122 0.283403 0.383867 0.278053 0.386980 0.278053 0.490122
3 0.283403 0.383867 0.224845 0.357462 0.222696 0.362021 0.278053 0.386980
2 0.262707 0.374532 0.229905 0.359746 0.227573 0.364223 0.260371 0.379009
3 0.192592 0.279639 0.089189 0.279639 0.089189 0.274664 0.192592 0.274664
3 0.283403 0.298371 0.283403 0.192360 0.278053 0.192360 0.278053 0.298371
3 0.346635 0.490122 0.346635 0.417626 0.341284 0.422600 0.341284 0.490122
3 0.346635 0.417626 0.283403 0.417626 0.283403 0.422600 0.341284 0.422600
2 0.321002 0.417626 0.286177 0.417626 0.286177 0.422600 0.321002 0.422600
3 0.481016 0.358328 0.369672 0.358328 0.369672 0.353354 0.470315 0.353354
3 0.300150 0.693530 0.364839 0.693530 0.364839 0.688555 0.300150 0.688555
3 0.222696 0.362021 0.089189 0.362021 0.089189 0.357462 0.224845 0.357462
0 0.993312 0.037610 0.822050 0.037610 0.822050 0.116502 0.993312 0.116502 0.993312 0.037610 0.993312 0.037610
0 0.794710 0.277699 0.607045 0.277699 0.607045 0.126865 0.794710 0.126865
0 0.988854 0.277699 0.800061 0.277699 0.800061 0.126865 0.988854 0.126865
0 0.988854 0.428229 0.681757 0.428229 0.681757 0.362768 0.707764 0.362768 0.707764 0.357793 0.607045 0.357793 0.607045 0.282673 0.988854 0.282673
0 0.988854 0.582130 0.800061 0.582130 0.800061 0.433204 0.988854 0.433204
0 0.794710 0.582130 0.607045 0.582130 0.607045 0.433204 0.794710 0.433204
0 0.676407 0.428229 0.607045 0.428229 0.607045 0.362768 0.676407 0.362768
3 0.607045 0.126865 0.607045 0.582130 0.595899 0.592493 0.595899 0.116502
1 0.607045 0.474984 0.607045 0.536354 0.595899 0.536354 0.595899 0.474984
1 0.607045 0.371431 0.607045 0.397579 0.595899 0.397579 0.595899 0.371431
1 0.607045 0.169176 0.607045 0.233713 0.595899 0.233713 0.595899 0.169176
3 0.607045 0.582130 0.988854 0.582130 1.000000 0.592493 0.595899 0.592493
1 0.621513 0.582130 0.648746 0.582130 0.648746 0.592493 0.621513 0.592493
1 0.945985 0.582130 0.970895 0.582130 0.970895 0.592493 0.945985 0.592493
3 0.988854 0.582130 0.988854 0.126865 1.000000 0.116502 1.000000 0.592493
1 0.988854 0.233713 0.988854 0.167912 1.000000 0.167912 1.000000 0.233713
1 0.988854 0.347803 0.988854 0.301841 1.000000 0.301841 1.000000 0.347803
1 0.988854 0.408498 0.988854 0.357200 1.000000 0.357200 1.000000 0.408498
1 0.988854 0.534713 0.988854 0.475796 1.000000 0.475796 1.000000 0.534713
3 0.988854 0.126865 0.607045 0.126865 0.595899 0.116502 1.000000 0.116502
2 0.901109 0.126865 0.864362 0.126865 0.864362 0.116502 0.901109 0.116502
1 0.951696 0.126865 0.912452 0.126865 0.912452 0.116502 0.951696 0.116502
1 0.647502 0.126865 0.621188 0.126865 0.621188 0.116502 0.647502 0.116502
3 0.607045 0.282673 0.988854 0.282673 0.988854 0.277699 0.607045 0.277699
2 0.724626 0.282673 0.760469 0.282673 0.760469 0.277699 0.724626 0.277699
2 0.832831 0.282673 0.868673 0.282673 0.868673 0.277699 0.832831 0.277699
3 0.800061 0.126865 0.800061 0.277699 0.794710 0.277699 0.794710 0.126865
3 0.607045 0.362768 0.707764 0.362768 0.707764 0.357793 0.607045 0.357793
3 0.607045 0.433204 0.988854 0.433204 0.988854 0.428229 0.607045 0.428229
2 0.831739 0.433204 0.867273 0.433204 0.867273 0.428229 0.831739 0.428229
2 0.725309 0.433204 0.760469 0.433204 0.760469 0.428229 0.725309 0.428229
3 0.800061 0.433204 0.800061 0.582130 0.794710 0.582130 0.794710 0.433204
3 0.681757 0.362768 0.681757 0.428229 0.676407 0.428229 0.676407 0.362768
2 0.681757 0.367211 0.681757 0.400324 0.676407 0.400324 0.676407 0.367211
