0 0.116845 0.336561 0.196315 0.336561 0.196315 0.383334 0.116845 0.383334 0.116845 0.336561
0 0.402272 0.383319 0.402545 0.486729 0.196763 0.486748 0.196763 0.383334 0.312889 0.383334 0.402272 0.383319
0 0.126883 0.822003 0.165825 0.999244 0.275564 0.965146 0.236434 0.787079 0.126883 0.822003 0.126883 0.822003
0 0.089381 0.624475 0.157261 0.603669 0.138198 0.514810 0.069645 0.536184 0.089381 0.624475 0.089381 0.624475
0 0.174419 0.495592 0.154527 0.403038 0.070733 0.393644 0.097689 0.519819 0.174419 0.495592 0.174419 0.495592
0 0.196145 0.178228 0.117645 0.178228 0.117645 0.010890 0.391060 0.010890 0.391060 0.130677 0.196145 0.130878 0.196145 0.178228
0 0.397968 0.218109 0.299348 0.218109 0.299348 0.143933 0.397968 0.143933
0 0.487384 0.250978 0.402272 0.250978 0.402272 0.143933 0.487369 0.143933
0 0.296816 0.370886 0.207058 0.370886 0.207058 0.254032 0.296816 0.254032
0 0.397968 0.370886 0.296816 0.370886 0.296816 0.254032 0.299348 0.254032 0.299348 0.222967 0.397968 0.222967
0 0.207058 0.254032 0.207058 0.322974 0.106701 0.322974 0.106701 0.294848 0.110698 0.294870 0.110952 0.254002 0.206777 0.254002
0 0.106577 0.285995 0.106648 0.294848 0.106701 0.294848 0.106701 0.322974 0.087793 0.322974 0.087793 0.326314 0.106648 0.326314 0.106648 0.370886 0.016842 0.370886 0.016842 0.254002 0.106701 0.254002
0 0.296816 0.253819 0.299348 0.253819 0.299348 0.254032 0.206777 0.254002 0.206777 0.143933 0.296816 0.143933
0 0.223944 0.778715 0.134249 0.807308 0.095692 0.634533 0.187080 0.605994
0 0.487384 0.370886 0.402272 0.370886 0.402272 0.254317 0.487384 0.254317
0 0.107013 0.192194 0.106901 0.251573 0.065030 0.251573 0.065030 0.143778 0.107013 0.143778
0 0.188599 0.593243 0.161005 0.602048 0.159195 0.593243 0.142018 0.513699 0.169865 0.504894
0 0.161883 0.251573 0.110952 0.251573 0.111063 0.192215 0.107013 0.192194 0.161883 0.192194
0 0.061739 0.212204 0.016842 0.212204 0.016842 0.143778 0.061739 0.143778
0 0.202727 0.251573 0.164921 0.251573 0.164921 0.192194 0.202727 0.192194
0 0.061739 0.251573 0.016842 0.251573 0.016842 0.215848 0.061739 0.215848
3 0.016842 0.370886 0.016842 0.143778 0.006716 0.131027 0.006716 0.383334
3 0.016842 0.143778 0.107013 0.143778 0.117645 0.131027 0.006716 0.131027
1 0.066946 0.143778 0.102074 0.143778 0.102074 0.131027 0.066946 0.131027
1 0.021561 0.143778 0.056800 0.143778 0.056800 0.131027 0.021561 0.131027
3 0.107013 0.143778 0.107013 0.192194 0.117645 0.178228 0.117645 0.131027
2 0.107013 0.144258 0.107013 0.171673 0.117645 0.171673 0.117645 0.144258
3 0.107013 0.192194 0.206777 0.192194 0.196145 0.178228 0.117645 0.178228
1 0.167787 0.192194 0.195988 0.192194 0.195988 0.178228 0.167787 0.178228
2 0.139046 0.192194 0.160230 0.192194 0.160230 0.178228 0.139046 0.178228
3 0.206777 0.192194 0.206777 0.143933 0.196145 0.130878 0.196145 0.178228
2 0.206777 0.172031 0.206777 0.144312 0.196145 0.144312 0.196145 0.172031
3 0.487369 0.143933 0.487384 0.370886 0.497257 0.383334 0.497242 0.130878
1 0.487377 0.256968 0.487377 0.274683 0.497250 0.274683 0.497250 0.256968
3 0.397968 0.143933 0.397968 0.383334 0.402272 0.383334 0.402272 0.143933
2 0.397968 0.224458 0.397968 0.247978 0.402272 0.247978 0.402272 0.224458
2 0.397968 0.257739 0.397968 0.282146 0.402272 0.282146 0.402272 0.257739
3 0.207058 0.370886 0.207058 0.322974 0.196315 0.336561 0.196315 0.383334
3 0.196315 0.336561 0.116845 0.336561 0.106648 0.322974 0.207058 0.322974
1 0.153808 0.336561 0.117131 0.336561 0.117131 0.322974 0.153808 0.322974
2 0.180513 0.336561 0.158203 0.336561 0.158203 0.322974 0.180513 0.322974
3 0.106648 0.322974 0.106648 0.370886 0.116845 0.383334 0.116845 0.336561
2 0.106648 0.342217 0.106648 0.369851 0.116845 0.369851 0.116845 0.342217
3 0.106648 0.294848 0.107013 0.192194 0.111063 0.192215 0.110698 0.294870
3 0.206777 0.192194 0.206777 0.254002 0.202727 0.251573 0.202727 0.192194
3 0.206777 0.254002 0.006716 0.254002 0.006716 0.251573 0.202727 0.251573
3 0.296816 0.130574 0.296816 0.253819 0.299348 0.253819 0.299348 0.130574
3 0.296816 0.222967 0.402272 0.222967 0.402272 0.218109 0.296816 0.218109
2 0.335743 0.222967 0.376131 0.222967 0.376131 0.218109 0.335743 0.218109
3 0.061739 0.131027 0.061739 0.254002 0.065030 0.254002 0.065030 0.131027
2 0.061739 0.148135 0.061739 0.172074 0.065030 0.172074 0.065030 0.148135
2 0.061739 0.227406 0.061739 0.251306 0.065030 0.251306 0.065030 0.227406
1 0.061739 0.173486 0.061739 0.211533 0.065030 0.211533 0.065030 0.173486
3 0.016842 0.215848 0.065030 0.215848 0.065030 0.212204 0.016842 0.212204
3 0.069688 0.536171 0.169860 0.504861 0.174419 0.495592 0.061929 0.530752
2 0.107147 0.524464 0.131748 0.516774 0.130151 0.509430 0.105552 0.517120
3 0.236434 0.787079 0.126883 0.822003 0.134249 0.807308 0.223944 0.778715
2 0.212894 0.794584 0.152342 0.813887 0.149788 0.802357 0.210339 0.783050
3 0.169860 0.504861 0.188953 0.594597 0.195084 0.592721 0.174419 0.495592
2 0.175630 0.531979 0.181650 0.560272 0.187781 0.558395 0.181763 0.530102
3 0.185029 0.595796 0.223944 0.778715 0.236434 0.787079 0.195084 0.592721
2 0.190153 0.619872 0.196553 0.649962 0.206608 0.646887 0.200206 0.616797
1 0.201145 0.671549 0.210413 0.715107 0.220468 0.712031 0.211200 0.668470
1 0.213273 0.728553 0.222531 0.772072 0.232586 0.768997 0.223329 0.725478
3 0.083264 0.626391 0.194813 0.591479 0.197264 0.602737 0.085712 0.637648
3 0.126883 0.822003 0.083267 0.626436 0.093201 0.623251 0.134249 0.807308
3 0.083267 0.626436 0.061929 0.530752 0.069688 0.536171 0.089381 0.624475
3 0.136606 0.507411 0.159577 0.614532 0.163498 0.613323 0.140530 0.506203
3 0.106648 0.370886 0.016842 0.370886 0.006716 0.383334 0.116845 0.383334
1 0.077310 0.370886 0.042046 0.370886 0.042046 0.383334 0.077310 0.383334
3 0.487384 0.370886 0.207058 0.370886 0.196315 0.383334 0.497257 0.383334
1 0.264273 0.370886 0.216511 0.370886 0.216511 0.383334 0.264273 0.383334
1 0.381751 0.370886 0.316648 0.370886 0.316648 0.383334 0.381751 0.383334
2 0.290358 0.370886 0.268655 0.370886 0.268655 0.383334 0.290358 0.383334
1 0.461671 0.370886 0.426825 0.370886 0.426825 0.383334 0.461671 0.383334
3 0.106648 0.322974 0.087793 0.322974 0.087793 0.326314 0.106648 0.326314
3 0.397968 0.254317 0.497250 0.254317 0.497250 0.250978 0.397968 0.250978
3 0.206777 0.143933 0.487369 0.143933 0.497242 0.130878 0.196145 0.130878
1 0.427298 0.143933 0.461869 0.143933 0.461869 0.130878 0.427298 0.130878
2 0.334057 0.143933 0.376331 0.143933 0.376331 0.130878 0.334057 0.130878
1 0.231728 0.143933 0.267683 0.143933 0.267683 0.130878 0.231728 0.130878
3 0.164921 0.254002 0.164921 0.178228 0.161883 0.178228 0.161883 0.254002
0 0.902855 0.370929 0.710351 0.370929 0.710351 0.254126 0.902855 0.254126
0 0.989114 0.370929 0.902855 0.370929 0.902855 0.254126 0.989114 0.254126
0 0.900324 0.251090 0.710351 0.251090 0.710351 0.143213 0.900324 0.143213
0 0.989114 0.249876 0.904881 0.249876 0.904881 0.143213 0.989114 0.143213
0 0.610148 0.190633 0.705794 0.190633 0.705794 0.323269 0.610148 0.323269 0.610148 0.370929 0.521365 0.370929 0.521365 0.143213 0.610148 0.143213
3 0.521365 0.143213 0.521365 0.370929 0.510479 0.383984 0.510479 0.130158
3 0.521365 0.370929 0.610148 0.370929 0.621033 0.383984 0.510479 0.383984
1 0.544948 0.370929 0.580595 0.370929 0.580595 0.383984 0.544948 0.383984
3 0.610148 0.370929 0.610148 0.323269 0.621033 0.336324 0.621033 0.383984
3 0.610148 0.323269 0.710351 0.323269 0.699465 0.336324 0.621033 0.336324
3 0.710351 0.323269 0.710351 0.370929 0.699465 0.383984 0.699465 0.336324
3 0.710351 0.370929 0.989114 0.370929 1.000000 0.383984 0.699465 0.383984
1 0.913974 0.370929 0.963787 0.370929 0.963787 0.383984 0.913974 0.383984
3 0.989114 0.370929 0.989114 0.143213 1.000000 0.130158 1.000000 0.383984
3 0.989114 0.143213 0.710351 0.143213 0.699465 0.130158 1.000000 0.130158
3 0.710351 0.143213 0.710351 0.190633 0.699465 0.177578 0.699465 0.130158
3 0.710351 0.190633 0.610148 0.190633 0.621033 0.177578 0.699465 0.177578
3 0.610148 0.190633 0.610148 0.143213 0.621033 0.130158 0.621033 0.177578
3 0.610148 0.143213 0.521365 0.143213 0.510479 0.130158 0.621033 0.130158
3 0.710351 0.190633 0.710351 0.323269 0.705794 0.323269 0.705794 0.190633
3 0.904881 0.143213 0.904881 0.254126 0.900324 0.251090 0.900324 0.143213
3 0.904881 0.249876 0.989114 0.249876 0.989114 0.254126 0.900324 0.254126
2 0.908356 0.249876 0.928652 0.249876 0.928652 0.254126 0.908356 0.254126
3 0.710351 0.254126 0.904881 0.254126 0.900324 0.251090 0.710351 0.251090
