0 0.278383 0.256164 0.278383 0.043865 0.121821 0.043865 0.121821 0.256164 0.278383 0.256164 0.278383 0.256164
0 0.361113 0.777953 0.297087 0.777953 0.297087 0.738096 0.361113 0.738064 0.361113 0.777953 0.361113 0.777953
0 0.285712 0.578380 0.292034 0.578380 0.292034 0.630832 0.285712 0.630832 0.285712 0.722890 0.099382 0.722890 0.099382 0.547000 0.285712 0.547000
0 0.464225 0.669035 0.292034 0.669035 0.292034 0.542814 0.304410 0.542814 0.304410 0.488771 0.464225 0.488771
0 0.304410 0.542814 0.099382 0.542814 0.099382 0.272908 0.304410 0.272908
0 0.464225 0.484585 0.309008 0.484585 0.309008 0.419846 0.304410 0.419846 0.304410 0.322566 0.309008 0.322566 0.309008 0.272908 0.464225 0.272908
0 0.465191 0.994767 0.372229 0.994767 0.372229 0.845747 0.465191 0.845747
0 0.464225 0.722890 0.365596 0.722890 0.365596 0.673221 0.464225 0.673221
0 0.360423 0.722890 0.292034 0.722890 0.292034 0.673221 0.360423 0.673221
3 0.099382 0.272908 0.464225 0.272908 0.474571 0.256164 0.076965 0.256164
1 0.124471 0.272908 0.225744 0.272908 0.225744 0.256164 0.124471 0.256164
2 0.230331 0.272908 0.276383 0.272908 0.276383 0.256164 0.230331 0.256164
1 0.316544 0.272908 0.418908 0.272908 0.418908 0.256164 0.316544 0.256164
3 0.474571 0.256164 0.474571 0.738064 0.464225 0.722890 0.464225 0.272908
3 0.474571 0.738064 0.076965 0.738064 0.099382 0.722890 0.464225 0.722890
1 0.253753 0.738064 0.147118 0.738064 0.147118 0.722890 0.253753 0.722890
2 0.351152 0.738064 0.305105 0.738064 0.305105 0.722890 0.351152 0.722890
1 0.394635 0.738064 0.369344 0.738064 0.369344 0.722890 0.394635 0.722890
3 0.099382 0.722890 0.099382 0.272908 0.076965 0.256164 0.076965 0.738064
3 0.292034 0.738064 0.292034 0.630832 0.285712 0.630832 0.285712 0.738064
3 0.292034 0.578380 0.292034 0.542814 0.285712 0.547000 0.285712 0.578380
3 0.292034 0.542814 0.076965 0.542814 0.076965 0.547000 0.285712 0.547000
3 0.474571 0.673221 0.285712 0.673221 0.285712 0.669035 0.474571 0.669035
2 0.422006 0.673221 0.387847 0.673221 0.387847 0.669035 0.422006 0.669035
2 0.350192 0.673221 0.304324 0.673221 0.304324 0.669035 0.350192 0.669035
3 0.365596 0.738064 0.365596 0.669035 0.360423 0.669035 0.360423 0.738064
3 0.474571 0.488771 0.304410 0.488771 0.309008 0.484585 0.474571 0.484585
2 0.359113 0.488771 0.312589 0.488771 0.312589 0.484585 0.359113 0.484585
3 0.309008 0.484585 0.309008 0.419846 0.304410 0.419846 0.304410 0.488771
3 0.309008 0.322566 0.309008 0.256164 0.304410 0.256164 0.304410 0.322566
3 0.096617 0.256164 0.096617 0.043865 0.092018 0.043865 0.092018 0.256164
3 0.470726 0.256164 0.470726 0.043865 0.466127 0.043865 0.466127 0.256164
3 0.094777 0.738064 0.094777 0.950546 0.089179 0.950546 0.089179 0.738064
3 0.464225 0.738064 0.464225 0.841561 0.468823 0.845747 0.468823 0.738064
3 0.464225 0.841561 0.366482 0.841561 0.372229 0.845747 0.468823 0.845747
3 0.372229 0.845747 0.372229 0.994767 0.366482 1.000000 0.366482 0.841561
2 0.372229 0.885170 0.372229 0.930029 0.366482 0.930029 0.366482 0.885170
3 0.366482 1.000000 0.470938 1.000000 0.465191 0.994767 0.372229 0.994767
3 0.470938 1.000000 0.470938 0.841561 0.465191 0.841561 0.465191 0.994767
0 0.745275 0.735914 0.903343 0.735914 0.903343 0.830682 0.745275 0.830682 0.745275 0.735914 0.745275 0.735914
0 0.730560 0.482889 0.537505 0.482889 0.537505 0.275718 0.730560 0.275718
0 0.903757 0.482889 0.735734 0.482889 0.735734 0.275718 0.903757 0.275718
0 0.903757 0.584837 0.676461 0.584837 0.676461 0.486552 0.903757 0.486552
0 0.903757 0.718656 0.738464 0.718656 0.738464 0.588589 0.903757 0.588589
0 0.671863 0.613287 0.537505 0.613287 0.537505 0.486552 0.671863 0.486552
0 0.733291 0.718656 0.650026 0.718656 0.650026 0.616950 0.676461 0.616950 0.676461 0.588589 0.733291 0.588589
0 0.639680 0.712869 0.546202 0.712869 0.546202 0.621659 0.639680 0.621659
3 0.537505 0.275718 0.903757 0.275718 0.916563 0.255311 0.514513 0.255311
1 0.566049 0.275718 0.666994 0.275718 0.666994 0.255311 0.566049 0.255311
1 0.754179 0.275718 0.858791 0.275718 0.858791 0.255311 0.754179 0.255311
3 0.916563 0.255311 0.916563 0.735914 0.903757 0.718656 0.903757 0.275718
3 0.514513 0.486552 0.916563 0.486552 0.916563 0.482889 0.514513 0.482889
2 0.738636 0.486552 0.787160 0.486552 0.787160 0.482889 0.738636 0.482889
2 0.679818 0.486552 0.728175 0.486552 0.728175 0.482889 0.679818 0.482889
3 0.735734 0.486552 0.735734 0.255311 0.730560 0.255311 0.730560 0.486552
3 0.650026 0.718656 0.650026 0.616950 0.639680 0.613287 0.639680 0.735914
3 0.650026 0.613287 0.514513 0.613287 0.514513 0.621659 0.639680 0.621659
2 0.636599 0.613287 0.602192 0.613287 0.602192 0.621659 0.636599 0.621659
3 0.639680 0.613287 0.671863 0.613287 0.676461 0.616950 0.650026 0.616950
3 0.676461 0.616950 0.676461 0.486552 0.671863 0.486552 0.671863 0.613287
2 0.676461 0.570217 0.676461 0.527356 0.671863 0.527356 0.671863 0.570217
3 0.671863 0.588589 0.916563 0.588589 0.916563 0.584837 0.671863 0.584837
2 0.693877 0.588589 0.730733 0.588589 0.730733 0.584837 0.693877 0.584837
2 0.743028 0.588589 0.789137 0.588589 0.789137 0.584837 0.743028 0.584837
3 0.738464 0.735914 0.738464 0.584837 0.733291 0.584837 0.733291 0.735914
3 0.916563 0.735914 0.916563 0.835590 0.903343 0.835590 0.903343 0.735914
3 0.546202 0.712869 0.546202 0.613287 0.514513 0.613287 0.514513 0.735914
3 0.537505 0.613287 0.537505 0.275718 0.514513 0.255311 0.514513 0.613287
3 0.916563 0.735914 0.650026 0.735914 0.650026 0.718656 0.903757 0.718656
1 0.880391 0.735914 0.818072 0.735914 0.818072 0.718656 0.880391 0.718656
1 0.709661 0.735914 0.676231 0.735914 0.676231 0.718656 0.709661 0.718656
2 0.810284 0.735914 0.766922 0.735914 0.766922 0.718656 0.810284 0.718656
3 0.650026 0.735914 0.514513 0.735914 0.546202 0.712869 0.650026 0.712869
1 0.605802 0.735914 0.576913 0.735914 0.576913 0.712869 0.605802 0.712869
