0 0.107255 0.289379 0.107255 0.108567 0.606557 0.108558 0.606557 0.289379 0.107255 0.289379 0.107255 0.289379
0 0.645386 0.531902 0.639380 0.531902 0.639380 0.754578 0.502491 0.754578 0.502491 0.748246 0.111981 0.748246 0.111981 0.312435 0.645386 0.312435
0 0.971774 0.531751 0.887123 0.531751 0.887123 0.591732 0.653467 0.591732 0.653467 0.531902 0.645386 0.531902 0.645386 0.312435 0.971774 0.312435
0 0.639380 0.757699 0.760902 0.757699 0.760902 0.902393 0.382429 0.902393 0.382429 0.758001 0.502491 0.758001 0.502491 0.754578 0.639380 0.754578
0 0.971774 0.747945 0.653467 0.747945 0.653467 0.601708 0.971774 0.601708
0 0.368342 0.902393 0.206531 0.902393 0.206531 0.868058 0.111981 0.868058 0.111981 0.758001 0.368342 0.758001
1 0.208785 0.289379 0.429775 0.289379 0.429775 0.312435 0.208785 0.312435
1 0.713607 0.289379 0.882269 0.289379 0.882269 0.312435 0.713607 0.312435
2 0.439726 0.289379 0.548108 0.289379 0.548108 0.312435 0.439726 0.312435
3 0.760902 0.747945 0.760902 0.902393 0.782058 0.916458 0.782058 0.766186
3 0.782058 0.916458 0.088685 0.916458 0.111981 0.902393 0.760902 0.902393
2 0.680412 0.916458 0.559749 0.916458 0.559749 0.902393 0.680412 0.902393
3 0.088685 0.916458 0.088685 0.289379 0.111981 0.312435 0.111981 0.902393
3 0.088685 0.758001 0.502491 0.758001 0.502491 0.748246 0.088685 0.748246
3 0.088685 0.868058 0.206531 0.868058 0.192444 0.915872 0.088685 0.915872
3 0.206531 0.868058 0.206531 0.916458 0.192444 0.916458 0.192444 0.915872
3 0.368342 0.916458 0.368342 0.748246 0.382429 0.748246 0.382429 0.916458
2 0.368342 0.847644 0.368342 0.781740 0.382429 0.781740 0.382429 0.847644
3 0.760902 0.747945 0.653467 0.747945 0.639380 0.757699 0.760902 0.757699
2 0.751425 0.747945 0.656221 0.747945 0.656221 0.757699 0.751425 0.757699
3 0.639380 0.757699 0.639380 0.531902 0.653467 0.531902 0.653467 0.747945
3 0.880848 0.601708 0.880848 0.531751 0.992700 0.541505 0.992700 0.601708
3 0.088685 0.289379 0.088685 0.108567 0.107255 0.108567 0.107255 0.289379
3 0.606557 0.289379 0.606557 0.200303 0.630889 0.200303 0.630889 0.289379
