0 0.699844 0.886469 0.791525 0.886469 0.791525 0.970469 0.699844 0.970469 0.699844 0.886469 0.699844 0.886469
0 0.477083 0.563223 0.484219 0.563223 0.484219 0.373605 0.717386 0.373605 0.484249 0.373680 0.484249 0.636901 0.229890 0.636901 0.229890 0.373605 0.477083 0.373605
0 0.803406 0.636901 0.484249 0.636901 0.484249 0.373680 0.717386 0.373605 0.717386 0.415007 0.723502 0.415007 0.723502 0.373407 0.803217 0.373407
0 0.980633 0.365413 0.724011 0.365413 0.724011 0.088164 0.980633 0.088164
0 0.363914 0.913720 0.212929 0.913720 0.212929 0.646458 0.363914 0.646458
0 0.627941 0.913720 0.500415 0.913720 0.500415 0.646458 0.627941 0.646458
0 0.222755 0.474527 0.161291 0.474527 0.161291 0.570562 0.222755 0.570562 0.222755 0.636901 0.093236 0.636901 0.093236 0.373605 0.222755 0.373605
0 0.865094 0.760740 0.980633 0.760740 0.980633 0.913720 0.809521 0.913720 0.809521 0.707842 0.865094 0.707842
0 0.980633 0.562247 0.809521 0.562247 0.809521 0.373605 0.980633 0.373605
0 0.980633 0.751865 0.871720 0.751865 0.871720 0.698967 0.809521 0.698967 0.809521 0.572487 0.980633 0.572487
0 0.803406 0.773730 0.635077 0.773730 0.635077 0.646458 0.717386 0.646458 0.717386 0.678775 0.724011 0.678775 0.724011 0.646458 0.803406 0.646458
0 0.493280 0.913720 0.371050 0.913720 0.371050 0.783287 0.493280 0.783287
0 0.493280 0.773730 0.371050 0.773730 0.371050 0.646458 0.493280 0.646458
0 0.205794 0.913720 0.093236 0.913720 0.093236 0.783287 0.205794 0.783287
0 0.205794 0.773730 0.093236 0.773730 0.093236 0.646458 0.205794 0.646458
0 0.710709 0.861211 0.680477 0.861211 0.680477 0.913720 0.635077 0.913720 0.635077 0.783287 0.710709 0.783287
0 0.803406 0.861211 0.717845 0.861211 0.717845 0.783287 0.803406 0.783287
0 0.222755 0.561005 0.168426 0.561005 0.168426 0.484084 0.222755 0.484084
3 0.093236 0.373605 0.723502 0.373605 0.704135 0.349712 0.073869 0.349712
1 0.563602 0.373605 0.654255 0.373605 0.654255 0.349712 0.563602 0.349712
1 0.289031 0.373605 0.348553 0.373605 0.348553 0.349712 0.289031 0.349712
1 0.368246 0.373605 0.427769 0.373605 0.427769 0.349712 0.368246 0.349712
3 0.723502 0.373605 0.723502 0.088164 0.704135 0.062223 0.704135 0.349712
1 0.723502 0.167978 0.723502 0.088423 0.704135 0.088423 0.704135 0.167978
1 0.723502 0.264621 0.723502 0.184191 0.704135 0.184191 0.704135 0.264621
2 0.723502 0.346572 0.723502 0.290151 0.704135 0.290151 0.704135 0.346572
3 0.723502 0.088164 0.980633 0.088164 1.000000 0.062223 0.704135 0.062223
1 0.741549 0.088164 0.800908 0.088164 0.800908 0.062223 0.741549 0.062223
3 0.980633 0.088164 0.980633 0.913720 1.000000 0.939661 1.000000 0.062223
1 0.980633 0.690216 0.980633 0.751196 1.000000 0.751196 1.000000 0.690216
1 0.980633 0.573395 0.980633 0.651899 1.000000 0.651899 1.000000 0.573395
1 0.980633 0.447829 0.980633 0.548587 1.000000 0.548587 1.000000 0.447829
3 0.980633 0.913720 0.809521 0.913720 0.791525 0.939661 1.000000 0.939661
1 0.944290 0.913720 0.870777 0.913720 0.870777 0.939661 0.944290 0.939661
3 0.809521 0.913720 0.809521 0.861211 0.791525 0.886469 0.791525 0.939661
3 0.809521 0.861211 0.680477 0.861211 0.699844 0.886469 0.791525 0.886469
2 0.789033 0.861211 0.743776 0.861211 0.743776 0.886469 0.789033 0.886469
1 0.741304 0.861211 0.727589 0.861211 0.727589 0.886469 0.741304 0.886469
3 0.680477 0.861211 0.680477 0.913720 0.699844 0.939661 0.699844 0.886469
3 0.680477 0.913720 0.093236 0.913720 0.073869 0.939661 0.699844 0.939661
1 0.591195 0.913720 0.516378 0.913720 0.516378 0.939661 0.591195 0.939661
2 0.465453 0.913720 0.420410 0.913720 0.420410 0.939661 0.465453 0.939661
1 0.343243 0.913720 0.269205 0.913720 0.269205 0.939661 0.343243 0.939661
3 0.093236 0.913720 0.093236 0.373605 0.073869 0.349712 0.073869 0.939661
1 0.093236 0.537255 0.093236 0.435978 0.073869 0.435978 0.073869 0.537255
2 0.093236 0.634177 0.093236 0.580071 0.073869 0.580071 0.073869 0.634177
1 0.093236 0.760883 0.093236 0.679041 0.073869 0.679041 0.073869 0.760883
1 0.093236 0.833851 0.093236 0.794831 0.073869 0.794831 0.073869 0.833851
3 0.809521 0.886469 0.809521 0.373605 0.803406 0.365413 0.803406 0.886469
2 0.809521 0.473503 0.809521 0.418414 0.803406 0.418414 0.803406 0.473503
2 0.809521 0.629494 0.809521 0.575333 0.803406 0.575333 0.803406 0.629494
2 0.809521 0.764317 0.809521 0.710777 0.803406 0.710777 0.803406 0.764317
3 0.809521 0.373605 1.000000 0.373605 1.000000 0.365413 0.803406 0.365413
3 0.803406 0.572487 1.000000 0.572487 1.000000 0.562247 0.803406 0.562247
3 0.803406 0.707842 0.865094 0.707842 0.871720 0.698967 0.803406 0.698967
3 0.865094 0.707842 0.865094 0.760740 0.871720 0.751865 0.871720 0.698967
3 0.865094 0.760740 1.000000 0.760740 1.000000 0.751865 0.871720 0.751865
3 0.627941 0.636901 0.627941 0.939661 0.635077 0.939661 0.635077 0.636901
2 0.627941 0.718382 0.627941 0.772392 0.635077 0.772392 0.635077 0.718382
3 0.627941 0.773730 0.809521 0.773730 0.809521 0.783287 0.627941 0.783287
2 0.638440 0.773730 0.672730 0.773730 0.672730 0.783287 0.638440 0.783287
2 0.743776 0.773730 0.790955 0.773730 0.790955 0.783287 0.743776 0.783287
3 0.710709 0.773730 0.710709 0.886469 0.717845 0.886469 0.717845 0.773730
3 0.493280 0.636901 0.493280 0.939661 0.500415 0.939661 0.500415 0.636901
3 0.363914 0.636901 0.363914 0.939661 0.371050 0.939661 0.371050 0.636901
2 0.363914 0.681457 0.363914 0.723693 0.371050 0.723693 0.371050 0.681457
3 0.363914 0.783287 0.500415 0.783287 0.500415 0.773730 0.363914 0.773730
3 0.205794 0.636901 0.205794 0.939661 0.212929 0.939661 0.212929 0.636901
3 0.073869 0.783287 0.212929 0.783287 0.212929 0.773730 0.073869 0.773730
2 0.120834 0.783287 0.161739 0.783287 0.161739 0.773730 0.120834 0.773730
3 0.222755 0.349712 0.222755 0.646458 0.229890 0.646458 0.229890 0.349712
2 0.222755 0.580412 0.222755 0.634519 0.229890 0.634519 0.229890 0.580412
3 0.229890 0.484084 0.168426 0.484084 0.161291 0.474527 0.229890 0.474527
3 0.168426 0.484084 0.168426 0.561005 0.161291 0.570562 0.161291 0.474527
3 0.168426 0.561005 0.229890 0.561005 0.229890 0.570562 0.161291 0.570562
2 0.170944 0.561005 0.206227 0.561005 0.206227 0.570562 0.170944 0.570562
3 0.477083 0.349712 0.477083 0.563223 0.484219 0.563223 0.484219 0.349712
3 0.723502 0.349712 0.723502 0.415007 0.717386 0.415007 0.717386 0.349712
3 0.724011 0.636901 0.724011 0.678775 0.717386 0.678775 0.717386 0.646458
3 0.073869 0.646458 0.717386 0.646458 0.724011 0.636901 0.073869 0.636901
2 0.125946 0.646458 0.167366 0.646458 0.167366 0.636901 0.125946 0.636901
2 0.321537 0.646458 0.361422 0.646458 0.361422 0.636901 0.321537 0.636901
3 0.724011 0.646458 0.809521 0.646458 0.809521 0.636901 0.724011 0.636901
2 0.724302 0.646458 0.791643 0.646458 0.791643 0.636901 0.724302 0.636901
