0 0.725737 0.685775 0.517656 0.685775 0.517656 0.581326 0.725737 0.581326
0 0.190571 0.876957 0.065941 0.876957 0.065941 0.738849 0.091221 0.738849 0.091221 0.699096 0.190571 0.699096
0 0.593211 0.699951 0.593211 0.876957 0.678293 0.876257 0.679786 0.699951 0.593211 0.699951 0.593211 0.699951
0 0.065209 0.261284 0.065209 0.050576 0.487905 0.051564 0.487905 0.259020 0.065209 0.261284 0.065209 0.261284
0 0.968537 0.685775 0.733149 0.685775 0.733149 0.306754 0.968537 0.306754
0 0.477149 0.876957 0.201825 0.876957 0.201825 0.699096 0.477149 0.699096
0 0.725737 0.571357 0.522705 0.571357 0.522705 0.306754 0.725737 0.306754
0 0.515746 0.581326 0.517656 0.581326 0.517656 0.685775 0.190571 0.685775 0.190571 0.306754 0.515746 0.306754
0 0.190571 0.699096 0.065121 0.699096 0.064477 0.306754 0.190571 0.306754
0 0.491498 0.699096 0.491776 0.865911 0.584248 0.865911 0.584248 0.699951 0.491498 0.699951 0.491498 0.699096
3 0.050451 0.259020 0.487905 0.259020 0.487905 0.306754 0.064477 0.306754
2 0.410872 0.259020 0.475568 0.259020 0.475568 0.306754 0.410872 0.306754
1 0.131326 0.259020 0.220776 0.259020 0.220776 0.306754 0.131326 0.306754
1 0.267905 0.259020 0.396494 0.259020 0.396494 0.306754 0.267905 0.306754
3 0.487905 0.247541 1.000000 0.247541 0.968537 0.306754 0.487905 0.306754
1 0.600170 0.247541 0.686430 0.247541 0.686430 0.306754 0.600170 0.306754
1 0.888562 0.247541 0.937447 0.247541 0.937447 0.306754 0.888562 0.306754
3 1.000000 0.247541 1.000000 0.706867 0.968537 0.685775 0.968537 0.306754
1 1.000000 0.407351 1.000000 0.573333 0.968537 0.573333 0.968537 0.407351
3 1.000000 0.706867 0.693732 0.706867 0.679830 0.685775 0.968537 0.685775
3 0.693732 0.706867 0.693732 0.898049 0.679830 0.876957 0.679830 0.685775
3 0.693732 0.898049 0.593211 0.898049 0.593211 0.876957 0.679830 0.876957
3 0.593211 0.898049 0.477149 0.898049 0.477149 0.866244 0.593211 0.866244
3 0.477149 0.898049 0.052090 0.898049 0.065941 0.876957 0.477149 0.876957
2 0.179735 0.898049 0.112535 0.898049 0.112535 0.876957 0.179735 0.876957
3 0.052090 0.898049 0.050451 0.259020 0.064477 0.306754 0.065941 0.876957
3 0.693732 0.685775 0.584431 0.685775 0.593211 0.699096 0.693732 0.699096
2 0.657528 0.685775 0.598443 0.685775 0.598443 0.699096 0.657528 0.699096
3 0.593211 0.685775 0.477149 0.685775 0.491498 0.699951 0.593211 0.699951
3 0.477149 0.685775 0.190571 0.685775 0.201825 0.699096 0.477149 0.699096
3 0.190571 0.685775 0.190571 0.898049 0.201825 0.898049 0.201825 0.699096
2 0.190571 0.705069 0.190571 0.795831 0.201825 0.795831 0.201825 0.705069
3 0.593211 0.699096 0.593211 0.898049 0.584431 0.898049 0.584431 0.685775
3 0.477149 0.898049 0.477149 0.685775 0.491498 0.699951 0.491498 0.898049
2 0.477149 0.798650 0.477149 0.707655 0.491498 0.707655 0.491498 0.798650
3 0.733149 0.247541 0.733149 0.706867 0.725737 0.706867 0.725737 0.247541
2 0.733149 0.587221 0.733149 0.677949 0.725737 0.677949 0.725737 0.587221
3 0.733149 0.581326 0.515746 0.581326 0.522705 0.571357 0.733149 0.571357
2 0.669637 0.581326 0.610545 0.581326 0.610545 0.571357 0.669637 0.571357
3 0.515746 0.581326 0.515746 0.247541 0.522705 0.247541 0.522705 0.571357
3 0.487905 0.306277 0.487905 0.051564 0.510763 0.051564 0.510763 0.306277
3 0.593211 0.842854 0.618396 0.842854 0.618396 0.877267 0.593211 0.877267
3 0.065480 0.699108 0.091214 0.699096 0.091221 0.738849 0.065487 0.738849
3 0.050575 0.306754 0.050451 0.050587 0.065085 0.050576 0.065209 0.306743
