0 0.614299 0.916821 0.614299 1.000000 0.758921 1.000000 0.758921 0.917515 0.614390 0.917515 0.614299 0.916821
0 0.926535 0.397271 0.707670 0.397271 0.707670 0.501755 0.633706 0.501755 0.633706 0.272506 0.926535 0.272506
0 0.926535 0.501755 0.707670 0.501755 0.707670 0.397271 0.926535 0.397271
0 0.435376 0.492345 0.088931 0.492345 0.088931 0.917245 0.435376 0.917245 0.435376 0.492345 0.435376 0.492345
0 0.612617 0.248931 0.386496 0.248931 0.386496 0.481568 0.612617 0.481568 0.612617 0.248931 0.612617 0.248931
0 0.741451 0.705368 0.741451 0.895018 0.633706 0.895018 0.633706 0.501755 0.707670 0.501755 0.707670 0.705368
0 0.926535 0.542633 0.713369 0.542633 0.713369 0.501755 0.926535 0.501755
0 0.926535 0.895018 0.748291 0.895018 0.748291 0.705368 0.846746 0.705368 0.846746 0.666395 0.926535 0.666395
0 0.625156 0.696530 0.454185 0.696530 0.454185 0.503796 0.625156 0.503796
0 0.625156 0.895018 0.454185 0.895018 0.454185 0.706634 0.625156 0.706634
0 0.841046 0.698632 0.713369 0.698632 0.713369 0.549369 0.841046 0.549369
0 0.235143 0.481568 0.100330 0.481568 0.100330 0.395802 0.235143 0.395802
0 0.377377 0.481568 0.244263 0.481568 0.244263 0.395802 0.377377 0.395802
0 0.926535 0.659659 0.846746 0.659659 0.846746 0.549369 0.926535 0.549369
3 0.944204 0.248931 0.612617 0.248931 0.633706 0.272506 0.926535 0.272506
1 0.795199 0.248931 0.656909 0.248931 0.656909 0.272506 0.795199 0.272506
3 0.612617 0.248931 0.612617 0.481568 0.633706 0.503796 0.633706 0.272506
1 0.612617 0.317224 0.612617 0.399271 0.633706 0.399271 0.633706 0.317224
2 0.612617 0.406128 0.612617 0.466231 0.633706 0.466231 0.633706 0.406128
3 0.612617 0.481568 0.435376 0.481568 0.454185 0.503796 0.633706 0.503796
1 0.586906 0.481568 0.494305 0.481568 0.494305 0.503796 0.586906 0.503796
3 0.435376 0.481568 0.435376 0.917245 0.454185 0.895018 0.454185 0.503796
3 0.435376 0.917245 0.944204 0.917245 0.926535 0.895018 0.454185 0.895018
1 0.495029 0.917245 0.584518 0.917245 0.584518 0.895018 0.495029 0.895018
2 0.634658 0.917245 0.688981 0.917245 0.688981 0.895018 0.634658 0.895018
1 0.788000 0.917245 0.880596 0.917245 0.880596 0.895018 0.788000 0.895018
3 0.944204 0.917245 0.944204 0.248931 0.926535 0.272506 0.926535 0.895018
3 0.435376 0.481568 0.386496 0.481568 0.377377 0.492345 0.435376 0.492345
3 0.386496 0.492345 0.386496 0.382331 0.377377 0.395802 0.377377 0.481568
3 0.386496 0.382331 0.088931 0.382331 0.100330 0.395802 0.377377 0.395802
2 0.341527 0.382331 0.288395 0.382331 0.288395 0.395802 0.341527 0.395802
3 0.088931 0.382331 0.088931 0.492345 0.100330 0.481568 0.100330 0.395802
3 0.088931 0.492345 0.386496 0.492345 0.377377 0.481568 0.100330 0.481568
2 0.138854 0.492345 0.191501 0.492345 0.191501 0.481568 0.138854 0.481568
3 0.244263 0.492345 0.244263 0.382331 0.235143 0.382331 0.235143 0.492345
3 0.633706 0.503796 0.633706 0.917245 0.625156 0.917245 0.625156 0.503796
2 0.633706 0.711032 0.633706 0.767956 0.625156 0.767956 0.625156 0.711032
2 0.633706 0.636179 0.633706 0.692940 0.625156 0.692940 0.625156 0.636179
3 0.435376 0.696530 0.633706 0.696530 0.633706 0.706634 0.435376 0.706634
3 0.944204 0.549369 0.713369 0.549369 0.707670 0.542633 0.944204 0.542633
3 0.707670 0.547692 0.707670 0.501755 0.713369 0.501755 0.713369 0.547692
3 0.707670 0.542633 0.707670 0.705368 0.713369 0.698632 0.713369 0.549369
2 0.707670 0.592969 0.707670 0.648027 0.713369 0.648027 0.713369 0.592969
3 0.707670 0.705368 0.846746 0.705368 0.841046 0.698632 0.713369 0.698632
3 0.846746 0.705368 0.846746 0.542633 0.841046 0.542633 0.841046 0.698632
2 0.846746 0.649448 0.846746 0.594579 0.841046 0.594579 0.841046 0.649448
3 0.841046 0.666395 0.944204 0.666395 0.944204 0.659659 0.841046 0.659659
3 0.748291 0.698632 0.748291 0.917245 0.741451 0.917245 0.741451 0.698632
2 0.748291 0.712070 0.748291 0.767673 0.741451 0.767673 0.741451 0.712070
3 0.939872 0.248931 0.939872 0.045028 0.933032 0.045028 0.933032 0.248931
