0 0.096270 0.218182 0.096270 0.059240 0.979634 0.059240 0.979634 0.218182 0.096270 0.218182
0 0.659773 0.715107 0.348833 0.715107 0.348833 0.716391 0.104955 0.716391 0.104955 0.527733 0.659773 0.527733
0 0.348833 0.914910 0.104955 0.914910 0.104955 0.716391 0.348833 0.716391
0 0.577316 0.244216 0.577316 0.255077 0.659773 0.255077 0.659773 0.527733 0.104955 0.527733 0.104955 0.255077 0.231897 0.255077 0.231897 0.244216
0 0.972532 0.570109 0.680702 0.570109 0.680702 0.525004 0.672854 0.525004 0.672854 0.255077 0.972532 0.255077
0 0.860893 0.599394 0.972532 0.599394 0.972532 0.715107 0.672854 0.715107 0.672854 0.645106 0.680702 0.645106 0.680702 0.577795 0.860893 0.577795
3 0.104955 0.255077 0.104955 0.914910 0.077487 0.931052 0.077487 0.218182
3 0.104955 0.914910 0.348833 0.914910 0.376301 0.931052 0.077487 0.931052
2 0.189531 0.914910 0.306859 0.914910 0.306859 0.931052 0.189531 0.931052
3 0.348833 0.914910 0.348833 0.715107 0.376301 0.731249 0.376301 0.931052
3 0.348833 0.715107 0.972532 0.715107 1.000000 0.731249 0.376301 0.731249
3 0.972532 0.715107 0.972532 0.255077 1.000000 0.218182 1.000000 0.731249
3 0.972532 0.255077 0.577316 0.255077 0.577316 0.218182 1.000000 0.218182
1 0.896680 0.255077 0.690891 0.255077 0.690891 0.218182 0.896680 0.218182
3 0.577316 0.244216 0.231897 0.244216 0.231897 0.218182 0.577316 0.218182
1 0.434992 0.244216 0.236357 0.244216 0.236357 0.218182 0.434992 0.218182
2 0.570070 0.244216 0.451747 0.244216 0.451747 0.218182 0.570070 0.218182
3 0.231897 0.255077 0.104955 0.255077 0.077487 0.218182 0.231897 0.218182
3 0.659773 0.255077 0.659773 0.525004 0.672854 0.525004 0.672854 0.255077
2 0.659773 0.453204 0.659773 0.524189 0.672854 0.524189 0.672854 0.453204
2 0.659773 0.263394 0.659773 0.332795 0.672854 0.332795 0.672854 0.263394
3 0.659773 0.525004 0.659773 0.645106 0.680702 0.645106 0.680702 0.525004
3 0.659773 0.645106 0.659773 0.731249 0.672854 0.731249 0.672854 0.645106
2 0.659773 0.648311 0.659773 0.710710 0.672854 0.710710 0.672854 0.648311
3 0.680702 0.577795 0.860893 0.577795 0.860893 0.570109 0.680702 0.570109
3 0.860893 0.599394 1.000000 0.599394 1.000000 0.570109 0.860893 0.570109
