0 0.089014 0.512931 0.211330 0.512931 0.211330 0.879387 0.089014 0.880336 0.089014 0.511012 0.089014 0.512931
0 0.226160 0.512931 0.594391 0.512931 0.595389 0.897693 0.226916 0.897693 0.226160 0.512931 0.226160 0.512931
0 0.595389 0.897693 0.594391 0.495574 0.540828 0.495574 0.547063 0.323899 0.714524 0.323899 0.714524 0.897693 0.595389 0.897693 0.595389 0.897693
0 0.493804 0.156798 0.540828 0.156798 0.540828 0.495574 0.226916 0.495574 0.226916 0.112894 0.493804 0.112894
0 0.982074 0.897693 0.770487 0.897693 0.770487 0.835411 0.720759 0.835411 0.720759 0.511971 0.982074 0.511971
0 0.982074 0.495635 0.720759 0.495635 0.720759 0.302846 0.823598 0.302846 0.823598 0.112894 0.982074 0.112894
0 0.714524 0.315588 0.547063 0.315588 0.547063 0.112894 0.714524 0.112894
0 0.815026 0.291614 0.720759 0.291614 0.720759 0.112894 0.815026 0.112894
3 0.214307 0.916072 0.999999 0.916072 0.982074 0.897693 0.214307 0.897693
2 0.636272 0.916072 0.700333 0.916072 0.700333 0.897693 0.636272 0.897693
3 0.999999 0.916072 0.999999 0.094516 0.982074 0.112894 0.982074 0.897693
1 0.999999 0.836218 0.999999 0.585220 0.982074 0.585220 0.982074 0.836218
1 0.999999 0.429636 0.999999 0.181221 0.982074 0.181221 0.982074 0.429636
3 0.999999 0.094516 0.211330 0.094516 0.226916 0.112894 0.982074 0.112894
3 0.211330 0.094516 0.211330 0.916072 0.226916 0.916072 0.226916 0.112894
2 0.211330 0.555794 0.211330 0.640426 0.226916 0.640426 0.226916 0.555794
1 0.211330 0.180905 0.211330 0.427094 0.226916 0.427094 0.226916 0.180905
1 0.211330 0.646900 0.211330 0.867543 0.226916 0.867543 0.226916 0.646900
3 0.214307 0.916072 0.087994 0.916072 0.087994 0.880336 0.214307 0.880336
3 0.089014 0.512931 0.211330 0.512931 0.211330 0.495574 0.089014 0.495574
3 0.211330 0.512931 0.594391 0.512931 0.594391 0.495574 0.211330 0.495574
3 0.547063 0.495574 0.547063 0.112894 0.540828 0.156798 0.540828 0.495574
2 0.547063 0.490265 0.547063 0.406806 0.540828 0.406806 0.540828 0.490265
3 0.547063 0.112894 0.493804 0.112894 0.493804 0.156798 0.540828 0.156798
3 0.547063 0.323756 0.714524 0.323756 0.720759 0.315588 0.547063 0.315588
2 0.600922 0.323756 0.655623 0.323756 0.655623 0.315588 0.600922 0.315588
3 0.720759 0.323756 0.720759 0.112894 0.714524 0.112894 0.714524 0.323756
2 0.720759 0.286887 0.720759 0.219408 0.714524 0.219408 0.714524 0.286887
3 0.720759 0.315588 0.720759 0.835411 0.714524 0.897693 0.714524 0.323756
2 0.720759 0.589579 0.720759 0.662807 0.714524 0.662807 0.714524 0.589579
2 0.720759 0.407133 0.720759 0.489325 0.714524 0.489325 0.714524 0.407133
3 0.720759 0.511971 0.982074 0.511971 0.982074 0.495635 0.720759 0.495635
3 0.589778 0.897693 0.589778 0.665176 0.595233 0.665176 0.595233 0.897693
3 0.720759 0.302846 0.823598 0.302846 0.815026 0.291614 0.720759 0.291614
3 0.823598 0.302846 0.823598 0.112894 0.815026 0.112894 0.815026 0.291614
3 0.714524 0.897693 0.770487 0.897693 0.770487 0.835411 0.720759 0.835411
