0 0.184971 0.923132 0.184971 1.000000 0.247647 1.000000 0.247647 0.923613 0.184971 0.923132 0.184971 0.923132
0 0.440700 0.308579 0.275286 0.308579 0.275286 0.139819 0.440700 0.139819
0 0.509870 0.308579 0.440700 0.308579 0.440700 0.139819 0.509870 0.139819
0 0.509870 0.670773 0.275286 0.670773 0.275286 0.308579 0.509870 0.308579
0 0.263508 0.285733 0.247462 0.285733 0.247462 0.422708 0.106815 0.422708 0.106815 0.139819 0.263508 0.139819
0 0.263508 0.670773 0.106815 0.670773 0.106815 0.436559 0.263508 0.436559
0 0.299672 0.901995 0.126698 0.901995 0.126698 0.692012 0.299672 0.692012
3 0.106815 0.139819 0.106815 0.670773 0.093916 0.692012 0.093916 0.118580
1 0.106815 0.538600 0.106815 0.628904 0.093916 0.628904 0.093916 0.538600
3 0.106815 0.670773 0.126698 0.670773 0.113798 0.692012 0.093916 0.692012
3 0.126698 0.670773 0.126698 0.901995 0.113798 0.923234 0.113798 0.692012
1 0.126698 0.810777 0.126698 0.901348 0.113798 0.901348 0.113798 0.810777
3 0.126698 0.901995 0.299672 0.901995 0.312572 0.923234 0.113798 0.923234
1 0.127393 0.901995 0.183737 0.901995 0.183737 0.923234 0.127393 0.923234
1 0.246957 0.901995 0.299083 0.901995 0.299083 0.923234 0.246957 0.923234
2 0.196323 0.901995 0.237843 0.901995 0.237843 0.923234 0.196323 0.923234
3 0.299672 0.901995 0.299672 0.670773 0.312572 0.692012 0.312572 0.923234
1 0.299672 0.900988 0.299672 0.806760 0.312572 0.806760 0.312572 0.900988
3 0.299672 0.670773 0.509870 0.670773 0.522770 0.692012 0.312572 0.692012
1 0.346459 0.670773 0.442326 0.670773 0.442326 0.692012 0.346459 0.692012
3 0.509870 0.670773 0.509870 0.139819 0.522770 0.118580 0.522770 0.692012
1 0.509870 0.591643 0.509870 0.427251 0.522770 0.427251 0.522770 0.591643
3 0.509870 0.139819 0.106815 0.139819 0.093916 0.118580 0.522770 0.118580
1 0.219166 0.139819 0.154477 0.139819 0.154477 0.118580 0.219166 0.118580
1 0.478311 0.139819 0.441821 0.139819 0.441821 0.118580 0.478311 0.118580
1 0.325348 0.139819 0.275325 0.139819 0.275325 0.118580 0.325348 0.118580
3 0.126698 0.670773 0.299672 0.670773 0.299672 0.692012 0.126698 0.692012
2 0.191791 0.670773 0.234573 0.670773 0.234573 0.692012 0.191791 0.692012
3 0.275286 0.139819 0.275286 0.670773 0.263508 0.670773 0.263508 0.139819
2 0.275286 0.196676 0.275286 0.260744 0.263508 0.260744 0.263508 0.196676
2 0.275286 0.508671 0.275286 0.578862 0.263508 0.578862 0.263508 0.508671
3 0.106815 0.422708 0.263508 0.422708 0.263508 0.436559 0.106815 0.436559
2 0.179828 0.422708 0.220165 0.422708 0.220165 0.436559 0.179828 0.436559
3 0.275286 0.308579 0.509870 0.308579 0.509870 0.320584 0.275286 0.320584
2 0.325769 0.308579 0.365337 0.308579 0.365337 0.320584 0.325769 0.320584
3 0.440700 0.139819 0.440700 0.308579 0.433969 0.308579 0.433969 0.139819
2 0.440700 0.251750 0.440700 0.302142 0.433969 0.302142 0.433969 0.251750
3 0.263721 0.285733 0.263721 0.422708 0.247462 0.422708 0.247462 0.285733
0 0.902936 0.307600 0.726300 0.307600 0.726300 0.136836 0.902936 0.136836
0 0.984648 0.307600 0.908545 0.307600 0.908545 0.136836 0.984648 0.136836
0 0.984648 0.666747 0.726300 0.666747 0.726300 0.316834 0.984648 0.316834
0 0.720691 0.666747 0.563662 0.666747 0.563662 0.183849 0.720691 0.183849
0 0.720691 0.174614 0.563662 0.174614 0.563662 0.136836 0.720691 0.136836
3 0.563662 0.136836 0.563662 0.666747 0.550078 0.690045 0.550078 0.116539
1 0.563662 0.382381 0.563662 0.549072 0.550078 0.549072 0.550078 0.382381
3 0.563662 0.666747 0.984648 0.666747 0.997441 0.690045 0.550078 0.690045
3 0.984648 0.666747 0.984648 0.136836 0.997441 0.116539 0.997441 0.690045
1 0.984648 0.601357 0.984648 0.399086 0.997441 0.399086 0.997441 0.601357
1 0.984648 0.263099 0.984648 0.217084 0.997441 0.217084 0.997441 0.263099
3 0.984648 0.136836 0.563662 0.136836 0.550078 0.116539 0.997441 0.116539
1 0.790479 0.136836 0.747803 0.136836 0.747803 0.116539 0.790479 0.116539
3 0.726300 0.136836 0.726300 0.666747 0.720691 0.666747 0.720691 0.136836
2 0.726300 0.215994 0.726300 0.293490 0.720691 0.293490 0.720691 0.215994
2 0.726300 0.500674 0.726300 0.571456 0.720691 0.571456 0.720691 0.500674
3 0.726300 0.307600 0.984648 0.307600 0.984648 0.316834 0.726300 0.316834
2 0.776356 0.307600 0.819032 0.307600 0.819032 0.316834 0.776356 0.316834
2 0.935561 0.307600 0.970402 0.307600 0.970402 0.316834 0.935561 0.316834
3 0.563662 0.174614 0.720691 0.174614 0.720691 0.183849 0.563662 0.183849
2 0.685037 0.174614 0.714853 0.174614 0.714853 0.183849 0.685037 0.183849
3 0.908545 0.136836 0.908545 0.316834 0.902936 0.316834 0.902936 0.136836
