0 0.493193 0.098267 0.487463 0.098267 0.486978 0.056037 0.564835 0.057299 0.564835 0.188994 0.495523 0.189018 0.495523 0.098884 0.487220 0.098884 0.493193 0.098267
0 0.087813 0.473540 0.087813 0.450852 0.049717 0.450852 0.049490 0.702633 0.189024 0.702497 0.189024 0.648573 0.177301 0.648573 0.177301 0.473540 0.087813 0.473540 0.087813 0.473540
0 0.289142 0.458990 0.097644 0.458990 0.097697 0.261484 0.289142 0.261484
0 0.374975 0.300554 0.392524 0.330043 0.428380 0.329192 0.489832 0.329192 0.489832 0.302195 0.530270 0.302195 0.530270 0.378657 0.450379 0.378657 0.423390 0.418396 0.423390 0.459209 0.289142 0.458990 0.289142 0.261484 0.374975 0.261484
0 0.423390 0.459209 0.423384 0.459228 0.248060 0.459228 0.248060 0.464837 0.302758 0.464837 0.302758 0.633149 0.188233 0.633149 0.187068 0.459051
0 0.423384 0.633149 0.302758 0.633149 0.302758 0.464837 0.423384 0.464837
0 0.771279 0.831991 0.818786 0.831991 0.818786 0.976391 0.771279 0.976391 0.771279 0.831991 0.771279 0.831991
0 0.761395 0.985977 0.568726 0.985977 0.568726 0.821199 0.761395 0.821199
0 0.315574 0.255875 0.188401 0.255875 0.188401 0.112756 0.315574 0.112756
0 0.486238 0.323583 0.428380 0.323583 0.428380 0.112756 0.486238 0.112756
0 0.424785 0.255875 0.319237 0.255875 0.319237 0.112756 0.424785 0.112756
0 0.629972 0.459228 0.533865 0.459228 0.533865 0.302195 0.629972 0.302195
0 0.565431 0.896493 0.481811 0.896493 0.481811 0.741455 0.565431 0.741455
0 0.565431 0.985977 0.481811 0.985977 0.481811 0.901634 0.565431 0.901634
0 0.562735 0.203507 0.562735 0.296586 0.489832 0.296586 0.489832 0.203507
0 0.628573 0.296586 0.566330 0.296586 0.566330 0.204596 0.628573 0.204596
0 0.486319 0.459228 0.426984 0.459228 0.426984 0.420817 0.451808 0.384266 0.486319 0.384266
0 0.530270 0.459228 0.489913 0.459228 0.489913 0.384266 0.530270 0.384266
0 0.424785 0.323583 0.394168 0.324378 0.378569 0.298353 0.378569 0.261484 0.424785 0.261484
0 0.606501 0.816058 0.568726 0.816058 0.568726 0.741455 0.606501 0.741455
3 0.481811 0.741455 0.606501 0.741455 0.615786 0.727901 0.472825 0.727901
2 0.498551 0.741455 0.524726 0.741455 0.524726 0.727901 0.498551 0.727901
2 0.578823 0.741455 0.605998 0.741455 0.605998 0.727901 0.578823 0.727901
3 0.606501 0.741455 0.606501 0.821199 0.615786 0.806710 0.615786 0.727901
1 0.606501 0.752514 0.606501 0.781886 0.615786 0.781886 0.615786 0.752514
3 0.606501 0.821199 0.761395 0.821199 0.771279 0.806710 0.615786 0.806710
2 0.617610 0.821199 0.643363 0.821199 0.643363 0.806710 0.617610 0.806710
3 0.761395 0.821199 0.761395 0.985977 0.771279 0.999999 0.771279 0.806710
2 0.761395 0.844527 0.761395 0.962500 0.771279 0.962500 0.771279 0.844527
3 0.761395 0.985977 0.481811 0.985977 0.472825 0.999999 0.771279 0.999999
1 0.758777 0.985977 0.646634 0.985977 0.646634 0.999999 0.758777 0.999999
1 0.552716 0.985977 0.534544 0.985977 0.534544 0.999999 0.552716 0.999999
3 0.481811 0.985977 0.481811 0.741455 0.472825 0.727901 0.472825 0.999999
1 0.481811 0.946047 0.481811 0.903476 0.472825 0.903476 0.472825 0.946047
1 0.481811 0.893520 0.481811 0.848865 0.472825 0.848865 0.472825 0.893520
3 0.565431 0.727901 0.565431 0.999999 0.568726 0.999999 0.568726 0.727901
3 0.472825 0.901634 0.568726 0.901634 0.568726 0.896493 0.472825 0.896493
2 0.525996 0.901634 0.549149 0.901634 0.549149 0.896493 0.525996 0.896493
3 0.615786 0.821199 0.565431 0.821199 0.565431 0.816058 0.615786 0.816058
3 0.188233 0.459051 0.097697 0.459051 0.087813 0.473540 0.177301 0.473540
1 0.144995 0.459051 0.100109 0.459051 0.100109 0.473540 0.144995 0.473540
2 0.174716 0.459051 0.147421 0.459051 0.147421 0.473540 0.174716 0.473540
3 0.097697 0.459051 0.097697 0.261484 0.087813 0.247462 0.087813 0.473540
1 0.097697 0.451408 0.097697 0.335497 0.087813 0.335497 0.087813 0.451408
3 0.097697 0.261484 0.188401 0.261484 0.178199 0.247462 0.087813 0.247462
1 0.153609 0.261484 0.171538 0.261484 0.171538 0.247462 0.153609 0.247462
3 0.188401 0.261484 0.188401 0.112756 0.178199 0.098267 0.178199 0.247462
1 0.188401 0.234225 0.188401 0.117786 0.178199 0.117786 0.178199 0.234225
3 0.188401 0.112756 0.486238 0.112756 0.495523 0.098267 0.178199 0.098267
1 0.448954 0.112756 0.468201 0.112756 0.468201 0.098267 0.448954 0.098267
1 0.333549 0.112756 0.417133 0.112756 0.417133 0.098267 0.333549 0.098267
1 0.222307 0.112756 0.305891 0.112756 0.305891 0.098267 0.222307 0.098267
3 0.486238 0.112756 0.486238 0.203507 0.495523 0.189018 0.495523 0.098267
2 0.486238 0.145166 0.486238 0.187195 0.495523 0.187195 0.495523 0.145166
3 0.629972 0.459228 0.423390 0.459228 0.433274 0.473241 0.639257 0.473241
2 0.466535 0.459228 0.437272 0.459228 0.437272 0.473241 0.466535 0.473241
1 0.485618 0.459228 0.467695 0.459228 0.467695 0.473241 0.485618 0.473241
1 0.523154 0.459228 0.504200 0.459228 0.504200 0.473241 0.523154 0.473241
1 0.625155 0.459228 0.580003 0.459228 0.580003 0.473241 0.625155 0.473241
3 0.423390 0.459228 0.423390 0.633149 0.433274 0.648573 0.433274 0.473241
1 0.423390 0.493451 0.423390 0.579271 0.433274 0.579271 0.433274 0.493451
3 0.423390 0.633149 0.188233 0.633149 0.177301 0.648573 0.433274 0.648573
1 0.264488 0.633149 0.189518 0.633149 0.189518 0.648573 0.264488 0.648573
1 0.350771 0.633149 0.332973 0.633149 0.332973 0.648573 0.350771 0.648573
3 0.188233 0.633149 0.188233 0.459051 0.177301 0.473540 0.177301 0.648573
1 0.188233 0.625638 0.188233 0.480439 0.177301 0.480439 0.177301 0.625638
3 0.177301 0.261484 0.424785 0.261484 0.428380 0.255875 0.177301 0.255875
2 0.246700 0.261484 0.285979 0.261484 0.285979 0.255875 0.246700 0.255875
2 0.330835 0.261484 0.360799 0.261484 0.360799 0.255875 0.330835 0.255875
3 0.428380 0.261484 0.428380 0.098267 0.424785 0.098267 0.424785 0.261484
2 0.428380 0.181867 0.428380 0.146194 0.424785 0.146194 0.424785 0.181867
3 0.486238 0.189018 0.486238 0.323583 0.489832 0.329192 0.489832 0.189018
2 0.486238 0.228677 0.486238 0.265751 0.489832 0.265751 0.489832 0.228677
3 0.486238 0.323583 0.428380 0.323583 0.424785 0.329192 0.489832 0.329192
2 0.470950 0.323583 0.448274 0.323583 0.448274 0.329192 0.470950 0.329192
3 0.424785 0.261484 0.424785 0.329192 0.428380 0.323583 0.428380 0.255875
3 0.374975 0.255875 0.374975 0.300554 0.378569 0.298353 0.378569 0.255875
3 0.374975 0.300554 0.392524 0.330043 0.394070 0.324396 0.378569 0.298353
2 0.376841 0.303690 0.390808 0.327159 0.393441 0.323345 0.379474 0.299876
3 0.392524 0.330043 0.428380 0.329192 0.428323 0.323583 0.394070 0.324396
3 0.486238 0.302195 0.639257 0.302195 0.639257 0.296586 0.486238 0.296586
3 0.562735 0.203507 0.562735 0.302195 0.566330 0.302195 0.566330 0.189018
2 0.562735 0.210701 0.562735 0.242166 0.566330 0.242166 0.566330 0.210701
3 0.628573 0.204596 0.628573 0.302195 0.639257 0.302195 0.639257 0.189018
1 0.628573 0.210953 0.628573 0.240614 0.639257 0.240614 0.639257 0.210953
3 0.629972 0.302195 0.629972 0.459228 0.639257 0.473241 0.639257 0.302195
1 0.629972 0.413530 0.629972 0.457251 0.639257 0.457251 0.639257 0.413530
3 0.486238 0.203507 0.562735 0.203507 0.562735 0.189018 0.495523 0.189018
1 0.498716 0.203507 0.536282 0.203507 0.536282 0.189018 0.498716 0.189018
3 0.562735 0.204596 0.628573 0.204596 0.639257 0.189018 0.562735 0.189018
1 0.608167 0.204596 0.626710 0.204596 0.626710 0.189018 0.608167 0.189018
3 0.530270 0.296586 0.530270 0.473241 0.533865 0.473241 0.533865 0.296586
2 0.530270 0.336147 0.530270 0.377133 0.533865 0.377133 0.533865 0.336147
3 0.423390 0.474709 0.423390 0.418396 0.426984 0.420817 0.426984 0.474709
3 0.423390 0.418396 0.450379 0.378657 0.451808 0.384266 0.426984 0.420817
2 0.426454 0.413885 0.446923 0.383747 0.449391 0.387823 0.428922 0.417966
3 0.450379 0.378657 0.533865 0.378657 0.533865 0.384266 0.451808 0.384266
2 0.490871 0.378657 0.513650 0.378657 0.513650 0.384266 0.490871 0.384266
1 0.452856 0.378657 0.486049 0.378657 0.486049 0.384266 0.452856 0.384266
3 0.486319 0.378657 0.486319 0.473241 0.489913 0.473241 0.489913 0.378657
3 0.433274 0.459228 0.248060 0.459228 0.248060 0.464837 0.433274 0.464837
2 0.361215 0.459228 0.320999 0.459228 0.320999 0.464837 0.361215 0.464837
3 0.315461 0.098267 0.315574 0.261484 0.319237 0.261479 0.319124 0.098262
2 0.315485 0.133439 0.315517 0.181310 0.319181 0.181306 0.319148 0.133434
1 0.315517 0.181867 0.315544 0.218829 0.319208 0.218824 0.319181 0.181862
0 0.930887 0.557098 0.993595 0.557098 0.993595 0.470488 0.930887 0.470488 0.930887 0.557098 0.930887 0.557098
0 0.743190 0.245471 0.743190 0.096762 0.675235 0.096762 0.675139 0.245471 0.743190 0.245471 0.743190 0.245471
0 0.926625 0.298689 0.871004 0.298689 0.871004 0.455998 0.684424 0.455998 0.684424 0.259960 0.845476 0.259960 0.845545 0.259876 0.866637 0.225714 0.926625 0.225714
0 0.983414 0.455998 0.874000 0.455998 0.874000 0.303363 0.929620 0.303363 0.929620 0.225714 0.983414 0.225714
0 0.883333 0.219170 0.864855 0.219170 0.843694 0.253417 0.752475 0.253417 0.752475 0.111251 0.883333 0.111251
0 0.941817 0.219170 0.887526 0.219170 0.887526 0.111251 0.941817 0.111251
0 0.983414 0.219170 0.946010 0.219170 0.946010 0.111251 0.983414 0.111251
3 0.752475 0.111251 0.983414 0.111251 0.992699 0.096762 0.743190 0.096762
1 0.774981 0.111251 0.803705 0.111251 0.803705 0.096762 0.774981 0.096762
1 0.946663 0.111251 0.965311 0.111251 0.965311 0.096762 0.946663 0.096762
1 0.888149 0.111251 0.915381 0.111251 0.915381 0.096762 0.888149 0.096762
3 0.983414 0.111251 0.983414 0.455998 0.992699 0.470488 0.992699 0.096762
1 0.983414 0.407398 0.983414 0.449427 0.992699 0.449427 0.992699 0.407398
1 0.983414 0.251986 0.983414 0.295745 0.992699 0.295745 0.992699 0.251986
3 0.983414 0.455998 0.684424 0.455998 0.675139 0.470488 0.992699 0.470488
2 0.959081 0.455998 0.933667 0.455998 0.933667 0.470488 0.959081 0.470488
1 0.979556 0.455998 0.962214 0.455998 0.962214 0.470488 0.979556 0.470488
1 0.930537 0.455998 0.894645 0.455998 0.894645 0.470488 0.930537 0.470488
1 0.781172 0.455998 0.746078 0.455998 0.746078 0.470488 0.781172 0.470488
1 0.818418 0.455998 0.785986 0.455998 0.785986 0.470488 0.818418 0.470488
1 0.858580 0.455998 0.823740 0.455998 0.823740 0.470488 0.858580 0.470488
3 0.684424 0.455998 0.684424 0.259960 0.675139 0.245471 0.675139 0.470488
1 0.684424 0.308201 0.684424 0.263774 0.675139 0.263774 0.675139 0.308201
3 0.684424 0.259960 0.752475 0.259960 0.743190 0.245471 0.675139 0.245471
1 0.687926 0.259960 0.716620 0.259960 0.716620 0.245471 0.687926 0.245471
3 0.752475 0.259960 0.752475 0.111251 0.743190 0.096762 0.743190 0.245471
2 0.752475 0.229612 0.752475 0.187218 0.743190 0.187218 0.743190 0.229612
1 0.752475 0.182138 0.752475 0.115009 0.743190 0.115009 0.743190 0.182138
3 0.743190 0.259960 0.845476 0.259960 0.843694 0.253417 0.743190 0.253417
3 0.845476 0.259960 0.866637 0.225714 0.864855 0.219170 0.843694 0.253417
2 0.847426 0.256810 0.865278 0.227915 0.862261 0.223372 0.844407 0.252267
3 0.866637 0.225714 0.992699 0.225714 0.992699 0.219170 0.864855 0.219170
2 0.961388 0.225714 0.981638 0.225714 0.981638 0.219170 0.961388 0.219170
2 0.901316 0.225714 0.921563 0.225714 0.921563 0.219170 0.901316 0.219170
3 0.941817 0.096762 0.941817 0.225714 0.946010 0.225714 0.946010 0.096762
3 0.883333 0.096762 0.883333 0.225714 0.887526 0.225714 0.887526 0.096762
3 0.926625 0.219170 0.926625 0.298689 0.929620 0.303363 0.929620 0.219170
1 0.926625 0.245494 0.926625 0.298152 0.929620 0.298152 0.929620 0.245494
3 0.926625 0.298689 0.871004 0.298689 0.874000 0.303363 0.929620 0.303363
2 0.924828 0.298689 0.898785 0.298689 0.898785 0.303363 0.924828 0.303363
3 0.871004 0.298689 0.871004 0.470488 0.874000 0.470488 0.874000 0.303363
