0 0.291415 0.621996 0.073040 0.621996 0.073040 0.434582 0.199935 0.434582 0.237762 0.396494 0.237762 0.394422 0.291415 0.394422
0 0.344413 0.451876 0.368722 0.451876 0.368722 0.459806 0.453454 0.459806 0.453454 0.720729 0.305428 0.720729 0.305428 0.621996 0.291415 0.621996 0.291415 0.456923 0.297366 0.457273 0.297366 0.400743 0.344413 0.400743
0 0.327182 0.217456 0.453454 0.217456 0.453454 0.357014 0.327182 0.357014
0 0.374673 0.453972 0.374673 0.394422 0.327182 0.394422 0.327182 0.362849 0.453454 0.362849 0.453454 0.453972
0 0.230438 0.394490 0.197381 0.427775 0.073040 0.427775 0.073040 0.217456 0.230438 0.217456
0 0.320773 0.394422 0.237762 0.394422 0.237762 0.217456 0.320773 0.217456
3 0.073040 0.621996 0.305428 0.621996 0.290779 0.637555 0.058391 0.637555
1 0.108002 0.621996 0.152050 0.621996 0.152050 0.637555 0.108002 0.637555
1 0.154715 0.621996 0.198191 0.621996 0.198191 0.637555 0.154715 0.637555
1 0.200809 0.621996 0.245297 0.621996 0.245297 0.637555 0.200809 0.637555
3 0.305428 0.621996 0.305428 0.720729 0.290779 0.736287 0.290779 0.637555
3 0.305428 0.720729 0.453454 0.720729 0.467646 0.736287 0.290779 0.736287
2 0.354265 0.720729 0.390458 0.720729 0.390458 0.736287 0.354265 0.736287
1 0.401935 0.720729 0.447851 0.720729 0.447851 0.736287 0.401935 0.736287
3 0.453454 0.720729 0.453454 0.217456 0.467646 0.201898 0.467646 0.736287
1 0.453454 0.308526 0.453454 0.263067 0.467646 0.263067 0.467646 0.308526
1 0.453454 0.430362 0.453454 0.385238 0.467646 0.385238 0.467646 0.430362
3 0.453454 0.217456 0.073040 0.217456 0.058391 0.201898 0.467646 0.201898
3 0.073040 0.217456 0.073040 0.621996 0.058391 0.637555 0.058391 0.201898
1 0.073040 0.452844 0.073040 0.531112 0.058391 0.531112 0.058391 0.452844
1 0.073040 0.317705 0.073040 0.395103 0.058391 0.395103 0.058391 0.317705
3 0.237762 0.217456 0.237762 0.396494 0.230438 0.394490 0.230438 0.217456
3 0.237762 0.396494 0.199935 0.434582 0.197381 0.427775 0.230438 0.394490
2 0.231948 0.402352 0.205612 0.428869 0.201203 0.423925 0.227535 0.397412
3 0.199935 0.434582 0.073040 0.434582 0.073040 0.427775 0.197381 0.427775
3 0.327182 0.217456 0.327182 0.400743 0.320773 0.394422 0.320773 0.217456
2 0.327182 0.259094 0.327182 0.293488 0.320773 0.293488 0.320773 0.259094
3 0.327182 0.394422 0.344413 0.394422 0.344413 0.400743 0.327182 0.400743
3 0.344413 0.394422 0.374673 0.394422 0.368722 0.451876 0.344413 0.451876
3 0.374673 0.394422 0.374673 0.453972 0.368722 0.459806 0.368722 0.451876
3 0.368722 0.459806 0.453454 0.459806 0.453454 0.453972 0.374673 0.453972
3 0.453454 0.357014 0.327182 0.357014 0.327182 0.362849 0.453454 0.362849
2 0.410916 0.357014 0.379691 0.357014 0.379691 0.362849 0.410916 0.362849
3 0.327182 0.400743 0.297366 0.400743 0.291415 0.394422 0.320773 0.394422
3 0.297366 0.400743 0.297366 0.456923 0.291415 0.456923 0.291415 0.394422
0 0.976081 0.473113 0.932462 0.473113 0.889737 0.453135 0.889737 0.405240 0.976081 0.405240
0 0.922789 0.677977 0.976081 0.677977 0.976081 0.731391 0.816610 0.731391 0.816610 0.643141 0.825784 0.643141 0.825784 0.638279 0.922789 0.638279
0 0.976081 0.400864 0.813291 0.400864 0.813291 0.215230 0.976081 0.215230
0 0.812489 0.511464 0.812489 0.624321 0.816610 0.624321 0.816610 0.632445 0.806996 0.632445 0.806996 0.511464
0 0.867323 0.456558 0.885351 0.456558 0.885351 0.456607 0.931176 0.477975 0.976081 0.477975 0.976081 0.672143 0.928283 0.672143 0.928283 0.632445 0.808255 0.632445 0.808255 0.405342 0.867323 0.405342
0 0.808255 0.632445 0.585014 0.632445 0.585014 0.405342 0.808255 0.405342
0 0.808255 0.405342 0.585014 0.405342 0.585014 0.215230 0.808255 0.215230
0 0.574942 0.550351 0.525011 0.550351 0.525011 0.783428 0.752034 0.783428 0.812764 0.811166 0.812764 1.000000 0.948847 1.000000 0.948865 0.810631 0.980636 0.810636 0.980658 0.752147 0.976081 0.752147 0.976081 0.742087 0.806538 0.742087 0.806538 0.643141 0.574942 0.643141 0.574942 0.550351 0.574942 0.550351
3 0.585014 0.632445 0.816610 0.632445 0.806538 0.643141 0.574942 0.643141
1 0.623999 0.632445 0.669078 0.632445 0.669078 0.643141 0.623999 0.643141
1 0.671614 0.632445 0.714568 0.632445 0.714568 0.643141 0.671614 0.643141
1 0.717301 0.632445 0.761574 0.632445 0.761574 0.643141 0.717301 0.643141
3 0.816610 0.632445 0.816610 0.731391 0.806538 0.742087 0.806538 0.643141
1 0.816610 0.661933 0.816610 0.712682 0.806538 0.712682 0.806538 0.661933
3 0.816610 0.731391 0.976081 0.731391 0.986152 0.742087 0.806538 0.742087
2 0.874149 0.731391 0.916202 0.731391 0.916202 0.742087 0.874149 0.742087
1 0.829226 0.731391 0.856570 0.731391 0.856570 0.742087 0.829226 0.742087
3 0.976081 0.731391 0.976081 0.215230 0.986152 0.204533 0.986152 0.742087
1 0.976081 0.342098 0.976081 0.264044 0.986152 0.264044 0.986152 0.342098
1 0.976081 0.591157 0.976081 0.541852 0.986152 0.541852 0.986152 0.591157
3 0.976081 0.215230 0.585014 0.215230 0.574942 0.204533 0.986152 0.204533
1 0.717201 0.215230 0.671371 0.215230 0.671371 0.204533 0.717201 0.204533
3 0.585014 0.215230 0.585014 0.632445 0.574942 0.643141 0.574942 0.204533
1 0.585014 0.262629 0.585014 0.340994 0.574942 0.340994 0.574942 0.262629
1 0.585014 0.457161 0.585014 0.536013 0.574942 0.536013 0.574942 0.457161
3 0.813291 0.215230 0.813291 0.400864 0.808255 0.405342 0.808255 0.215230
2 0.813291 0.325105 0.813291 0.363967 0.808255 0.363967 0.808255 0.325105
3 0.808255 0.405342 0.867323 0.405342 0.867323 0.400864 0.813291 0.400864
3 0.867323 0.400864 0.889737 0.400864 0.889737 0.456558 0.867323 0.456558
3 0.889737 0.400864 0.976081 0.400864 0.976081 0.405240 0.889737 0.405240
3 0.932462 0.473113 0.976081 0.473113 0.976081 0.477975 0.931176 0.477975
3 0.887242 0.452027 0.932462 0.473113 0.931176 0.477975 0.885351 0.456607
2 0.894058 0.455207 0.927138 0.470629 0.925248 0.475209 0.892163 0.459787
3 0.816610 0.632445 0.825784 0.632445 0.825784 0.643141 0.816610 0.643141
3 0.825784 0.632445 0.928283 0.632445 0.922789 0.638279 0.825784 0.638279
2 0.839833 0.632445 0.919800 0.632445 0.919800 0.638279 0.839833 0.638279
3 0.928283 0.632445 0.928283 0.672143 0.922789 0.677977 0.922789 0.638279
3 0.928283 0.672143 0.976081 0.672143 0.976081 0.677977 0.922789 0.677977
3 0.816610 0.632445 0.816610 0.624321 0.806996 0.624321 0.806996 0.632445
3 0.806996 0.624321 0.806996 0.511464 0.812489 0.511464 0.812489 0.624321
3 0.574942 0.643141 0.574942 0.652262 0.585014 0.652262 0.585014 0.643141
3 0.574942 0.643141 0.564381 0.643141 0.564381 0.632445 0.574942 0.632445
3 0.806538 0.742087 0.806538 0.751315 0.816610 0.751315 0.816610 0.742087
3 0.806538 0.742087 0.797900 0.742087 0.797900 0.731391 0.806538 0.731391
3 0.986152 0.742087 0.986152 0.752147 0.976081 0.752147 0.976081 0.742087
3 0.986152 0.742087 0.994960 0.742087 0.994960 0.731391 0.986152 0.731391
3 0.574942 0.204533 0.574942 0.194566 0.584556 0.194566 0.584556 0.204533
3 0.574942 0.204533 0.565649 0.204533 0.565649 0.214743 0.574942 0.214743
3 0.986152 0.204533 0.986152 0.195427 0.976538 0.195427 0.976538 0.204533
3 0.986152 0.204533 0.995422 0.204533 0.995422 0.214743 0.986152 0.214743
