0 0.509395 0.305373 0.327270 0.305373 0.328137 0.053395 0.509395 0.053395
0 0.983526 0.305373 0.810757 0.305373 0.810757 0.053395 0.983526 0.053395
0 0.520666 0.305373 0.520666 0.053395 0.799485 0.053395 0.799485 0.305373
0 0.308923 0.843633 0.308879 0.842280 0.054850 0.843633 0.054850 0.048649 0.310570 0.048649
0 0.983526 0.835161 0.520666 0.835161 0.520666 0.320799 0.983526 0.320799
0 0.509395 0.626386 0.327270 0.626386 0.327270 0.320799 0.509395 0.320799
0 0.509395 0.835161 0.326403 0.835161 0.327270 0.641811 0.509395 0.641811
3 0.310570 0.033224 1.000000 0.033224 0.983526 0.053395 0.310570 0.053395
1 0.868580 0.033224 0.949087 0.033224 0.949087 0.053395 0.868580 0.053395
1 0.699141 0.033224 0.778069 0.033224 0.778069 0.053395 0.699141 0.053395
3 0.983526 0.053395 0.983526 0.835161 1.000000 0.857706 1.000000 0.033224
1 0.983526 0.490797 0.983526 0.671700 1.000000 0.671700 1.000000 0.490797
3 0.983526 0.835161 0.325440 0.835161 0.308923 0.857706 1.000000 0.857706
1 0.906462 0.835161 0.774280 0.835161 0.774280 0.857706 0.906462 0.857706
3 0.326472 0.320799 0.983526 0.320799 0.983526 0.305373 0.326472 0.305373
2 0.887465 0.320799 0.975185 0.320799 0.975185 0.305373 0.887465 0.305373
2 0.683118 0.320799 0.762895 0.320799 0.762895 0.305373 0.683118 0.305373
2 0.417712 0.320799 0.493579 0.320799 0.493579 0.305373 0.417712 0.305373
3 0.509395 0.053395 0.509395 0.835161 0.520666 0.835161 0.520666 0.053395
2 0.509395 0.679294 0.509395 0.779903 0.520666 0.779903 0.520666 0.679294
3 0.325830 0.641811 0.509395 0.641811 0.509395 0.626386 0.325830 0.626386
2 0.388588 0.641811 0.461672 0.641811 0.461672 0.626386 0.388588 0.626386
3 0.810757 0.305373 0.810757 0.053395 0.799485 0.053395 0.799485 0.305373
3 0.328076 0.033224 0.043578 0.033224 0.054850 0.048649 0.310570 0.048649
3 0.043578 0.033224 0.043578 0.859118 0.054850 0.843633 0.054850 0.048649
3 0.043578 0.859118 0.308923 0.857706 0.308879 0.842280 0.054850 0.843633
2 0.201894 0.858275 0.307327 0.857718 0.307284 0.842292 0.201850 0.842850
3 0.308923 0.857706 0.310570 0.048649 0.328076 0.033224 0.326403 0.857777
1 0.309668 0.491521 0.309859 0.398127 0.327339 0.398198 0.327148 0.491592
2 0.309010 0.816769 0.309235 0.703073 0.326715 0.703144 0.326481 0.816841
1 0.310163 0.250222 0.310345 0.159118 0.327825 0.159177 0.327634 0.250281
3 0.777913 0.320799 0.777913 0.359492 0.843271 0.359492 0.843271 0.320799
