0 0.271616 0.217298 0.271616 0.096515 0.447946 0.096515 0.447946 0.066753 0.999127 0.066753 0.999203 0.333079 0.949087 0.333079 0.949087 0.141792 0.447827 0.141792 0.447827 0.217322 0.271616 0.217298 0.271616 0.217298
0 0.791485 0.572064 0.641202 0.572064 0.640978 0.574823 0.568898 0.574823 0.568898 0.356581 0.569270 0.356581 0.569270 0.163575 0.791485 0.163575
0 0.791485 0.572790 0.977254 0.572790 0.977254 0.813299 0.640978 0.813299 0.640978 0.574823 0.641202 0.572064 0.791485 0.572064
0 0.568898 0.574823 0.381883 0.574823 0.381883 0.713758 0.282877 0.713758 0.282877 0.428739 0.461469 0.428739 0.461469 0.428465 0.495658 0.428465 0.495658 0.417977 0.461469 0.417977 0.461469 0.356581 0.568898 0.356581
0 0.569270 0.356581 0.461469 0.356581 0.461665 0.253628 0.461665 0.163575 0.569270 0.163575
0 0.927137 0.370191 0.977254 0.370191 0.977254 0.560688 0.798642 0.560688 0.798642 0.163575 0.927137 0.163575
0 0.349064 0.418251 0.282877 0.418251 0.282877 0.253628 0.349064 0.253628
0 0.452413 0.418251 0.355577 0.418251 0.355100 0.253628 0.452413 0.253628
0 0.288665 0.846377 0.454092 0.846393 0.454049 0.989508 0.288665 0.989508 0.288665 0.846377
0 0.276673 0.533346 0.094187 0.533346 0.094187 0.253628 0.276673 0.253628
0 0.276673 0.543834 0.276673 0.713758 0.276755 0.714001 0.276673 0.724247 0.276673 0.813299 0.094187 0.813299 0.094187 0.543834
0 0.634298 0.813299 0.464222 0.813299 0.464222 0.586118 0.634298 0.586118
0 0.454188 0.813299 0.361575 0.813299 0.361575 0.724247 0.388563 0.724247 0.388563 0.683222 0.454188 0.683222
0 0.355372 0.813299 0.282877 0.813299 0.282877 0.724247 0.355372 0.724247
0 0.454188 0.672734 0.388563 0.672734 0.388563 0.586118 0.454188 0.586118
3 0.094187 0.253628 0.461665 0.253628 0.447827 0.217322 0.074624 0.217322
2 0.315228 0.253628 0.344779 0.253628 0.344779 0.217322 0.315228 0.217322
1 0.372011 0.253628 0.414096 0.253628 0.414096 0.217322 0.372011 0.217322
1 0.416749 0.253628 0.432658 0.253628 0.432658 0.217322 0.416749 0.217322
1 0.214590 0.253628 0.230498 0.253628 0.230498 0.217322 0.214590 0.217322
1 0.143006 0.253628 0.211273 0.253628 0.211273 0.217322 0.143006 0.217322
3 0.461665 0.253628 0.461665 0.163575 0.447827 0.141792 0.447827 0.217322
3 0.461665 0.163575 0.927137 0.163575 0.949087 0.141792 0.447827 0.141792
1 0.829343 0.163575 0.891794 0.163575 0.891794 0.141792 0.829343 0.141792
1 0.684528 0.163575 0.754676 0.163575 0.754676 0.141792 0.684528 0.141792
1 0.756485 0.163575 0.771420 0.163575 0.771420 0.141792 0.756485 0.141792
3 0.927137 0.163575 0.927137 0.370191 0.949087 0.333079 0.949087 0.141792
2 0.927137 0.256629 0.927137 0.330869 0.949087 0.330869 0.949087 0.256629
3 0.927137 0.370191 0.977254 0.370191 0.999203 0.333079 0.949087 0.333079
3 0.977254 0.370191 0.977254 0.813299 0.999203 0.846377 0.999203 0.333079
1 0.977254 0.627094 0.977254 0.735082 0.999203 0.735082 0.999203 0.627094
1 0.977254 0.409610 0.977254 0.510103 0.999203 0.510103 0.999203 0.409610
3 0.977254 0.813299 0.094187 0.813299 0.074624 0.846377 0.999203 0.846377
2 0.331752 0.813299 0.290067 0.813299 0.290067 0.846377 0.331752 0.846377
1 0.351583 0.813299 0.336576 0.813299 0.336576 0.846377 0.351583 0.846377
1 0.577902 0.813299 0.511075 0.813299 0.511075 0.846377 0.577902 0.846377
1 0.595146 0.813299 0.580416 0.813299 0.580416 0.846377 0.595146 0.846377
1 0.952580 0.813299 0.889599 0.813299 0.889599 0.846377 0.952580 0.846377
3 0.094187 0.813299 0.094187 0.253628 0.074624 0.217322 0.074624 0.846377
1 0.094187 0.640616 0.094187 0.616921 0.074624 0.616921 0.074624 0.640616
1 0.094187 0.756703 0.094187 0.645352 0.074624 0.645352 0.074624 0.756703
3 0.640978 0.813299 0.640978 0.574823 0.634298 0.586118 0.634298 0.813299
3 0.640978 0.574823 0.381883 0.574823 0.388563 0.586118 0.634298 0.586118
2 0.448920 0.574823 0.414788 0.574823 0.414788 0.586118 0.448920 0.586118
2 0.508560 0.574823 0.468321 0.574823 0.468321 0.586118 0.508560 0.586118
3 0.381883 0.574823 0.381883 0.713758 0.388563 0.724247 0.388563 0.586118
3 0.381883 0.713758 0.276673 0.713758 0.282877 0.724247 0.388563 0.724247
1 0.350510 0.713758 0.337159 0.713758 0.337159 0.724247 0.350510 0.724247
2 0.332797 0.713758 0.291723 0.713758 0.291723 0.724247 0.332797 0.724247
3 0.282877 0.713758 0.282877 0.253628 0.276673 0.253628 0.276673 0.713758
2 0.282877 0.526376 0.282877 0.461745 0.276673 0.461745 0.276673 0.526376
2 0.282877 0.610934 0.282877 0.548070 0.276673 0.548070 0.276673 0.610934
3 0.276673 0.713758 0.276673 0.813299 0.282877 0.813299 0.282877 0.724247
3 0.355372 0.724247 0.355372 0.813299 0.361575 0.813299 0.361575 0.724247
2 0.355372 0.725416 0.355372 0.775768 0.361575 0.775768 0.361575 0.725416
3 0.388563 0.683222 0.454188 0.683222 0.464222 0.672734 0.388563 0.672734
3 0.454188 0.672734 0.454188 0.586118 0.464222 0.586118 0.464222 0.672734
3 0.464222 0.672734 0.464222 0.813299 0.454188 0.813299 0.454188 0.683222
3 0.276673 0.533346 0.094187 0.533346 0.094187 0.543834 0.276673 0.543834
3 0.282877 0.428739 0.461469 0.428739 0.452413 0.418251 0.282877 0.418251
2 0.317108 0.428739 0.346334 0.428739 0.346334 0.418251 0.317108 0.418251
3 0.461469 0.428739 0.461665 0.253628 0.452599 0.253595 0.452413 0.418251
2 0.461579 0.328263 0.461646 0.270570 0.452580 0.270538 0.452513 0.328230
2 0.461488 0.411167 0.461545 0.362027 0.452479 0.361994 0.452422 0.411143
3 0.461550 0.356468 0.493291 0.356468 0.493291 0.337638 0.461550 0.337638
3 0.493291 0.356468 0.569098 0.356468 0.561941 0.344366 0.493291 0.344366
3 0.561941 0.344366 0.561941 0.163575 0.569098 0.163575 0.569098 0.356468
3 0.556463 0.163575 0.556463 0.275669 0.563620 0.275669 0.563620 0.163575
3 0.355267 0.418251 0.355267 0.253628 0.349064 0.253628 0.349064 0.418251
2 0.355267 0.318815 0.355267 0.264172 0.349064 0.264172 0.349064 0.318815
3 0.288665 0.846377 0.288665 0.989508 0.282461 0.999996 0.282461 0.846377
2 0.288665 0.853840 0.288665 0.915446 0.282461 0.915446 0.282461 0.853840
1 0.288665 0.918164 0.288665 0.985458 0.282461 0.985458 0.282461 0.918164
3 0.288665 0.989508 0.454049 0.989508 0.460243 0.999996 0.282461 0.999996
1 0.291437 0.989508 0.367869 0.989508 0.367869 0.999996 0.291437 0.999996
1 0.372325 0.989508 0.452899 0.989508 0.452899 0.999996 0.372325 0.999996
3 0.454049 0.989508 0.454188 0.846377 0.460391 0.846393 0.460243 0.999996
1 0.454054 0.986426 0.454183 0.850960 0.460386 0.850976 0.460257 0.986442
3 0.791485 0.163575 0.791485 0.572790 0.798642 0.560688 0.798642 0.163575
2 0.791485 0.474984 0.791485 0.551773 0.798642 0.551773 0.798642 0.474984
3 0.791485 0.572790 0.977254 0.572790 0.977254 0.560688 0.798642 0.560688
3 0.461235 0.428465 0.495658 0.428465 0.495658 0.417977 0.461235 0.417977
