0 0.838792 0.786333 0.838792 0.882885 0.567189 0.882885 0.567189 0.999448 0.306731 1.000000 0.306731 0.630193 0.555147 0.630193 0.555147 0.786333 0.838792 0.786333 0.838792 0.786333
0 0.609921 0.191409 0.444654 0.191409 0.444654 0.133837 0.440180 0.133837 0.440180 0.092980 0.605793 0.092980 0.636138 0.151582 0.609921 0.191409 0.609921 0.191409
0 0.845898 0.670730 0.715673 0.670730 0.715673 0.575917 0.739591 0.576444 0.740199 0.451859 0.740199 0.408190 0.845975 0.408190 0.845898 0.670730 0.845898 0.670730
0 0.766010 0.213278 0.805940 0.213278 0.805940 0.408435 0.740215 0.408435 0.740199 0.451859 0.568179 0.451376 0.568179 0.212123 0.615393 0.212123 0.641610 0.172296 0.741314 0.172296
0 0.740199 0.451859 0.740199 0.576601 0.716237 0.576224 0.716237 0.576117 0.711370 0.576117 0.711370 0.767200 0.568179 0.767200 0.568179 0.451376
0 0.563312 0.439380 0.568179 0.439380 0.568179 0.498195 0.434072 0.498195 0.434072 0.424334 0.375980 0.424334 0.375980 0.357937 0.434072 0.357937 0.434072 0.212123 0.563312 0.212123
0 0.297808 0.983052 0.208872 0.983052 0.208872 0.630193 0.297808 0.630193
0 0.988238 0.401530 0.810402 0.401530 0.810402 0.213278 0.988238 0.213278
0 0.988238 0.864010 0.851220 0.864010 0.851220 0.614608 0.988238 0.614608
0 0.988238 0.605839 0.851220 0.605839 0.851220 0.408435 0.988238 0.408435
0 0.427989 0.160313 0.427989 0.268045 0.277432 0.268045 0.277432 0.159930
0 0.345156 0.613246 0.273376 0.613246 0.273376 0.403451 0.345156 0.403451
0 0.427989 0.613246 0.350429 0.613246 0.350429 0.432959 0.427989 0.432959
0 0.345156 0.394368 0.273376 0.394368 0.273376 0.276205 0.345156 0.276205
0 0.563312 0.613246 0.496013 0.613246 0.496013 0.505809 0.563312 0.505809
0 0.427989 0.349777 0.350429 0.349777 0.350429 0.276205 0.427989 0.276205
0 0.489929 0.613246 0.434072 0.613246 0.434072 0.505809 0.489929 0.505809
0 0.845947 0.767200 0.778531 0.767200 0.778531 0.678262 0.845947 0.678262
0 0.773664 0.767200 0.716237 0.767200 0.716237 0.678262 0.773664 0.678262
3 0.259586 0.133366 0.259586 0.268045 0.277432 0.268045 0.277432 0.159930
3 0.259586 0.268045 0.259586 0.613246 0.273376 0.630193 0.273376 0.268045
2 0.259586 0.507787 0.259586 0.566589 0.273376 0.566589 0.273376 0.507787
1 0.259586 0.421817 0.259586 0.493695 0.273376 0.493695 0.273376 0.421817
1 0.259586 0.287629 0.259586 0.325554 0.273376 0.325554 0.273376 0.287629
3 0.555147 0.630193 0.555147 0.786333 0.568179 0.767200 0.568179 0.613246
1 0.555147 0.691632 0.555147 0.726519 0.568179 0.726519 0.568179 0.691632
3 0.555147 0.786333 0.838792 0.786333 0.851220 0.767200 0.568179 0.767200
2 0.797954 0.786333 0.835244 0.786333 0.835244 0.767200 0.797954 0.767200
1 0.778851 0.786333 0.798189 0.786333 0.798189 0.767200 0.778851 0.767200
1 0.741456 0.786333 0.767122 0.786333 0.767122 0.767200 0.741456 0.767200
1 0.645394 0.786333 0.667028 0.786333 0.667028 0.767200 0.645394 0.767200
1 0.593353 0.786333 0.640575 0.786333 0.640575 0.767200 0.593353 0.767200
3 0.838792 0.786333 0.838792 0.882885 0.851220 0.864010 0.851220 0.767200
1 0.838792 0.827045 0.838792 0.861104 0.851220 0.861104 0.851220 0.827045
3 0.838792 0.882885 1.000000 0.882885 0.988238 0.864010 0.851220 0.864010
1 0.854720 0.882885 0.901954 0.882885 0.901954 0.864010 0.854720 0.864010
3 1.000000 0.882885 1.000000 0.193192 0.988238 0.213278 0.988238 0.864010
1 1.000000 0.474261 1.000000 0.441772 0.988238 0.441772 0.988238 0.474261
1 1.000000 0.551832 1.000000 0.482152 0.988238 0.482152 0.988238 0.551832
1 1.000000 0.686906 1.000000 0.652602 0.988238 0.652602 0.988238 0.686906
3 1.000000 0.193192 0.772325 0.193192 0.766010 0.213278 0.988238 0.213278
1 0.860617 0.193192 0.840678 0.193192 0.840678 0.213278 0.860617 0.213278
1 0.913428 0.193192 0.867504 0.193192 0.867504 0.213278 0.913428 0.213278
3 0.766010 0.213278 0.741314 0.172296 0.747252 0.151582 0.772325 0.193192
1 0.757307 0.198835 0.742726 0.174644 0.752582 0.160420 0.767158 0.184618
3 0.741314 0.172296 0.641610 0.172296 0.636138 0.151582 0.747252 0.151582
1 0.687664 0.172296 0.644664 0.172296 0.644664 0.151582 0.687664 0.151582
1 0.738601 0.172296 0.693614 0.172296 0.693614 0.151582 0.738601 0.151582
3 0.641610 0.172296 0.615393 0.212123 0.609921 0.191409 0.636138 0.151582
1 0.638738 0.176652 0.622572 0.201214 0.613194 0.186432 0.629361 0.161870
3 0.615393 0.212123 0.427989 0.212123 0.444654 0.191409 0.609921 0.191409
2 0.488554 0.212123 0.451139 0.212123 0.451139 0.191409 0.488554 0.191409
1 0.541434 0.212123 0.496346 0.212123 0.496346 0.191409 0.541434 0.191409
3 0.427989 0.212123 0.427989 0.160313 0.444654 0.133837 0.444654 0.191409
1 0.427989 0.191014 0.427989 0.160690 0.444654 0.160690 0.444654 0.191014
3 0.444654 0.133837 0.259586 0.133366 0.277432 0.159930 0.427989 0.160313
1 0.427924 0.133793 0.384173 0.133687 0.384145 0.160200 0.427895 0.160313
3 0.273376 0.630193 0.208872 0.630193 0.197921 0.613246 0.259586 0.613246
3 0.197921 0.613246 0.197921 1.000000 0.208872 0.983052 0.208872 0.630193
1 0.197921 0.708335 0.197921 0.783903 0.208872 0.783903 0.208872 0.708335
1 0.197921 0.919178 0.197921 0.982707 0.208872 0.982707 0.208872 0.919178
3 0.197921 1.000000 0.306731 1.000000 0.297808 0.983052 0.208872 0.983052
3 0.259586 0.630193 0.297808 0.630193 0.297808 0.613246 0.259586 0.613246
3 0.306731 0.630193 0.555147 0.630193 0.568179 0.613246 0.297808 0.613246
2 0.513100 0.630193 0.551659 0.630193 0.551659 0.613246 0.513100 0.613246
1 0.496350 0.630193 0.513303 0.630193 0.513303 0.613246 0.496350 0.613246
1 0.458898 0.630193 0.482677 0.630193 0.482677 0.613246 0.458898 0.613246
1 0.386055 0.630193 0.409210 0.630193 0.409210 0.613246 0.386055 0.613246
3 0.306731 1.000000 0.306731 0.630193 0.297808 0.613246 0.297808 0.983052
2 0.306731 0.778292 0.306731 0.719138 0.297808 0.719138 0.297808 0.778292
3 0.805940 0.193192 0.805940 0.408435 0.810402 0.401530 0.810402 0.193192
3 0.805940 0.408435 1.000000 0.408435 1.000000 0.401530 0.810402 0.401530
2 0.812178 0.408435 0.844953 0.408435 0.844953 0.401530 0.812178 0.401530
3 0.851220 0.767200 0.851220 0.670730 0.845947 0.670730 0.845947 0.767200
3 0.851220 0.670730 0.716237 0.670730 0.711370 0.678262 0.845947 0.678262
2 0.836724 0.670730 0.797577 0.670730 0.797577 0.678262 0.836724 0.678262
2 0.772329 0.670730 0.741635 0.670730 0.741635 0.678262 0.772329 0.678262
1 0.797642 0.670730 0.778758 0.670730 0.778758 0.678262 0.797642 0.678262
3 0.711370 0.670730 0.711370 0.786333 0.716237 0.786333 0.716237 0.678262
3 0.773664 0.670730 0.773664 0.786333 0.778531 0.786333 0.778531 0.670730
3 0.711370 0.678262 0.711370 0.576117 0.716237 0.576117 0.716237 0.670730
3 0.851220 0.670730 0.851220 0.401530 0.845898 0.401530 0.845898 0.670730
2 0.851220 0.668803 0.851220 0.616459 0.845898 0.616459 0.845898 0.668803
2 0.851220 0.502118 0.851220 0.447948 0.845898 0.447948 0.845898 0.502118
3 0.845898 0.614608 1.000000 0.614608 1.000000 0.605839 0.845898 0.605839
3 0.568179 0.613246 0.568179 0.498195 0.563312 0.505809 0.563312 0.613246
3 0.427989 0.212123 0.427989 0.349777 0.434072 0.357937 0.434072 0.212123
2 0.427989 0.301005 0.427989 0.347567 0.434072 0.347567 0.434072 0.301005
2 0.427989 0.212983 0.427989 0.265565 0.434072 0.265565 0.434072 0.212983
3 0.434072 0.357937 0.375980 0.357937 0.350429 0.349777 0.427989 0.349777
3 0.350429 0.357937 0.350429 0.630193 0.345156 0.630193 0.345156 0.349777
2 0.350429 0.503342 0.350429 0.549786 0.345156 0.549786 0.345156 0.503342
3 0.259586 0.403451 0.350429 0.403451 0.350429 0.394368 0.259586 0.394368
3 0.259586 0.268045 0.434072 0.268045 0.434072 0.276205 0.259586 0.276205
2 0.314084 0.268045 0.343952 0.268045 0.343952 0.276205 0.314084 0.276205
3 0.345156 0.357937 0.345156 0.268045 0.350429 0.268045 0.350429 0.357937
3 0.427989 0.432959 0.345156 0.432959 0.345156 0.424334 0.434072 0.424334
3 0.434072 0.424334 0.434072 0.630193 0.427989 0.630193 0.427989 0.432959
2 0.434072 0.436443 0.434072 0.483451 0.427989 0.483451 0.427989 0.436443
3 0.568179 0.498195 0.427989 0.498195 0.427989 0.505809 0.563312 0.505809
2 0.553574 0.498195 0.514812 0.498195 0.514812 0.505809 0.553574 0.505809
1 0.514605 0.498195 0.496557 0.498195 0.496557 0.505809 0.514605 0.505809
3 0.489929 0.498195 0.489929 0.630193 0.496013 0.630193 0.496013 0.498195
2 0.489929 0.531193 0.489929 0.576375 0.496013 0.576375 0.496013 0.531193
3 0.568179 0.439380 0.568179 0.191409 0.563312 0.191409 0.563312 0.439380
3 0.614947 0.459391 0.735332 0.459391 0.740199 0.451859 0.614947 0.451859
3 0.740199 0.451859 0.740199 0.498967 0.735332 0.498967 0.735332 0.459391
3 0.350429 0.349777 0.350429 0.424554 0.375980 0.424554 0.375980 0.357937
