0 0.900523 0.340982 0.937547 0.340982 0.986488 0.302270 0.995682 0.311109 0.995817 0.035736 0.900523 0.035736 0.900523 0.340982 0.900523 0.340982
0 0.446761 0.499843 0.448465 0.499843 0.448465 0.554393 0.228286 0.554393 0.228286 0.232522 0.446761 0.232522
0 0.616676 0.347546 0.638546 0.347546 0.638546 0.463538 0.480642 0.463538 0.480642 0.499710 0.448465 0.499734 0.446761 0.499843 0.446761 0.305549 0.616676 0.305549
0 0.542260 0.814273 0.406613 0.814273 0.406613 0.734694 0.542307 0.734694 0.542260 0.814273 0.542260 0.814273
0 0.542117 0.986842 0.542117 0.814140 0.406464 0.814140 0.406464 0.734616 0.265053 0.734616 0.265053 0.820274 0.218244 0.820274 0.218244 0.986842 0.542117 0.986842 0.542117 0.986842
0 0.638546 0.622532 0.448465 0.622532 0.448465 0.499734 0.484716 0.499710 0.484716 0.468947 0.638546 0.468947
0 0.881511 0.562294 0.647019 0.562294 0.647019 0.347474 0.670172 0.347474 0.670172 0.308453 0.881511 0.308453
0 0.638546 0.297200 0.454230 0.297200 0.454230 0.045216 0.638546 0.045216
0 0.881511 0.297043 0.759383 0.297043 0.759383 0.045216 0.881511 0.045216
0 0.446761 0.225868 0.228286 0.225868 0.228286 0.045216 0.446761 0.045216
0 0.881511 0.714264 0.644656 0.714264 0.644656 0.569076 0.881511 0.569076
0 0.439639 0.714264 0.228286 0.714264 0.228286 0.562258 0.439639 0.562258
0 0.210545 0.986842 0.059411 0.986842 0.059411 0.820274 0.210545 0.820274
0 0.206165 0.734513 0.252831 0.734513 0.252831 0.809384 0.059411 0.809384 0.059411 0.734422 0.206165 0.734422
0 0.749864 0.181559 0.647019 0.181559 0.647019 0.045216 0.749864 0.045216
0 0.749864 0.297043 0.647019 0.297043 0.647019 0.190259 0.749864 0.190259
0 0.540162 0.714264 0.448465 0.714264 0.448465 0.630396 0.540162 0.630396
0 0.638546 0.714264 0.547834 0.714264 0.547834 0.630396 0.638546 0.630396
3 0.228286 0.045216 0.881511 0.045216 0.900523 0.025506 0.206165 0.025506
1 0.504101 0.045216 0.614578 0.045216 0.614578 0.025506 0.504101 0.025506
3 0.881511 0.045216 0.881511 0.714264 0.900523 0.734513 0.900523 0.025506
1 0.881511 0.584485 0.881511 0.682152 0.900523 0.682152 0.900523 0.584485
2 0.881511 0.250944 0.881511 0.293552 0.900523 0.293552 0.900523 0.250944
1 0.881511 0.114667 0.881511 0.181995 0.900523 0.181995 0.900523 0.114667
1 0.881511 0.380995 0.881511 0.499691 0.900523 0.499691 0.900523 0.380995
3 0.881511 0.714264 0.228286 0.714264 0.206165 0.734513 0.900523 0.734513
1 0.535076 0.714264 0.507869 0.714264 0.507869 0.734513 0.535076 0.734513
1 0.617674 0.714264 0.558297 0.714264 0.558297 0.734513 0.617674 0.734513
2 0.501568 0.714264 0.452139 0.714264 0.452139 0.734513 0.501568 0.734513
3 0.228286 0.714264 0.228286 0.045216 0.206165 0.025506 0.206165 0.734513
1 0.228286 0.192122 0.228286 0.091109 0.206165 0.091109 0.206165 0.192122
1 0.228286 0.458021 0.228286 0.288858 0.206165 0.288858 0.206165 0.458021
2 0.228286 0.515064 0.228286 0.468644 0.206165 0.468644 0.206165 0.515064
1 0.228286 0.677542 0.228286 0.576039 0.206165 0.576039 0.206165 0.677542
3 0.205894 0.562258 0.439639 0.562258 0.448465 0.554393 0.205894 0.554393
3 0.439639 0.562258 0.439639 0.734513 0.448465 0.734513 0.448465 0.554393
2 0.439639 0.568991 0.439639 0.611140 0.448465 0.611140 0.448465 0.568991
3 0.439639 0.630396 0.547834 0.630396 0.547834 0.622532 0.439639 0.622532
2 0.453802 0.630396 0.503558 0.630396 0.503558 0.622532 0.453802 0.622532
1 0.510755 0.630396 0.535959 0.630396 0.535959 0.622532 0.510755 0.622532
3 0.547834 0.622532 0.547834 0.734513 0.540162 0.734513 0.540162 0.630396
3 0.547834 0.622532 0.638546 0.622532 0.644656 0.630396 0.547834 0.630396
2 0.557082 0.622532 0.600448 0.622532 0.600448 0.630396 0.557082 0.630396
3 0.638546 0.622532 0.638546 0.734513 0.644656 0.734513 0.644656 0.622532
3 0.644656 0.630396 0.644656 0.562294 0.638546 0.562294 0.638546 0.622532
2 0.644656 0.617504 0.644656 0.574648 0.638546 0.574648 0.638546 0.617504
3 0.638546 0.569076 0.900523 0.569076 0.900523 0.562294 0.638546 0.562294
3 0.638546 0.562294 0.638546 0.025506 0.647019 0.025506 0.647019 0.562294
2 0.638546 0.109337 0.638546 0.067195 0.647019 0.067195 0.647019 0.109337
2 0.638546 0.519365 0.638546 0.472589 0.647019 0.472589 0.647019 0.519365
3 0.647019 0.297043 0.670172 0.297043 0.670172 0.347474 0.647019 0.347474
3 0.670172 0.297043 0.900523 0.297043 0.900523 0.308453 0.670172 0.308453
2 0.801018 0.297043 0.847488 0.297043 0.847488 0.308453 0.801018 0.308453
3 0.638546 0.297200 0.454230 0.297200 0.446761 0.305549 0.616676 0.305549
3 0.454230 0.297200 0.454230 0.025506 0.446761 0.025506 0.446761 0.305549
2 0.454230 0.290455 0.454230 0.247187 0.446761 0.247187 0.446761 0.290455
3 0.454230 0.232522 0.205894 0.232522 0.205894 0.225868 0.454230 0.225868
2 0.440474 0.232522 0.387378 0.232522 0.387378 0.225868 0.440474 0.225868
3 0.638546 0.297200 0.638546 0.347546 0.616676 0.347546 0.616676 0.305549
3 0.749864 0.025506 0.749864 0.308453 0.759383 0.308453 0.759383 0.025506
2 0.749864 0.259220 0.749864 0.295331 0.759383 0.295331 0.759383 0.259220
3 0.647019 0.468947 0.484716 0.468947 0.480642 0.463538 0.647019 0.463538
3 0.484716 0.468947 0.484716 0.499716 0.480642 0.499716 0.480642 0.463538
3 0.759383 0.190259 0.638546 0.190259 0.638546 0.181559 0.759383 0.181559
3 0.059411 0.734422 0.059411 0.809384 0.047189 0.809384 0.047189 0.719552
3 0.047189 0.809384 0.252831 0.809384 0.265053 0.820274 0.059411 0.820274
3 0.265053 0.820274 0.265053 0.714264 0.252831 0.714264 0.252831 0.809384
2 0.265053 0.797521 0.265053 0.756026 0.252831 0.756026 0.252831 0.797521
3 0.206165 0.719552 0.047189 0.719552 0.059411 0.734422 0.206165 0.734422
1 0.047189 0.825828 0.047189 0.886283 0.059411 0.886283 0.059411 0.825828
2 0.210545 0.825549 0.210545 0.872816 0.218244 0.872816 0.218244 0.825549
