0 0.538284 0.476784 0.448864 0.476784 0.448864 0.337635 0.538284 0.337635
0 0.348474 0.328238 0.256487 0.328238 0.256487 0.140503 0.348474 0.140503
0 0.959965 0.433304 0.817026 0.433304 0.817026 0.322912 0.959965 0.322912
0 0.959965 0.311948 0.817026 0.311948 0.817026 0.122859 0.959965 0.122859
0 0.538284 0.328238 0.355201 0.328238 0.355201 0.140503 0.538284 0.140503
0 0.249760 0.432223 0.171950 0.432223 0.171950 0.483268 0.082614 0.483268 0.082614 0.140503 0.249760 0.140503
0 0.809178 0.227753 0.790151 0.227753 0.790151 0.305887 0.809178 0.305887 0.809178 0.433304 0.603217 0.433304 0.603217 0.122859 0.809178 0.122859
0 0.442137 0.476784 0.425325 0.476784 0.425325 0.486181 0.442137 0.486181 0.442137 0.803604 0.206790 0.803604 0.206790 0.788740 0.197821 0.788740 0.197821 0.803604 0.082614 0.803604 0.082614 0.495798 0.204413 0.495798 0.204413 0.519261 0.211141 0.519261 0.211141 0.495798 0.211051 0.495798 0.211051 0.441621 0.256487 0.441621 0.256487 0.337635 0.442137 0.337635
0 0.082054 0.815351 0.082054 0.965001 0.546233 0.965001 0.545011 0.486181 0.450546 0.486181 0.450546 0.815351 0.082054 0.815351 0.082054 0.815351
0 0.594612 0.444268 0.595369 0.571857 0.967813 0.571857 0.967813 0.444268 0.594612 0.444268 0.594612 0.444268
3 0.074205 0.114386 0.074205 0.815351 0.082614 0.815351 0.082614 0.114386
1 0.074205 0.266033 0.074205 0.363487 0.082614 0.363487 0.082614 0.266033
1 0.074205 0.678717 0.074205 0.750711 0.082614 0.750711 0.082614 0.678717
3 0.074205 0.815351 0.460620 0.815351 0.460620 0.803604 0.082614 0.803604
1 0.136711 0.815351 0.189900 0.815351 0.189900 0.803604 0.136711 0.803604
1 0.244955 0.815351 0.301412 0.815351 0.301412 0.803604 0.244955 0.803604
1 0.301412 0.815351 0.351804 0.815351 0.351804 0.803604 0.301412 0.803604
1 0.350867 0.815351 0.402660 0.815351 0.402660 0.803604 0.350867 0.803604
3 0.442137 0.823895 0.442137 0.476784 0.450546 0.486181 0.450546 0.823895
1 0.442137 0.667103 0.442137 0.591717 0.450546 0.591717 0.450546 0.667103
1 0.442137 0.737515 0.442137 0.665857 0.450546 0.665857 0.450546 0.737515
3 0.442137 0.476784 0.559586 0.476784 0.559586 0.486181 0.450546 0.486181
2 0.465906 0.476784 0.520177 0.476784 0.520177 0.486181 0.465906 0.486181
3 0.062898 0.140503 0.553823 0.140503 0.553823 0.131106 0.062898 0.131106
1 0.262322 0.140503 0.300291 0.140503 0.300291 0.131106 0.262322 0.131106
3 0.538284 0.105215 0.538284 0.501468 0.545011 0.501468 0.545011 0.105215
1 0.538284 0.401986 0.538284 0.450008 0.545011 0.450008 0.545011 0.401986
1 0.538284 0.183576 0.538284 0.278414 0.545011 0.278414 0.545011 0.183576
3 0.249760 0.131106 0.249760 0.432223 0.256487 0.441621 0.256487 0.131106
2 0.249760 0.348122 0.249760 0.415887 0.256487 0.415887 0.256487 0.348122
3 0.256487 0.441621 0.180919 0.441621 0.171950 0.432223 0.249760 0.432223
3 0.171950 0.432223 0.171950 0.483268 0.180919 0.495798 0.180919 0.441621
3 0.180919 0.495798 0.068162 0.495798 0.068162 0.483268 0.171950 0.483268
3 0.249760 0.337635 0.545011 0.337635 0.545011 0.328238 0.249760 0.328238
2 0.361922 0.337635 0.407476 0.337635 0.407476 0.328238 0.361922 0.328238
2 0.263214 0.337635 0.307926 0.337635 0.307926 0.328238 0.263214 0.328238
3 0.348474 0.108919 0.348474 0.337635 0.355201 0.337635 0.355201 0.108919
3 0.442137 0.476784 0.442137 0.328238 0.448864 0.328238 0.448864 0.476784
2 0.442137 0.459492 0.442137 0.394084 0.448864 0.394084 0.448864 0.459492
3 0.180633 0.495798 0.180633 0.441621 0.211051 0.441621 0.211051 0.495798
3 0.082614 0.815351 0.055454 0.815351 0.055454 0.802821 0.082614 0.802821
3 0.074205 0.815351 0.074205 0.833927 0.083175 0.833927 0.083175 0.815351
3 0.197821 0.788740 0.197821 0.830082 0.206790 0.830082 0.206790 0.788740
3 0.204413 0.495798 0.204413 0.519261 0.211141 0.519261 0.211141 0.495798
3 0.442137 0.476784 0.425325 0.476784 0.425325 0.486181 0.442137 0.486181
3 0.595369 0.097102 0.595369 0.456688 0.603217 0.456688 0.603217 0.097102
3 0.582060 0.444268 0.981637 0.444268 0.981637 0.433304 0.582060 0.433304
2 0.870798 0.444268 0.922691 0.444268 0.922691 0.433304 0.870798 0.433304
2 0.716557 0.444268 0.767733 0.444268 0.767733 0.433304 0.716557 0.433304
3 0.580877 0.122859 0.980382 0.122859 0.980382 0.111895 0.580877 0.111895
3 0.959965 0.096099 0.959965 0.452796 0.967813 0.452796 0.967813 0.096099
3 0.809178 0.095723 0.809178 0.458591 0.817026 0.458591 0.817026 0.095723
3 0.809178 0.322912 0.983532 0.322912 0.983532 0.311948 0.809178 0.311948
2 0.884493 0.322912 0.922691 0.322912 0.922691 0.311948 0.884493 0.311948
3 0.790151 0.227753 0.790151 0.305887 0.811504 0.305887 0.811504 0.227753
