0 0.810965 0.583503 0.716756 0.583503 0.716756 0.899731 0.810965 0.899731 0.810965 0.583503 0.810965 0.583503
0 0.820529 0.410519 0.987089 0.410519 0.987089 0.879015 0.820529 0.879015 0.820529 0.410519 0.820529 0.410519
0 0.081738 0.580695 0.026887 0.580695 0.026887 0.468488 0.081738 0.468488
0 0.145502 0.580695 0.087730 0.580695 0.087730 0.468488 0.145502 0.468488
0 0.693675 0.723180 0.599615 0.723180 0.599615 0.653434 0.693675 0.653434
0 0.271715 0.873306 0.184023 0.873306 0.184023 0.763723 0.271715 0.763723
0 0.693675 0.643459 0.599615 0.643459 0.599615 0.496509 0.693675 0.496509
0 0.803295 0.554684 0.699891 0.554684 0.699891 0.401044 0.803295 0.401044
0 0.803295 0.170306 0.803295 0.390302 0.699891 0.390302 0.699891 0.244940 0.714586 0.244940 0.714586 0.170306
0 0.987281 0.390302 0.814972 0.390302 0.814972 0.165073 0.987281 0.165073
0 0.593398 0.733154 0.698978 0.733154 0.698978 0.873644 0.514008 0.873644 0.514008 0.653434 0.593398 0.653434
0 0.145502 0.763723 0.177807 0.763723 0.177807 0.873306 0.026887 0.873306 0.026887 0.590670 0.145502 0.590670
0 0.229564 0.458513 0.026887 0.458513 0.026887 0.176467 0.229564 0.176467
0 0.495541 0.244940 0.495541 0.271710 0.488847 0.271710 0.488847 0.244940
0 0.693675 0.487301 0.488847 0.487301 0.488847 0.244940 0.693675 0.244940
0 0.271715 0.753748 0.151718 0.753748 0.151718 0.468488 0.271715 0.468488
0 0.488847 0.487301 0.476682 0.487301 0.476682 0.544901 0.488847 0.544901 0.488847 0.587194 0.277931 0.587194 0.277931 0.586787 0.271715 0.586787 0.271715 0.468488 0.234360 0.468488 0.234360 0.176467 0.488847 0.176467
0 0.504521 0.150380 0.485810 0.150380 0.485810 0.052966 0.818281 0.052413 0.818281 0.144219 0.698328 0.144219 0.698328 0.218852 0.505104 0.218852 0.504521 0.150380 0.504521 0.150380
0 0.593398 0.643459 0.514008 0.643459 0.514008 0.545139 0.511593 0.545139 0.511593 0.544901 0.514008 0.544901 0.514008 0.496509 0.593398 0.496509
0 0.511593 0.545139 0.507792 0.545139 0.507792 0.873644 0.497353 0.873644 0.488847 0.887746 0.468214 0.922811 0.337430 0.922811 0.305325 0.873306 0.277931 0.873306 0.277931 0.587194 0.488847 0.587194 0.488847 0.544901 0.511593 0.544901
3 0.026887 0.176467 0.488847 0.176467 0.505104 0.150380 0.010630 0.150380
1 0.086090 0.176467 0.141361 0.176467 0.141361 0.150380 0.086090 0.150380
1 0.340370 0.176467 0.395685 0.176467 0.395685 0.150380 0.340370 0.150380
1 0.402155 0.176467 0.455853 0.176467 0.455853 0.150380 0.402155 0.150380
1 0.461677 0.176467 0.484964 0.176467 0.484964 0.150380 0.461677 0.150380
1 0.146282 0.176467 0.173456 0.176467 0.173456 0.150380 0.146282 0.150380
3 0.488847 0.176467 0.488847 0.244940 0.505104 0.218852 0.505104 0.150380
1 0.488847 0.175854 0.488847 0.217970 0.505104 0.217970 0.505104 0.175854
3 0.488847 0.244940 0.714586 0.244940 0.698328 0.218852 0.505104 0.218852
2 0.510694 0.244940 0.555896 0.244940 0.555896 0.218852 0.510694 0.218852
1 0.564646 0.244940 0.621276 0.244940 0.621276 0.218852 0.564646 0.218852
1 0.624432 0.244940 0.651410 0.244940 0.651410 0.218852 0.624432 0.218852
3 0.714586 0.244940 0.714586 0.170306 0.698328 0.144219 0.698328 0.218852
3 0.987281 0.165073 0.987281 0.410519 1.000000 0.410519 1.000000 0.144219
3 0.987281 0.390302 0.803295 0.390302 0.820529 0.410519 1.000000 0.410519
2 0.873558 0.390302 0.827080 0.390302 0.827080 0.410519 0.873558 0.410519
3 0.803295 0.390302 0.803295 0.583503 0.820529 0.583503 0.820529 0.410519
3 0.803295 0.554684 0.699891 0.554684 0.693675 0.583503 0.820529 0.583503
2 0.795913 0.554684 0.749994 0.554684 0.749994 0.583503 0.795913 0.583503
3 0.698978 0.873644 0.497353 0.873644 0.504330 0.899731 0.716756 0.899731
1 0.578561 0.873644 0.554074 0.873644 0.554074 0.899731 0.578561 0.899731
1 0.639786 0.873644 0.584963 0.873644 0.584963 0.899731 0.639786 0.899731
3 0.497353 0.873644 0.468214 0.922811 0.475185 0.948899 0.504330 0.899731
1 0.488603 0.888406 0.472278 0.915952 0.484060 0.933929 0.500385 0.906384
3 0.468214 0.922811 0.337430 0.922811 0.330883 0.948899 0.475185 0.948899
1 0.400730 0.922811 0.347576 0.922811 0.347576 0.948899 0.400730 0.948899
1 0.460840 0.922811 0.406296 0.922811 0.406296 0.948899 0.460840 0.948899
3 0.337430 0.922811 0.305325 0.873306 0.298779 0.899394 0.330883 0.948899
1 0.335139 0.919282 0.317638 0.892289 0.306373 0.911103 0.323874 0.938096
3 0.305325 0.873306 0.026887 0.873306 0.010630 0.899394 0.298779 0.899394
2 0.234858 0.873306 0.189317 0.873306 0.189317 0.899394 0.234858 0.899394
1 0.087945 0.873306 0.031722 0.873306 0.031722 0.899394 0.087945 0.899394
3 0.026887 0.873306 0.026887 0.176467 0.010630 0.150380 0.010630 0.899394
1 0.026887 0.871841 0.026887 0.832471 0.010630 0.832471 0.010630 0.871841
3 0.803295 0.390302 0.803295 0.170306 0.814972 0.144219 0.814972 0.390302
2 0.803295 0.257055 0.803295 0.202194 0.814972 0.202194 0.814972 0.257055
3 0.714586 0.170306 0.803295 0.170306 0.803295 0.144219 0.698328 0.144219
2 0.721404 0.170306 0.764664 0.170306 0.764664 0.144219 0.721404 0.144219
3 0.803295 0.165073 0.987281 0.165073 1.000000 0.144219 0.803295 0.144219
1 0.866251 0.165073 0.920691 0.165073 0.920691 0.144219 0.866251 0.144219
3 0.693675 0.583503 0.693675 0.244940 0.699891 0.244940 0.699891 0.554684
3 0.593398 0.733154 0.716756 0.733154 0.716756 0.723180 0.599615 0.723180
2 0.619717 0.733154 0.655962 0.733154 0.655962 0.723180 0.619717 0.723180
3 0.693675 0.554684 0.693675 0.733154 0.716756 0.733154 0.716756 0.554684
1 0.693675 0.585076 0.693675 0.625719 0.716756 0.625719 0.716756 0.585076
1 0.693675 0.656533 0.693675 0.695826 0.716756 0.695826 0.716756 0.656533
3 0.698978 0.733154 0.698978 0.873644 0.716756 0.899731 0.716756 0.733154
2 0.698978 0.739147 0.698978 0.809698 0.716756 0.809698 0.716756 0.739147
3 0.593398 0.653434 0.716756 0.653434 0.716756 0.643459 0.593398 0.643459
2 0.619057 0.653434 0.654198 0.653434 0.654198 0.643459 0.619057 0.643459
3 0.507792 0.545139 0.507792 0.899731 0.514008 0.899731 0.514008 0.545139
2 0.507792 0.757485 0.507792 0.819550 0.514008 0.819550 0.514008 0.757485
3 0.593398 0.653434 0.507792 0.653434 0.507792 0.643459 0.593398 0.643459
3 0.010630 0.590670 0.145502 0.590670 0.151718 0.580695 0.010630 0.580695
3 0.151718 0.590670 0.151718 0.468488 0.145502 0.458513 0.145502 0.590670
2 0.151718 0.574987 0.151718 0.517847 0.145502 0.517847 0.145502 0.574987
3 0.151718 0.458513 0.026887 0.458513 0.026887 0.468488 0.145502 0.468488
2 0.070181 0.458513 0.033840 0.458513 0.033840 0.468488 0.070181 0.468488
3 0.081738 0.458513 0.081738 0.590670 0.087730 0.590670 0.087730 0.458513
3 0.151718 0.580695 0.151718 0.753748 0.145502 0.763723 0.145502 0.590670
2 0.151718 0.593739 0.151718 0.658030 0.145502 0.658030 0.145502 0.593739
3 0.145502 0.763723 0.271715 0.763723 0.277931 0.753748 0.151718 0.753748
2 0.187074 0.763723 0.232027 0.763723 0.232027 0.753748 0.187074 0.753748
3 0.271715 0.753748 0.271715 0.899394 0.277931 0.899394 0.277931 0.753748
3 0.177807 0.753748 0.177807 0.899394 0.184023 0.899394 0.184023 0.753748
3 0.277931 0.753748 0.277931 0.586787 0.271715 0.586787 0.271715 0.753748
3 0.145502 0.458513 0.229564 0.458513 0.234360 0.468488 0.151718 0.468488
2 0.158833 0.458513 0.199210 0.458513 0.199210 0.468488 0.158833 0.468488
3 0.234360 0.468488 0.234360 0.150380 0.229564 0.150380 0.229564 0.458513
3 0.488847 0.244940 0.488847 0.271710 0.495541 0.271710 0.495541 0.244940
3 0.803295 0.390302 0.693675 0.390302 0.693675 0.401044 0.803295 0.401044
3 0.593398 0.487301 0.593398 0.733154 0.599615 0.723180 0.599615 0.487301
2 0.593398 0.501680 0.593398 0.560677 0.599615 0.560677 0.599615 0.501680
3 0.699891 0.487301 0.514008 0.487301 0.514008 0.496509 0.699891 0.496509
2 0.639604 0.487301 0.601848 0.487301 0.601848 0.496509 0.639604 0.496509
3 0.514008 0.487301 0.476682 0.487301 0.476682 0.596041 0.514008 0.596041
3 1.000000 0.410519 1.000000 0.899731 0.987089 0.879015 0.987089 0.410519
3 0.820529 0.583503 0.820529 0.879015 0.810965 0.899731 0.810965 0.583503
2 0.820529 0.612599 0.820529 0.828328 0.810965 0.828328 0.810965 0.612599
3 1.000000 0.899731 0.810965 0.899731 0.820529 0.879015 0.987089 0.879015
