0 0.397073 0.383383 0.238310 0.383383 0.238310 0.783361 0.508149 0.783361 0.507506 0.592827 0.397073 0.592827 0.397073 0.383383 0.397073 0.383383
0 0.961303 0.710337 0.942863 0.710337 0.942863 0.729571 0.961303 0.729571 0.961303 0.953297 0.754243 0.953297 0.754243 0.924541 0.737099 0.924541 0.737099 0.953297 0.524650 0.953297 0.524650 0.592827 0.544895 0.592827 0.544895 0.573592 0.524650 0.573592 0.524650 0.479939 0.712509 0.479939 0.712509 0.508761 0.787411 0.508761 0.787411 0.479939 0.961303 0.479939
0 0.732513 0.420998 0.737099 0.420998 0.737099 0.468122 0.700952 0.468122 0.700952 0.460705 0.524650 0.460705 0.524650 0.402617 0.544895 0.402617 0.544895 0.383383 0.524650 0.383383 0.524650 0.222127 0.732513 0.222127
0 0.961303 0.460705 0.845979 0.460705 0.845979 0.468122 0.749657 0.468122 0.749657 0.222127 0.961303 0.222127
0 0.507506 0.460705 0.493314 0.460705 0.493314 0.479939 0.507506 0.479939 0.507506 0.573592 0.414217 0.573592 0.414217 0.402617 0.507506 0.402617
3 0.524650 0.222127 0.961303 0.222127 0.978447 0.202892 0.507506 0.202892
1 0.811884 0.222127 0.867585 0.222127 0.867585 0.202892 0.811884 0.202892
1 0.871684 0.222127 0.895948 0.222127 0.895948 0.202892 0.871684 0.202892
3 0.961303 0.222127 0.961303 0.953297 0.978447 0.972531 0.978447 0.202892
1 0.961303 0.517669 0.961303 0.569812 0.978447 0.569812 0.978447 0.517669
1 0.961303 0.573641 0.961303 0.595880 0.978447 0.595880 0.978447 0.573641
3 0.961303 0.953297 0.524650 0.953297 0.507506 0.972531 0.978447 0.972531
1 0.875680 0.953297 0.808021 0.953297 0.808021 0.972531 0.875680 0.972531
1 0.905703 0.953297 0.880165 0.953297 0.880165 0.972531 0.905703 0.972531
1 0.601749 0.953297 0.579194 0.953297 0.579194 0.972531 0.601749 0.972531
1 0.679180 0.953297 0.605788 0.953297 0.605788 0.972531 0.679180 0.972531
3 0.524650 0.953297 0.524650 0.573592 0.507506 0.592827 0.507506 0.972531
1 0.524650 0.914125 0.524650 0.887305 0.507506 0.887305 0.507506 0.914125
1 0.524650 0.881643 0.524650 0.820453 0.507506 0.820453 0.507506 0.881643
1 0.524650 0.726782 0.524650 0.703743 0.507506 0.703743 0.507506 0.726782
1 0.524650 0.699590 0.524650 0.634247 0.507506 0.634247 0.507506 0.699590
3 0.524650 0.573592 0.414217 0.573592 0.397073 0.592827 0.507506 0.592827
2 0.485905 0.573592 0.438046 0.573592 0.438046 0.592827 0.485905 0.592827
3 0.414217 0.573592 0.414217 0.402617 0.397073 0.383383 0.397073 0.592827
1 0.414217 0.524749 0.414217 0.449513 0.397073 0.449513 0.397073 0.524749
3 0.414217 0.402617 0.524650 0.402617 0.507506 0.383383 0.397073 0.383383
3 0.524650 0.402617 0.524650 0.222127 0.507506 0.202892 0.507506 0.383383
1 0.524650 0.350510 0.524650 0.282655 0.507506 0.282655 0.507506 0.350510
1 0.524650 0.277287 0.524650 0.253515 0.507506 0.253515 0.507506 0.277287
3 0.524650 0.402617 0.524650 0.573592 0.507506 0.573592 0.507506 0.402617
2 0.524650 0.499564 0.524650 0.552591 0.507506 0.552591 0.507506 0.499564
3 0.493314 0.479939 0.700952 0.479939 0.700952 0.460705 0.493314 0.460705
2 0.611537 0.479939 0.658586 0.479939 0.658586 0.460705 0.611537 0.460705
3 0.700952 0.479939 0.845979 0.479939 0.845979 0.468122 0.700952 0.468122
3 0.845979 0.479939 1.000000 0.479939 1.000000 0.460705 0.845979 0.460705
2 0.871346 0.479939 0.915765 0.479939 0.915765 0.460705 0.871346 0.460705
3 0.732513 0.177202 0.732513 0.420998 0.749657 0.420998 0.749657 0.177202
3 0.737099 0.420998 0.737099 0.479939 0.749657 0.479939 0.749657 0.420998
3 0.712509 0.508761 0.787411 0.508761 0.787411 0.479933 0.712509 0.479933
3 0.524650 0.573592 0.544895 0.573592 0.544895 0.592827 0.524650 0.592827
3 0.397073 0.592827 0.375193 0.592827 0.375193 0.573592 0.397073 0.573592
3 0.397073 0.592827 0.397073 0.614111 0.414217 0.614111 0.414217 0.592827
3 0.397073 0.383383 0.375193 0.383383 0.375193 0.402617 0.397073 0.402617
3 0.397073 0.383383 0.397073 0.359117 0.414217 0.359117 0.414217 0.383383
3 0.524650 0.402617 0.544895 0.402617 0.544895 0.383383 0.524650 0.383383
3 0.507506 0.202892 0.487576 0.202892 0.487576 0.222127 0.507506 0.222127
3 0.507506 0.202892 0.507506 0.177202 0.524650 0.177202 0.524650 0.202892
3 0.961303 0.177202 0.961303 0.202892 0.978447 0.202892 0.978447 0.177202
3 0.978447 0.202892 1.000000 0.202892 1.000000 0.222127 0.978447 0.222127
3 0.942863 0.729571 1.000000 0.729571 1.000000 0.710337 0.942863 0.710337
3 0.978447 0.972531 1.000000 0.972531 1.000000 0.953297 0.978447 0.953297
3 0.507506 0.972531 0.487576 0.972531 0.487576 0.953297 0.507506 0.953297
