0 0.295065 0.350628 0.321079 0.350628 0.321079 0.310163 0.352586 0.310163 0.352586 0.555455 0.295063 0.555455 0.295065 0.350628 0.295065 0.350628
0 0.286354 0.878302 0.165948 0.878302 0.165948 0.724194 0.218274 0.724194 0.218274 0.486722 0.192457 0.486722 0.192457 0.384051 0.176009 0.384051 0.176009 0.289921 0.286354 0.289921
0 0.160970 0.878302 0.029862 0.878302 0.029862 0.759961 0.068572 0.759961 0.068572 0.505875 0.160970 0.505875
0 0.114108 0.328917 0.149463 0.328917 0.149463 0.486421 0.068572 0.486421 0.068572 0.114071 0.114108 0.114071
0 0.286354 0.272412 0.176009 0.272412 0.176009 0.114071 0.286354 0.114071
0 0.171031 0.401560 0.187977 0.401560 0.187977 0.506177 0.213296 0.506177 0.213296 0.704739 0.165948 0.704739 0.165948 0.486421 0.153695 0.486421 0.153695 0.384051 0.171031 0.384051
0 0.171031 0.309463 0.120647 0.309463 0.120647 0.114071 0.171031 0.114071
3 0.021493 0.909430 0.295065 0.909430 0.286354 0.878302 0.029862 0.878302
3 0.295065 0.909430 0.295065 0.076135 0.286354 0.114071 0.286354 0.878302
2 0.295065 0.451159 0.295065 0.372495 0.286354 0.372495 0.286354 0.451159
1 0.295065 0.747578 0.295065 0.692901 0.286354 0.692901 0.286354 0.747578
1 0.295065 0.690985 0.295065 0.556681 0.286354 0.556681 0.286354 0.690985
3 0.295065 0.076135 0.059860 0.076135 0.068572 0.114071 0.286354 0.114071
1 0.231302 0.076135 0.205087 0.076135 0.205087 0.114071 0.231302 0.114071
1 0.166372 0.076135 0.140918 0.076135 0.140918 0.114071 0.166372 0.114071
3 0.059860 0.076135 0.059860 0.725915 0.068572 0.759961 0.068572 0.114071
3 0.068572 0.759961 0.029862 0.759961 0.021493 0.725915 0.059860 0.725915
3 0.021493 0.725915 0.021493 0.909430 0.029862 0.878302 0.029862 0.759961
3 0.059860 0.505875 0.160970 0.505875 0.165948 0.486421 0.059860 0.486421
2 0.097361 0.505875 0.119213 0.505875 0.119213 0.486421 0.097361 0.486421
3 0.160970 0.505875 0.160970 0.909430 0.165948 0.909430 0.165948 0.486421
3 0.218274 0.486722 0.218274 0.724194 0.213296 0.704739 0.213296 0.506177
3 0.218274 0.724194 0.160970 0.724194 0.160970 0.704739 0.213296 0.704739
3 0.114108 0.076135 0.114108 0.328917 0.120647 0.309463 0.120647 0.076135
3 0.114108 0.328917 0.176009 0.328917 0.176009 0.309463 0.120647 0.309463
3 0.176009 0.328917 0.176009 0.076135 0.171031 0.076135 0.171031 0.309463
2 0.176009 0.189983 0.176009 0.120433 0.171031 0.120433 0.171031 0.189983
3 0.153695 0.505875 0.153695 0.384051 0.149463 0.328917 0.149463 0.505875
2 0.153695 0.481557 0.153695 0.404284 0.149463 0.404284 0.149463 0.481557
3 0.171031 0.289921 0.295065 0.289921 0.295065 0.272412 0.171031 0.272412
2 0.239561 0.289921 0.260574 0.289921 0.260574 0.272412 0.239561 0.272412
3 0.176009 0.328917 0.149463 0.328917 0.153695 0.384051 0.176009 0.384051
3 0.171031 0.384051 0.192457 0.384051 0.187977 0.401560 0.171031 0.401560
3 0.192457 0.384051 0.192457 0.486722 0.187977 0.506177 0.187977 0.401560
2 0.192457 0.403700 0.192457 0.481557 0.187977 0.481557 0.187977 0.403700
3 0.213296 0.506177 0.187977 0.506177 0.192457 0.486722 0.218274 0.486722
0 0.416792 0.479368 0.376412 0.479368 0.376412 0.323742 0.416792 0.323742
0 0.497447 0.861552 0.496660 0.861552 0.496660 0.881444 0.445114 0.881444 0.445114 0.713387 0.497447 0.713387
0 0.438642 0.881444 0.376412 0.881444 0.376412 0.502772 0.438642 0.502772
0 0.480185 0.102136 0.480185 0.125394 0.481646 0.125394 0.481646 0.309054 0.376412 0.309054 0.376412 0.101455
0 0.600667 0.482685 0.594191 0.482685 0.594191 0.502714 0.449089 0.502714 0.449089 0.479368 0.445114 0.479368 0.445114 0.464603 0.439140 0.464603 0.439140 0.479368 0.419779 0.479368 0.419779 0.323742 0.459931 0.323742 0.459931 0.382291 0.485728 0.382291 0.485728 0.125394 0.486657 0.125394 0.486657 0.102136 0.600667 0.102136
0 0.594191 0.506031 0.600667 0.506031 0.600667 0.878302 0.501897 0.878302 0.501897 0.861552 0.500810 0.861552 0.500810 0.713387 0.526373 0.713387 0.526373 0.502714 0.594191 0.502714
0 0.526373 0.700741 0.445114 0.700741 0.445114 0.502714 0.526373 0.502714
0 0.445114 0.906171 0.445114 0.996508 0.496660 1.000000 0.496660 0.906735 0.445114 0.906171 0.445114 0.906171
0 0.607139 0.894907 0.658696 0.894907 0.658696 0.100200 0.607132 0.100200 0.607139 0.894907 0.607139 0.894907
3 0.369940 0.099510 0.369940 0.883390 0.376412 0.906735 0.376412 0.076164
1 0.369940 0.350346 0.369940 0.404469 0.376412 0.404469 0.376412 0.350346
1 0.369940 0.575921 0.369940 0.630520 0.376412 0.630520 0.376412 0.575921
3 0.607139 0.906735 0.607139 0.100200 0.600667 0.076855 0.600667 0.878302
2 0.607139 0.446043 0.607139 0.370365 0.600667 0.370365 0.600667 0.446043
1 0.607139 0.745817 0.607139 0.691393 0.600667 0.691393 0.600667 0.745817
1 0.607139 0.691393 0.607139 0.554288 0.600667 0.554288 0.600667 0.691393
1 0.607139 0.316787 0.607139 0.179263 0.600667 0.179263 0.600667 0.316787
3 0.607139 0.076855 0.375914 0.076184 0.369940 0.101455 0.600667 0.102136
1 0.542343 0.076670 0.516864 0.076592 0.516859 0.101883 0.542338 0.101961
1 0.516864 0.076592 0.502246 0.076553 0.502241 0.101844 0.516859 0.101883
1 0.447929 0.076398 0.422045 0.076320 0.422040 0.101611 0.447926 0.101689
1 0.422045 0.076320 0.407025 0.076271 0.407020 0.101562 0.422040 0.101611
3 0.363919 0.502772 0.438642 0.502772 0.445114 0.479368 0.363919 0.479368
3 0.438642 0.479368 0.438642 0.930635 0.445114 0.930635 0.445114 0.502714
2 0.438642 0.594490 0.438642 0.674303 0.445114 0.674303 0.445114 0.594490
3 0.480185 0.056904 0.480185 0.125394 0.486657 0.125394 0.486657 0.056904
3 0.481646 0.125394 0.481646 0.309054 0.485728 0.382291 0.485728 0.125394
3 0.481646 0.309054 0.459931 0.309054 0.459931 0.382291 0.485728 0.382291
3 0.459931 0.309054 0.369940 0.309054 0.369940 0.323742 0.459931 0.323742
2 0.455849 0.309054 0.435254 0.309054 0.435254 0.323742 0.455849 0.323742
3 0.500810 0.861552 0.500810 0.713387 0.497447 0.700741 0.497447 0.861552
3 0.497447 0.713387 0.438642 0.713387 0.438642 0.700741 0.500810 0.700741
2 0.470278 0.713387 0.449559 0.713387 0.449559 0.700741 0.470278 0.700741
3 0.375914 0.906735 0.497447 0.906735 0.497447 0.881444 0.369940 0.881444
2 0.453552 0.906735 0.475085 0.906735 0.475085 0.881444 0.453552 0.881444
1 0.394814 0.906735 0.420768 0.906735 0.420768 0.881444 0.394814 0.881444
3 0.497447 0.906735 0.607139 0.906735 0.600667 0.878302 0.497447 0.878302
1 0.513656 0.906735 0.527879 0.906735 0.527879 0.878302 0.513656 0.878302
3 0.496660 0.861552 0.496660 0.906735 0.501897 0.906735 0.501897 0.861552
3 0.496660 0.881444 0.496660 0.929322 0.501897 0.929322 0.501897 0.881444
3 0.497447 0.700741 0.526373 0.700741 0.526373 0.713387 0.500810 0.713387
3 0.419779 0.502772 0.419779 0.309054 0.416792 0.309054 0.416792 0.502772
2 0.419779 0.461324 0.419779 0.383594 0.416792 0.383594 0.416792 0.461324
3 0.594191 0.506031 0.613056 0.506031 0.613056 0.482685 0.594191 0.482685
3 0.607139 0.076855 0.607139 0.055864 0.601165 0.055864 0.601165 0.076855
3 0.600667 0.076855 0.612117 0.076855 0.612117 0.100200 0.607139 0.100200
3 0.600667 0.906735 0.613207 0.906735 0.613207 0.883390 0.600667 0.883390
3 0.607139 0.881444 0.607139 0.929059 0.601165 0.929059 0.601165 0.906735
3 0.376412 0.906735 0.364208 0.906735 0.364208 0.883390 0.369940 0.883390
3 0.369940 0.881444 0.369940 0.929312 0.375914 0.929312 0.375914 0.906735
3 0.376412 0.076164 0.363600 0.076164 0.363600 0.099510 0.369940 0.099510
3 0.369940 0.101455 0.369940 0.054628 0.375914 0.054628 0.375914 0.076184
3 0.445114 0.479368 0.445114 0.464603 0.439140 0.464603 0.439140 0.479368
3 0.438642 0.479368 0.449089 0.479368 0.449089 0.502714 0.445114 0.502714
0 0.971757 0.883224 0.919994 0.883224 0.919994 0.806904 0.971757 0.806904
0 0.971757 0.177668 0.919994 0.177668 0.919994 0.098420 0.971757 0.098420
0 0.751811 0.883224 0.690096 0.883224 0.690096 0.806904 0.751811 0.806904
0 0.794217 0.176764 0.690096 0.176764 0.690096 0.098420 0.794217 0.098420
0 0.913771 0.883224 0.815452 0.883224 0.815452 0.861669 0.809229 0.861669 0.809229 0.883224 0.758033 0.883224 0.758033 0.806904 0.913771 0.806904
0 0.913771 0.775777 0.788020 0.775777 0.788020 0.381882 0.798952 0.381882 0.798952 0.098420 0.913771 0.098420
0 0.794217 0.309453 0.773105 0.309453 0.773105 0.344763 0.768448 0.344763 0.768448 0.358935 0.746038 0.358624 0.746038 0.344909 0.690096 0.344909 0.690096 0.207628 0.794217 0.207628
0 0.768448 0.358935 0.772998 0.358984 0.773105 0.381882 0.784037 0.381882 0.784037 0.775777 0.690096 0.775777 0.690096 0.358624 0.746038 0.358624
0 0.971608 0.780281 0.971608 0.203406 0.919745 0.203406 0.919745 0.780281 0.971608 0.780281 0.971608 0.780281
3 0.683624 0.906570 0.972014 0.906570 0.977731 0.883224 0.690096 0.883224
3 0.977731 0.906570 0.977731 0.780281 0.971757 0.806904 0.971757 0.906570
3 0.919745 0.780281 0.919745 0.203406 0.913771 0.177668 0.913771 0.806904
2 0.919745 0.486936 0.919745 0.406803 0.913771 0.406803 0.913771 0.486936
1 0.919745 0.582098 0.919745 0.493619 0.913771 0.493619 0.913771 0.582098
3 0.977731 0.203406 0.977731 0.099393 0.971757 0.075075 0.971757 0.177668
3 0.977731 0.075075 0.689847 0.075075 0.683624 0.098420 0.977731 0.098420
3 0.683624 0.099393 0.683624 0.906570 0.690096 0.883224 0.690096 0.075075
1 0.683624 0.406900 0.683624 0.545222 0.690096 0.545222 0.690096 0.406900
1 0.683624 0.544580 0.683624 0.577546 0.690096 0.577546 0.690096 0.544580
3 0.919745 0.203406 0.977731 0.203406 0.971757 0.177668 0.913771 0.177668
3 0.913771 0.806904 0.971757 0.806904 0.977731 0.780281 0.919745 0.780281
3 0.913771 0.806904 0.683624 0.806904 0.683624 0.775777 0.913771 0.775777
3 0.788020 0.806904 0.788020 0.381882 0.784037 0.381882 0.784037 0.806904
2 0.788020 0.498570 0.788020 0.418612 0.784037 0.418612 0.784037 0.498570
3 0.798952 0.381882 0.798952 0.309453 0.773105 0.309453 0.773105 0.381882
3 0.798952 0.309453 0.798952 0.053626 0.794217 0.053626 0.794217 0.309453
3 0.683624 0.207628 0.798952 0.207628 0.798952 0.176764 0.683624 0.176764
3 0.746038 0.358624 0.683624 0.358624 0.683624 0.344909 0.746038 0.344909
3 0.773105 0.358984 0.768448 0.358984 0.768448 0.344763 0.773105 0.344763
3 0.683624 0.906570 0.677929 0.906570 0.677929 0.881279 0.683624 0.881279
3 0.683624 0.883224 0.683624 0.932707 0.689847 0.932707 0.689847 0.883224
3 0.977731 0.906570 0.983994 0.906570 0.983994 0.882252 0.977731 0.882252
3 0.913771 0.806904 0.913771 0.931423 0.919994 0.931423 0.919994 0.806904
3 0.751811 0.806904 0.751811 0.931423 0.758033 0.931423 0.758033 0.806904
3 0.809229 0.861669 0.809229 0.931423 0.815452 0.931423 0.815452 0.861669
3 0.977731 0.075075 0.977731 0.053626 0.971509 0.053626 0.971509 0.075075
3 0.971757 0.075075 0.984342 0.075075 0.984342 0.099393 0.977731 0.099393
3 0.913771 0.203406 0.913771 0.053626 0.919994 0.053626 0.919994 0.177668
3 0.683624 0.098420 0.683624 0.053626 0.689847 0.053626 0.689847 0.075075
3 0.690096 0.075075 0.676824 0.075075 0.676824 0.099393 0.683624 0.099393
3 0.977731 0.883224 0.977731 0.930324 0.972014 0.930324 0.972014 0.906570
