0 0.960568 0.965938 0.474190 0.963194 0.415728 0.963357 0.416966 0.677933 0.960568 0.677933
0 0.960568 0.677933 0.416966 0.677933 0.418327 0.312145 0.623259 0.312145 0.623259 0.107473 0.960568 0.107473
0 0.623259 0.312145 0.418327 0.312145 0.418203 0.422174 0.131152 0.422174 0.130756 0.107473 0.623259 0.107473
0 0.415728 0.963357 0.130756 0.963520 0.130756 0.700482 0.416966 0.700482
0 0.416966 0.700482 0.130756 0.700482 0.131152 0.422174 0.418203 0.422174
3 0.960568 0.107473 0.960568 0.700482 0.933347 0.700482 0.933347 0.135033
1 0.960568 0.402493 0.960568 0.622361 0.933347 0.622361 0.933347 0.402493
3 0.157977 0.934933 0.157977 0.135033 0.130756 0.107473 0.130756 0.963520
1 0.157977 0.601578 0.157977 0.494194 0.130756 0.494194 0.130756 0.601578
1 0.157977 0.315841 0.157977 0.210786 0.130756 0.210786 0.130756 0.315841
1 0.157977 0.898039 0.157977 0.733830 0.130756 0.733830 0.130756 0.898039
3 0.130756 0.107473 0.960568 0.107473 0.960568 0.135033 0.157977 0.135033
1 0.467435 0.107473 0.562644 0.107473 0.562644 0.135033 0.467435 0.135033
3 0.130756 0.422599 0.418327 0.422599 0.418327 0.394187 0.130756 0.394187
3 0.418327 0.458666 0.418327 0.312145 0.475341 0.335847 0.475341 0.458666
3 0.418327 0.312145 0.548044 0.312145 0.548044 0.335847 0.475341 0.335847
3 0.130756 0.700482 0.291554 0.700482 0.291554 0.677933 0.130756 0.677933
3 0.394831 0.700482 0.933347 0.700482 0.960568 0.677933 0.394831 0.677933
2 0.520923 0.700482 0.625510 0.700482 0.625510 0.677933 0.520923 0.677933
1 0.633912 0.700482 0.836554 0.700482 0.836554 0.677933 0.633912 0.677933
3 0.960568 0.700482 1.000000 0.700482 1.000000 0.677933 0.960568 0.677933
3 0.416582 0.700482 0.416582 0.963194 0.438853 0.935634 0.438853 0.700482
3 0.438853 0.963194 0.438853 0.997632 0.416582 0.997632 0.416582 0.963194
3 0.130756 0.677933 0.092537 0.677933 0.092537 0.700482 0.130756 0.700482
3 0.130756 0.394187 0.091745 0.394187 0.091745 0.422675 0.130756 0.422675
3 0.157977 0.934933 0.416582 0.934933 0.394311 0.963520 0.130756 0.963520
1 0.193338 0.934933 0.365730 0.934933 0.365730 0.963520 0.193338 0.963520
3 0.997241 0.940106 0.895053 0.940106 0.895053 0.964798 0.997241 0.964798
3 0.710153 0.964798 0.608139 0.964798 0.608139 0.939743 0.710153 0.939743
3 0.674062 0.998960 0.674062 0.901885 0.649316 0.901885 0.649316 0.998960
3 0.960568 0.899718 0.960568 1.000000 0.933347 1.000000 0.933347 0.899718
3 0.960568 0.677933 0.960568 0.739417 0.933347 0.739417 0.933347 0.700482
3 0.960568 0.135033 0.960568 0.074889 0.933347 0.074889 0.933347 0.107473
3 0.960568 0.107473 0.998181 0.107473 0.998181 0.135033 0.960568 0.135033
3 0.130756 0.107473 0.130756 0.070993 0.157977 0.070993 0.157977 0.107473
3 0.157977 0.107473 0.091040 0.107473 0.091040 0.135033 0.157977 0.135033
3 0.157977 0.963520 0.089926 0.963520 0.089926 0.935960 0.130756 0.935960
3 0.130756 0.934933 0.130756 0.997444 0.157977 0.997444 0.157977 0.934933
3 0.416582 0.963194 0.416582 0.934933 0.394311 0.963520 0.394311 0.963194
3 0.416582 0.963194 0.474190 0.963194 0.474190 0.935634 0.438853 0.935634
3 0.593403 0.107473 0.593403 0.236154 0.623259 0.236154 0.623259 0.107473
3 0.623259 0.107473 0.623259 0.073561 0.593564 0.073561 0.593564 0.107473
3 0.418327 0.458666 0.418203 0.528005 0.440499 0.528043 0.440623 0.458703
