0 0.580820 0.055162 0.481434 0.055162 0.481434 0.421057 0.580820 0.421057 0.580820 0.055162 0.580820 0.055162
0 0.165627 0.582662 0.165627 0.751570 0.290247 0.751570 0.290247 0.832551 0.078798 0.832551 0.078798 0.582662 0.165627 0.582662 0.165627 0.582662
0 0.289653 0.346803 0.282542 0.346803 0.282542 0.555484 0.181881 0.555484 0.181881 0.431648 0.107223 0.431648 0.107223 0.279853 0.210692 0.279853 0.210692 0.269661 0.289653 0.269661
0 0.465688 0.555484 0.289653 0.555484 0.289653 0.269661 0.465688 0.269661
0 0.465688 0.269661 0.289653 0.269661 0.289653 0.081490 0.465688 0.081490
0 0.289653 0.269661 0.107223 0.269661 0.107223 0.081490 0.289653 0.081490
0 0.376904 0.725242 0.181881 0.725242 0.181881 0.565676 0.376904 0.565676
0 0.465688 0.725242 0.382491 0.725242 0.382491 0.565676 0.465688 0.565676
0 0.266582 0.981314 0.099604 0.981314 0.099604 0.850386 0.266582 0.850386
0 0.175786 0.555484 0.107223 0.555484 0.107223 0.441839 0.175786 0.441839
3 0.090969 0.055162 0.090969 0.582662 0.107223 0.555484 0.107223 0.081490
1 0.090969 0.447029 0.090969 0.528145 0.107223 0.528145 0.107223 0.447029
1 0.090969 0.134690 0.090969 0.213820 0.107223 0.213820 0.107223 0.134690
3 0.090969 0.582662 0.165627 0.582662 0.181881 0.555484 0.107223 0.555484
2 0.116371 0.582662 0.161213 0.582662 0.161213 0.555484 0.116371 0.555484
3 0.165627 0.582662 0.165627 0.751570 0.181881 0.725242 0.181881 0.555484
1 0.165627 0.633220 0.165627 0.688017 0.181881 0.688017 0.181881 0.633220
3 0.165627 0.751570 0.481434 0.751570 0.465688 0.725242 0.181881 0.725242
1 0.300533 0.751570 0.334221 0.751570 0.334221 0.725242 0.300533 0.725242
3 0.481434 0.751570 0.481434 0.055162 0.465688 0.081490 0.465688 0.725242
1 0.481434 0.294121 0.481434 0.146980 0.465688 0.146980 0.465688 0.294121
2 0.481434 0.410984 0.481434 0.341248 0.465688 0.341248 0.465688 0.410984
1 0.481434 0.501800 0.481434 0.424777 0.465688 0.424777 0.465688 0.501800
1 0.481434 0.653145 0.481434 0.586857 0.465688 0.586857 0.465688 0.653145
3 0.481434 0.055162 0.090969 0.055162 0.107223 0.081490 0.465688 0.081490
1 0.263864 0.055162 0.218489 0.055162 0.218489 0.081490 0.263864 0.081490
1 0.353472 0.055162 0.303972 0.055162 0.303972 0.081490 0.353472 0.081490
3 0.107223 0.279853 0.210692 0.279853 0.210692 0.269661 0.107223 0.269661
3 0.181881 0.555484 0.465688 0.555484 0.465688 0.565676 0.181881 0.565676
2 0.201763 0.555484 0.240489 0.555484 0.240489 0.565676 0.201763 0.565676
3 0.107223 0.441839 0.175786 0.441839 0.181881 0.431648 0.107223 0.431648
3 0.181881 0.431648 0.181881 0.555484 0.175786 0.555484 0.175786 0.441839
2 0.181881 0.445084 0.181881 0.517503 0.175786 0.517503 0.175786 0.445084
3 0.282542 0.346803 0.282542 0.555484 0.289653 0.555484 0.289653 0.346803
3 0.376904 0.565676 0.376904 0.725242 0.382491 0.725242 0.382491 0.565676
2 0.376904 0.570635 0.376904 0.620770 0.382491 0.620770 0.382491 0.570635
3 0.090969 0.832551 0.090969 0.999999 0.099604 0.981314 0.099604 0.850386
3 0.090969 0.999999 0.275217 0.999999 0.266582 0.981314 0.099604 0.981314
1 0.169680 0.999999 0.198781 0.999999 0.198781 0.981314 0.169680 0.981314
3 0.275217 0.999999 0.275217 0.832551 0.266582 0.850386 0.266582 0.981314
3 0.275217 0.832551 0.090969 0.832551 0.099604 0.850386 0.266582 0.850386
2 0.157551 0.832551 0.115457 0.832551 0.115457 0.850386 0.157551 0.850386
0 0.824905 0.731399 0.666684 0.731399 0.666684 0.444939 0.824905 0.444939
0 0.988825 0.731399 0.830492 0.731399 0.830492 0.444939 0.988825 0.444939
0 0.824905 0.308983 0.875217 0.308983 0.875217 0.433898 0.648047 0.433898 0.648047 0.282842 0.824905 0.282842
0 0.988825 0.433898 0.880805 0.433898 0.880805 0.308983 0.988825 0.308983
0 0.988825 0.300490 0.829984 0.300490 0.829984 0.274349 0.756631 0.274349 0.756631 0.088302 0.988825 0.088302
0 0.751552 0.274349 0.666684 0.274349 0.666684 0.088302 0.751552 0.088302
3 0.655509 0.065371 0.655509 0.264157 0.666684 0.282842 0.666684 0.088302
3 0.666684 0.282842 0.648047 0.282842 0.636872 0.264157 0.655509 0.264157
3 0.636872 0.264157 0.636872 0.452583 0.648047 0.433898 0.648047 0.282842
3 0.636872 0.452583 0.655509 0.452583 0.666684 0.433898 0.648047 0.433898
3 0.666684 0.433898 0.666684 0.731399 0.655509 0.750084 0.655509 0.452583
3 0.655509 0.750084 1.000000 0.750084 0.988825 0.731399 0.666684 0.731399
1 0.776502 0.750084 0.822396 0.750084 0.822396 0.731399 0.776502 0.731399
1 0.834784 0.750084 0.875893 0.750084 0.875893 0.731399 0.834784 0.731399
3 1.000000 0.750084 1.000000 0.065371 0.988825 0.088302 0.988825 0.731399
3 1.000000 0.065371 0.655509 0.065371 0.666684 0.088302 0.988825 0.088302
1 0.817611 0.065371 0.774531 0.065371 0.774531 0.088302 0.817611 0.088302
1 0.877020 0.065371 0.833098 0.065371 0.833098 0.088302 0.877020 0.088302
3 0.666684 0.282842 0.824905 0.282842 0.829984 0.274349 0.666684 0.274349
3 0.824905 0.282842 0.824905 0.308983 0.829984 0.300490 0.829984 0.274349
3 0.824905 0.308983 0.988825 0.308983 0.988825 0.300490 0.829984 0.300490
2 0.833789 0.308983 0.870199 0.308983 0.870199 0.300490 0.833789 0.300490
3 0.666684 0.433898 0.988825 0.433898 0.988825 0.444939 0.666684 0.444939
2 0.832534 0.433898 0.869980 0.433898 0.869980 0.444939 0.832534 0.444939
2 0.781572 0.433898 0.819581 0.433898 0.819581 0.444939 0.781572 0.444939
3 0.875217 0.308983 0.875217 0.444939 0.880805 0.444939 0.880805 0.308983
2 0.875217 0.365997 0.875217 0.431435 0.880805 0.431435 0.880805 0.365997
3 0.824905 0.444939 0.824905 0.731399 0.830492 0.731399 0.830492 0.444939
3 0.756631 0.274349 0.756631 0.088302 0.751552 0.088302 0.751552 0.274349
2 0.756631 0.270926 0.756631 0.089771 0.751552 0.089771 0.751552 0.270926
