0 0.685328 0.717835 0.685330 0.804285 0.685313 0.804285 0.685313 0.808808 0.685330 0.808808 0.685330 0.889395 0.644300 0.889395 0.644300 0.804411 0.616310 0.804411 0.548518 0.710408 0.526815 0.680169 0.526897 0.680037 0.593874 0.590708
0 0.543876 0.716417 0.610588 0.808808 0.610562 0.808889 0.611230 0.886290 0.579384 0.925597 0.579334 0.925597 0.560228 0.949748 0.466551 0.815182 0.548518 0.710408
0 0.819603 0.990631 0.658602 0.990631 0.658602 0.918318 0.688947 0.918318 0.688950 0.894241 0.688950 0.808808 0.819603 0.808808
0 0.640683 0.894241 0.654985 0.894241 0.654985 0.962890 0.585495 0.928792 0.617085 0.889702 0.617048 0.889647 0.616325 0.809257 0.640683 0.809257
0 0.769438 0.804285 0.688950 0.804285 0.688950 0.721343 0.769438 0.721343
0 0.819603 0.804285 0.772815 0.804285 0.772815 0.721343 0.819603 0.721343
0 0.685330 0.913472 0.658602 0.913472 0.658602 0.894241 0.685330 0.894241
3 0.594489 0.576668 0.691197 0.711005 0.687918 0.721343 0.593874 0.590708
1 0.598975 0.582900 0.614198 0.604047 0.608645 0.611226 0.593419 0.590075
1 0.644650 0.646345 0.660030 0.667709 0.654474 0.674887 0.639094 0.653520
2 0.674694 0.688078 0.687139 0.705368 0.681585 0.712546 0.669138 0.695256
3 0.691197 0.711005 0.827320 0.711005 0.819603 0.721343 0.687918 0.721343
1 0.726925 0.711005 0.748442 0.711005 0.748442 0.721343 0.726925 0.721343
1 0.780172 0.711005 0.802692 0.711005 0.802692 0.721343 0.780172 0.721343
3 0.819603 0.721343 0.819603 0.990631 0.827320 1.000000 0.827320 0.711005
2 0.819603 0.759768 0.819603 0.785968 0.827320 0.785968 0.827320 0.759768
2 0.819603 0.828156 0.819603 0.895707 0.827320 0.895707 0.827320 0.828156
2 0.819603 0.903551 0.819603 0.974643 0.827320 0.974643 0.827320 0.903551
3 0.819603 0.990631 0.658602 0.990631 0.651609 1.000000 0.827320 1.000000
3 0.651609 1.000000 0.651609 0.971209 0.658602 0.964674 0.658602 0.990631
3 0.580983 0.936393 0.559912 0.963029 0.560228 0.949748 0.579334 0.925597
3 0.559912 0.963029 0.456722 0.814797 0.466551 0.815182 0.560228 0.949748
3 0.456722 0.814797 0.538612 0.710123 0.548518 0.710408 0.466551 0.815182
3 0.538612 0.710123 0.517013 0.680027 0.526815 0.680169 0.548518 0.710408
3 0.517013 0.680027 0.594489 0.576668 0.593874 0.590708 0.526815 0.680169
1 0.573925 0.604102 0.587995 0.585333 0.592929 0.591968 0.578859 0.610741
3 0.548518 0.710408 0.616310 0.804411 0.610829 0.809257 0.543876 0.716417
2 0.583177 0.758466 0.598449 0.779642 0.593807 0.785654 0.578533 0.764475
3 0.579384 0.925668 0.611230 0.886290 0.617048 0.889647 0.583308 0.931366
3 0.651609 0.971209 0.576997 0.934429 0.579411 0.925635 0.658602 0.964674
3 0.617048 0.889647 0.616310 0.804411 0.610562 0.808889 0.611230 0.886290
3 0.616310 0.804411 0.644300 0.804411 0.640683 0.809257 0.610829 0.809257
3 0.644300 0.804411 0.644300 0.889395 0.640683 0.894241 0.640683 0.809257
2 0.644300 0.849410 0.644300 0.871365 0.640683 0.871365 0.640683 0.849410
3 0.640683 0.894241 0.688950 0.894241 0.685330 0.889395 0.644300 0.889395
2 0.665593 0.894241 0.681981 0.894241 0.681981 0.889395 0.665593 0.889395
3 0.688947 0.889395 0.688947 0.918318 0.685330 0.913472 0.685330 0.894241
3 0.688947 0.918318 0.654985 0.918318 0.658602 0.913472 0.685330 0.913472
2 0.682625 0.918318 0.664843 0.918318 0.664843 0.913472 0.682625 0.913472
3 0.658602 0.918318 0.658602 0.964674 0.654985 0.962890 0.654985 0.913472
3 0.654985 0.918318 0.654985 0.889395 0.658602 0.889395 0.658602 0.913472
3 0.688950 0.894241 0.688909 0.707826 0.685292 0.707830 0.685330 0.889395
2 0.688921 0.766836 0.688916 0.742300 0.685299 0.742300 0.685304 0.766836
3 0.685313 0.808808 0.827320 0.808808 0.827320 0.804285 0.685313 0.804285
2 0.788542 0.808808 0.806394 0.808808 0.806394 0.804285 0.788542 0.804285
3 0.772815 0.808808 0.772815 0.711005 0.769438 0.711005 0.769438 0.808808
0 0.422931 0.530639 0.382339 0.530639 0.382339 0.511162 0.377275 0.508493 0.377275 0.451826 0.422931 0.451826
0 0.480798 0.315860 0.404575 0.315860 0.404575 0.270684 0.407710 0.262404 0.480798 0.262404
0 0.441149 0.262404 0.441149 0.277180 0.428612 0.277180 0.428612 0.291728 0.425960 0.291728 0.425960 0.273950 0.438738 0.273950 0.438738 0.262404
0 0.372693 0.506232 0.322536 0.480164 0.305287 0.471018 0.334229 0.433657 0.372693 0.433657
0 0.467747 0.476947 0.481635 0.476947 0.481635 0.530639 0.425342 0.530639 0.425342 0.433040 0.467747 0.433040
0 0.540678 0.530639 0.484528 0.530639 0.484528 0.473070 0.470641 0.473070 0.470641 0.398657 0.540678 0.398657
0 0.540678 0.395103 0.470641 0.395103 0.470641 0.319091 0.483209 0.319091 0.483209 0.262404 0.540678 0.262404
0 0.402164 0.319091 0.467265 0.319091 0.467265 0.429809 0.422931 0.429809 0.422931 0.447949 0.377275 0.447949 0.377275 0.429457 0.336042 0.429457 0.336042 0.410064 0.335741 0.410064 0.335741 0.315537 0.402164 0.315537
0 0.405361 0.261677 0.402164 0.269912 0.402164 0.315537 0.335741 0.315537 0.335741 0.343088 0.270321 0.260385 0.270242 0.260378 0.244487 0.226134 0.312391 0.136379
0 0.335741 0.343088 0.335741 0.410064 0.332907 0.410064 0.332907 0.429457 0.301908 0.469490 0.288588 0.486961 0.240902 0.422237 0.317344 0.319827
0 0.317344 0.319827 0.240902 0.422237 0.195888 0.361260 0.270321 0.260385
0 0.258662 0.260456 0.225551 0.216297 0.150157 0.315324 0.184363 0.361263 0.258662 0.260456
0 0.306464 0.480164 0.274973 0.520831 0.372751 0.567648 0.372693 0.514476 0.306464 0.480164 0.306464 0.480164
3 0.313478 0.119512 0.409904 0.249481 0.405892 0.262404 0.312391 0.136379
1 0.319148 0.127156 0.333161 0.146045 0.326319 0.155155 0.312306 0.136266
1 0.396043 0.230799 0.409779 0.249314 0.402938 0.258424 0.389202 0.239909
3 0.409904 0.249481 0.550324 0.249481 0.540678 0.262404 0.405892 0.262404
1 0.447887 0.249481 0.466153 0.249481 0.466153 0.262404 0.447887 0.262404
1 0.501307 0.249481 0.539837 0.249481 0.539837 0.262404 0.501307 0.262404
3 0.540678 0.262404 0.540678 0.530639 0.550324 0.543561 0.550324 0.249481
1 0.540678 0.263260 0.540678 0.279051 0.550324 0.279051 0.550324 0.263260
1 0.540678 0.357541 0.540678 0.374347 0.550324 0.374347 0.550324 0.357541
1 0.540678 0.429199 0.540678 0.442864 0.550324 0.442864 0.550324 0.429199
1 0.540678 0.513691 0.540678 0.530313 0.550324 0.530313 0.550324 0.513691
3 0.540678 0.530639 0.382339 0.530639 0.372693 0.543561 0.550324 0.543561
2 0.455931 0.530639 0.436965 0.530639 0.436965 0.543561 0.455931 0.543561
1 0.539547 0.530639 0.500805 0.530639 0.500805 0.543561 0.539547 0.543561
1 0.475162 0.530639 0.457289 0.530639 0.457289 0.543561 0.475162 0.543561
1 0.412441 0.530639 0.399788 0.530639 0.399788 0.543561 0.412441 0.543561
3 0.382339 0.530639 0.382339 0.511162 0.372693 0.514476 0.372693 0.543561
3 0.382339 0.511162 0.301908 0.469490 0.306464 0.480164 0.372693 0.514476
2 0.350364 0.494595 0.330392 0.484248 0.328304 0.491478 0.348275 0.501825
1 0.372587 0.506109 0.352908 0.495913 0.350819 0.503143 0.370499 0.513339
1 0.328998 0.483524 0.309350 0.473344 0.307264 0.480578 0.326910 0.490757
3 0.301908 0.469490 0.288588 0.486961 0.288969 0.503108 0.306464 0.480164
1 0.299765 0.472301 0.289591 0.485643 0.295803 0.494143 0.305976 0.480804
3 0.288969 0.503108 0.184363 0.361263 0.195888 0.361260 0.288588 0.486961
1 0.282480 0.494304 0.267951 0.474604 0.273784 0.466887 0.288310 0.486583
1 0.231483 0.425154 0.190245 0.369236 0.196076 0.361515 0.237316 0.417436
3 0.184363 0.361263 0.258662 0.260456 0.270242 0.260378 0.195888 0.361260
2 0.245114 0.278838 0.257116 0.262556 0.262949 0.270274 0.250948 0.286556
1 0.190997 0.352262 0.243530 0.280986 0.249363 0.288704 0.196830 0.359980
3 0.258662 0.260456 0.232831 0.226111 0.244487 0.226134 0.270242 0.260378
3 0.232831 0.226111 0.313478 0.119512 0.312391 0.136379 0.244487 0.226134
1 0.239756 0.216959 0.306162 0.129181 0.311921 0.137002 0.245515 0.224777
3 0.372693 0.514476 0.372693 0.433657 0.377275 0.429457 0.377275 0.514476
2 0.372693 0.505854 0.372693 0.473548 0.377275 0.473548 0.377275 0.505854
3 0.301908 0.469490 0.332907 0.429457 0.336042 0.431244 0.304086 0.472514
3 0.332907 0.429457 0.377275 0.429457 0.372693 0.433657 0.334173 0.433657
2 0.347260 0.429457 0.368505 0.429457 0.368505 0.433657 0.347260 0.433657
3 0.332907 0.429457 0.332907 0.410064 0.336042 0.410064 0.336042 0.431244
3 0.425342 0.543561 0.425342 0.433040 0.422931 0.429809 0.422931 0.543561
2 0.425342 0.500856 0.425342 0.472931 0.422931 0.472931 0.422931 0.500856
3 0.422931 0.429809 0.467747 0.429809 0.467747 0.433040 0.425342 0.433040
2 0.447390 0.429809 0.464759 0.429809 0.464759 0.433040 0.447390 0.433040
3 0.470641 0.430365 0.470641 0.473070 0.467747 0.476947 0.467747 0.430365
3 0.467747 0.476947 0.481635 0.476947 0.484528 0.473070 0.470641 0.473070
3 0.484528 0.473070 0.484528 0.543561 0.481635 0.543561 0.481635 0.476947
3 0.425342 0.451826 0.372693 0.451826 0.372693 0.447949 0.425342 0.447949
3 0.470641 0.430365 0.470641 0.319091 0.467265 0.315860 0.467265 0.430365
2 0.470641 0.427942 0.470641 0.405057 0.467265 0.405057 0.467265 0.427942
2 0.470641 0.387582 0.470641 0.363650 0.467265 0.363650 0.467265 0.387582
3 0.402164 0.269912 0.402164 0.319091 0.404575 0.315860 0.404575 0.270684
3 0.404575 0.315860 0.470641 0.315860 0.470641 0.319091 0.402164 0.319091
2 0.446343 0.315860 0.464709 0.315860 0.464709 0.319091 0.446343 0.319091
3 0.402164 0.269912 0.409897 0.249501 0.412048 0.250964 0.404575 0.270684
3 0.480798 0.315860 0.480798 0.249481 0.483209 0.249481 0.483209 0.319091
3 0.467265 0.398657 0.550324 0.398657 0.550324 0.395103 0.467265 0.395103
0 0.868811 0.466189 0.827019 0.466189 0.827019 0.412997 0.868811 0.412997
0 0.868811 0.526979 0.820317 0.526979 0.820317 0.471681 0.868811 0.471681
0 0.844275 0.258821 0.917686 0.258821 0.917686 0.312026 0.840344 0.312026 0.840344 0.269288 0.844000 0.258446
0 0.762621 0.435812 0.740853 0.465410 0.726571 0.484484 0.685569 0.431282 0.715488 0.387666 0.762621 0.387666
0 0.976923 0.341589 0.879945 0.341589 0.879945 0.315902 0.920580 0.315902 0.920580 0.258821 0.976923 0.258821
0 0.819275 0.390680 0.823985 0.398654 0.823884 0.398796 0.823884 0.466189 0.815977 0.466189 0.815977 0.499771 0.744167 0.466819 0.766687 0.436267 0.766687 0.387666 0.813276 0.387666
0 0.986086 0.444369 0.996865 0.444369 0.996865 0.549896 0.875971 0.549896 0.875971 0.540224 0.923546 0.540224 0.923546 0.473483 0.986086 0.473483 0.986086 0.444369
0 0.669261 0.425406 0.661602 0.435928 0.579112 0.329894 0.660604 0.214617 0.695229 0.259509 0.620323 0.361899 0.669261 0.425406 0.669261 0.425406
0 0.841830 0.255539 0.840585 0.259322 0.837692 0.267737 0.837692 0.315902 0.877292 0.315902 0.877292 0.365808 0.851256 0.365808 0.851256 0.345882 0.776675 0.347032 0.680505 0.225171 0.680510 0.225032 0.745884 0.133068
0 0.776675 0.347032 0.851256 0.345882 0.851256 0.365808 0.877292 0.365808 0.877292 0.408798 0.827019 0.408798 0.827019 0.396311 0.821521 0.386636 0.813932 0.382820 0.774524 0.382820 0.774524 0.344380
0 0.774524 0.344380 0.774524 0.382820 0.714892 0.382820 0.714988 0.382824 0.683399 0.428375 0.631951 0.361699 0.706847 0.259322 0.680505 0.225171
0 0.976923 0.461207 0.914382 0.461207 0.914382 0.471681 0.886176 0.471681 0.886176 0.466189 0.871464 0.466189 0.871464 0.412351 0.886176 0.412351 0.886176 0.408798 0.879945 0.408798 0.879945 0.345465 0.976923 0.345465
0 0.914382 0.526979 0.871464 0.526979 0.871464 0.471681 0.914382 0.471681
3 0.745884 0.133068 0.844275 0.258821 0.845693 0.245899 0.745440 0.117764
1 0.746460 0.133804 0.761855 0.153478 0.767348 0.145764 0.751953 0.126090
1 0.762028 0.153701 0.825273 0.234537 0.830766 0.226822 0.767521 0.145987
1 0.825364 0.234653 0.839715 0.252993 0.845208 0.245279 0.830858 0.226939
3 0.844275 0.258821 0.976923 0.258821 0.986086 0.245899 0.845693 0.245899
1 0.865317 0.258821 0.873899 0.258821 0.873899 0.245899 0.865317 0.245899
1 0.893557 0.258821 0.904208 0.258821 0.904208 0.245899 0.893557 0.245899
1 0.929953 0.258821 0.940177 0.258821 0.940177 0.245899 0.929953 0.245899
3 0.976923 0.258821 0.976923 0.461207 0.986086 0.473483 0.986086 0.245899
1 0.976923 0.353916 0.976923 0.367818 0.986086 0.367818 0.986086 0.353916
1 0.976923 0.444944 0.976923 0.460933 0.986086 0.460933 0.986086 0.444944
3 0.986086 0.473483 0.923546 0.473483 0.914382 0.461207 0.976923 0.461207
1 0.975550 0.473483 0.958036 0.473483 0.958036 0.461207 0.975550 0.461207
1 0.957839 0.473483 0.939437 0.473483 0.939437 0.461207 0.957839 0.461207
3 0.923546 0.473483 0.923546 0.540224 0.914382 0.526979 0.914382 0.461207
2 0.923546 0.475641 0.923546 0.500304 0.914382 0.500304 0.914382 0.475641
1 0.923546 0.501971 0.923546 0.526290 0.914382 0.526290 0.914382 0.501971
3 0.914382 0.526979 0.820317 0.526979 0.812118 0.540224 0.923546 0.540224
1 0.913613 0.526979 0.876325 0.526979 0.876325 0.540224 0.913613 0.540224
1 0.850381 0.526979 0.839143 0.526979 0.839143 0.540224 0.850381 0.540224
3 0.820317 0.526979 0.820317 0.501644 0.812118 0.509508 0.812118 0.540224
3 0.820317 0.501644 0.740853 0.465410 0.743033 0.478006 0.812118 0.509508
1 0.813264 0.498427 0.779205 0.482897 0.776562 0.493293 0.810623 0.508826
1 0.778732 0.482681 0.747123 0.468269 0.744483 0.478665 0.776092 0.493080
3 0.743033 0.478006 0.726653 0.499884 0.726571 0.484484 0.740853 0.465410
1 0.742421 0.478824 0.732580 0.491966 0.726792 0.484186 0.736633 0.471044
3 0.726653 0.499884 0.620323 0.361899 0.631951 0.361699 0.726571 0.484484
1 0.720385 0.491749 0.707465 0.474986 0.713170 0.467097 0.726091 0.483860
1 0.668737 0.424728 0.626957 0.370509 0.632662 0.362620 0.674440 0.416835
3 0.620323 0.361899 0.695229 0.259509 0.706847 0.259322 0.631951 0.361699
2 0.681113 0.278805 0.693794 0.261473 0.699649 0.269159 0.686968 0.286494
1 0.626448 0.353529 0.680013 0.280308 0.685868 0.287996 0.632303 0.361218
3 0.745884 0.133068 0.680510 0.225032 0.668974 0.225330 0.745440 0.117764
1 0.745544 0.133546 0.681173 0.224096 0.675236 0.216523 0.739607 0.125973
3 0.668974 0.225330 0.695229 0.259509 0.706847 0.259322 0.680510 0.225032
3 0.820317 0.501644 0.820317 0.471681 0.815977 0.466189 0.815977 0.501644
3 0.815977 0.466189 0.886176 0.466189 0.886176 0.471681 0.820317 0.471681
2 0.843841 0.466189 0.856588 0.466189 0.856588 0.471681 0.843841 0.471681
3 0.871464 0.540224 0.871464 0.408798 0.868811 0.412997 0.868811 0.540224
3 0.868811 0.408798 0.886176 0.408798 0.886176 0.412351 0.868811 0.412351
3 0.837692 0.267737 0.837692 0.315902 0.840344 0.312026 0.840344 0.269288
3 0.837692 0.315902 0.920580 0.315902 0.917686 0.312026 0.840344 0.312026
2 0.884575 0.315902 0.901874 0.315902 0.901874 0.312026 0.884575 0.312026
3 0.920580 0.315902 0.920580 0.245899 0.917686 0.245899 0.917686 0.312026
3 0.877292 0.312026 0.877292 0.412351 0.879945 0.412351 0.879945 0.312026
2 0.877292 0.382430 0.877292 0.404992 0.879945 0.404992 0.879945 0.382430
3 0.877292 0.345465 0.986086 0.345465 0.986086 0.341589 0.877292 0.341589
2 0.885021 0.345465 0.902942 0.345465 0.902942 0.341589 0.885021 0.341589
3 0.837692 0.267737 0.845321 0.245424 0.847952 0.247039 0.840344 0.269288
3 0.679873 0.439210 0.715488 0.387666 0.714892 0.382820 0.677751 0.436577
3 0.715488 0.387666 0.813276 0.387666 0.813932 0.382820 0.714892 0.382820
2 0.777717 0.387666 0.793881 0.387666 0.793881 0.382820 0.777717 0.382820
3 0.823884 0.398796 0.823884 0.471681 0.827019 0.471681 0.827019 0.396311
3 0.871464 0.408798 0.823884 0.408798 0.823884 0.412997 0.868811 0.412997
2 0.856525 0.408798 0.841781 0.408798 0.841781 0.412997 0.856525 0.412997
3 0.740853 0.465410 0.762621 0.435812 0.766687 0.436267 0.744150 0.466912
3 0.762621 0.435812 0.762621 0.382820 0.766687 0.382820 0.766687 0.436267
2 0.762621 0.434639 0.762621 0.415110 0.766687 0.415110 0.766687 0.434639
