0 0.394513 0.063551 0.394513 0.111073 0.726802 0.110951 0.726802 0.005588 0.394513 0.005588 0.394513 0.063551 0.394513 0.063551
0 0.974370 0.411594 0.837849 0.411594 0.837849 0.310027 0.974370 0.310027
0 0.974370 0.304347 0.911455 0.304347 0.911455 0.310027 0.861759 0.310027 0.861759 0.304347 0.837849 0.304347 0.837849 0.271460 0.974370 0.271460
0 0.705876 0.416770 0.704006 0.542640 0.452144 0.542640 0.452144 0.371109 0.492107 0.371109 0.492107 0.365867 0.705876 0.365867
0 0.705876 0.365867 0.444326 0.365867 0.444326 0.311058 0.398207 0.311058 0.398207 0.124494 0.705876 0.124494
0 0.705876 0.542640 0.704006 0.542640 0.705876 0.416770
0 0.444326 0.451073 0.286482 0.451073 0.286482 0.370965 0.325670 0.370965 0.325670 0.365723 0.153356 0.365723 0.153356 0.311058 0.444326 0.311058
0 0.411608 0.676496 0.058550 0.676496 0.058550 0.950638 0.411608 0.950638 0.411608 0.676496 0.411608 0.676496
0 0.726072 0.531186 0.726072 0.582251 0.843055 0.582251 0.843055 0.531347 0.726072 0.531186 0.726072 0.531186
0 0.431948 0.530198 0.431948 0.582898 0.313864 0.582898 0.313864 0.530198 0.431948 0.530198 0.431948 0.530198
0 0.880724 0.944811 0.428547 0.944811 0.428547 0.682612 0.880724 0.682612
0 0.979804 0.265781 0.714345 0.265781 0.714345 0.124494 0.979804 0.124494
0 0.279342 0.451073 0.239698 0.451073 0.239698 0.516656 0.042302 0.516656 0.042302 0.370965 0.279342 0.370965
0 0.213743 0.305378 0.042302 0.305378 0.042302 0.124494 0.213743 0.124494
0 0.389738 0.305378 0.222212 0.305378 0.222212 0.124494 0.389738 0.124494
0 0.979804 0.517643 0.714345 0.517643 0.714345 0.417273 0.979804 0.417273
0 0.825530 0.408531 0.720248 0.408531 0.720248 0.324941 0.825530 0.324941
0 0.444326 0.516656 0.332185 0.516656 0.332185 0.456316 0.444326 0.456316
0 0.829380 0.316291 0.714345 0.316291 0.714345 0.271460 0.829380 0.271460
0 0.145538 0.365723 0.042302 0.365723 0.042302 0.311058 0.145538 0.311058
0 0.324367 0.516656 0.247516 0.516656 0.247516 0.456316 0.324367 0.456316
3 0.431948 0.555746 0.726072 0.555746 0.705876 0.542640 0.452144 0.542640
1 0.532213 0.555746 0.560429 0.555746 0.560429 0.542640 0.532213 0.542640
1 0.560429 0.555746 0.622348 0.555746 0.622348 0.542640 0.560429 0.542640
1 0.622348 0.555746 0.646251 0.555746 0.646251 0.542640 0.622348 0.542640
3 0.726072 0.555746 0.726072 0.531186 0.705876 0.517643 0.705876 0.542640
3 0.705876 0.517643 0.979804 0.517643 1.000000 0.531186 0.726072 0.531186
2 0.750099 0.517643 0.803789 0.517643 0.803789 0.531186 0.750099 0.531186
1 0.864919 0.517643 0.917820 0.517643 0.917820 0.531186 0.864919 0.531186
3 0.979804 0.124494 0.042302 0.124494 0.022105 0.110951 1.000000 0.110951
1 0.899018 0.124494 0.834123 0.124494 0.834123 0.110951 0.899018 0.110951
1 0.834123 0.124494 0.808767 0.124494 0.808767 0.110951 0.834123 0.110951
1 0.664786 0.124494 0.593610 0.124494 0.593610 0.110951 0.664786 0.110951
1 0.587330 0.124494 0.515691 0.124494 0.515691 0.110951 0.587330 0.110951
2 0.505456 0.124494 0.451721 0.124494 0.451721 0.110951 0.505456 0.110951
1 0.332400 0.124494 0.267270 0.124494 0.267270 0.110951 0.332400 0.110951
1 0.267270 0.124494 0.240519 0.124494 0.240519 0.110951 0.267270 0.110951
1 0.195397 0.124494 0.128175 0.124494 0.128175 0.110951 0.195397 0.110951
1 0.127941 0.124494 0.103288 0.124494 0.103288 0.110951 0.127941 0.110951
3 0.042302 0.124494 0.042302 0.516656 0.022105 0.530198 0.022105 0.110951
3 0.042302 0.516656 0.452144 0.516656 0.431948 0.530198 0.022105 0.530198
1 0.102330 0.516656 0.169337 0.516656 0.169337 0.530198 0.102330 0.530198
1 0.169337 0.516656 0.195983 0.516656 0.195983 0.530198 0.169337 0.530198
2 0.343332 0.516656 0.403680 0.516656 0.403680 0.530198 0.343332 0.530198
3 0.431948 0.530198 0.431948 0.555746 0.452144 0.542640 0.452144 0.516656
3 0.979804 0.517643 0.979804 0.417273 1.000000 0.417273 1.000000 0.531186
3 0.974370 0.417273 0.974370 0.271460 1.000000 0.271460 1.000000 0.417273
1 0.974370 0.371044 0.974370 0.349148 1.000000 0.349148 1.000000 0.371044
3 0.979804 0.271460 0.979804 0.124494 1.000000 0.110951 1.000000 0.271460
3 0.705876 0.271460 0.829380 0.271460 0.837849 0.265781 0.705876 0.265781
2 0.742079 0.271460 0.789372 0.271460 0.789372 0.265781 0.742079 0.265781
3 0.829380 0.271460 0.979804 0.271460 0.979804 0.265781 0.829380 0.265781
2 0.862632 0.271460 0.909103 0.271460 0.909103 0.265781 0.862632 0.265781
3 0.705876 0.417273 0.837849 0.417273 0.825530 0.408531 0.720248 0.408531
3 0.837849 0.417273 0.979804 0.417273 0.979804 0.411594 0.837849 0.411594
2 0.851765 0.417273 0.905957 0.417273 0.905957 0.411594 0.851765 0.411594
3 0.705876 0.324941 0.705876 0.110951 0.714345 0.110951 0.714345 0.316291
2 0.705876 0.264466 0.705876 0.228533 0.714345 0.228533 0.714345 0.264466
3 0.837849 0.417273 0.837849 0.316291 0.825530 0.324941 0.825530 0.408531
2 0.837849 0.361843 0.837849 0.326675 0.825530 0.326675 0.825530 0.361843
3 0.837849 0.316291 0.837849 0.265781 0.829380 0.271460 0.829380 0.316291
3 0.714345 0.316291 0.837849 0.316291 0.825530 0.324941 0.705876 0.324941
3 0.829380 0.310027 0.861759 0.310027 0.861759 0.304347 0.829380 0.304347
3 0.911455 0.310027 1.000000 0.310027 1.000000 0.304347 0.911455 0.304347
3 0.705876 0.517643 0.705876 0.408531 0.714345 0.417273 0.714345 0.517643
2 0.705876 0.501597 0.705876 0.466263 0.714345 0.466263 0.714345 0.501597
3 0.705876 0.417273 0.705876 0.316291 0.720248 0.316291 0.720248 0.408531
3 0.022105 0.311058 0.398207 0.311058 0.389738 0.305378 0.022105 0.305378
2 0.156105 0.311058 0.209651 0.311058 0.209651 0.305378 0.156105 0.305378
2 0.227066 0.311058 0.281400 0.311058 0.281400 0.305378 0.227066 0.305378
3 0.398207 0.311058 0.398207 0.110951 0.389738 0.110951 0.389738 0.305378
3 0.222212 0.311058 0.222212 0.110951 0.213743 0.110951 0.213743 0.311058
3 0.452144 0.516656 0.452144 0.371109 0.444326 0.365867 0.444326 0.516656
3 0.444326 0.365867 0.492107 0.365867 0.492107 0.371109 0.452144 0.371109
3 0.247516 0.530198 0.247516 0.456316 0.239698 0.451073 0.239698 0.530198
3 0.247516 0.456316 0.452144 0.456316 0.452144 0.451073 0.239698 0.451073
2 0.343299 0.456316 0.405452 0.456316 0.405452 0.451073 0.343299 0.451073
3 0.022105 0.370965 0.325670 0.370965 0.325670 0.365723 0.022105 0.365723
2 0.180112 0.370965 0.234187 0.370965 0.234187 0.365723 0.180112 0.365723
3 0.286482 0.456316 0.286482 0.365723 0.279342 0.365723 0.279342 0.456316
3 0.153356 0.370965 0.153356 0.305378 0.145538 0.305378 0.145538 0.370965
2 0.153356 0.351455 0.153356 0.316252 0.145538 0.316252 0.145538 0.351455
3 0.428547 0.682612 0.880724 0.682612 0.897663 0.671254 0.411608 0.671254
3 0.880724 0.682612 0.880724 0.944811 0.897663 0.956169 0.897663 0.671254
3 0.880724 0.944811 0.428547 0.944811 0.411608 0.956169 0.897663 0.956169
2 0.525412 0.944811 0.460047 0.944811 0.460047 0.956169 0.525412 0.956169
1 0.592359 0.944811 0.531738 0.944811 0.531738 0.956169 0.592359 0.956169
1 0.666688 0.944811 0.603956 0.944811 0.603956 0.956169 0.666688 0.956169
1 0.739962 0.944811 0.679340 0.944811 0.679340 0.956169 0.739962 0.956169
3 0.428547 0.944811 0.428547 0.682612 0.411608 0.671254 0.411608 0.956169
3 0.332185 0.530198 0.332185 0.451073 0.324367 0.451073 0.324367 0.530198
2 0.332185 0.495367 0.332185 0.459216 0.324367 0.459216 0.324367 0.495367
