0 0.816606 0.844426 0.736542 0.844426 0.736542 0.764656 0.816606 0.764656
0 0.900238 0.621875 0.873409 0.621875 0.873409 0.630266 0.900238 0.630266 0.900238 0.844426 0.821214 0.844426 0.821214 0.540862 0.900238 0.540862
0 0.816606 0.504009 0.523090 0.504009 0.523090 0.250235 0.518481 0.250235 0.518481 0.504009 0.518364 0.504009 0.518364 0.250235 0.816606 0.250235
0 0.731934 0.764366 0.731934 0.844426 0.532692 0.844426 0.532692 0.596473 0.474463 0.596473 0.474463 0.512400 0.523090 0.512400 0.523090 0.504009 0.731096 0.504009
0 0.816606 0.504009 0.816606 0.756265 0.736542 0.756265 0.736542 0.659056 0.731934 0.659056 0.731934 0.756265 0.731071 0.504009
0 0.528083 0.844426 0.474463 0.844426 0.474463 0.720251 0.528083 0.720251
0 0.518364 0.504009 0.354174 0.504009 0.354174 0.250235 0.518364 0.250235
0 0.711201 0.866594 0.711201 0.979869 0.816907 0.979869 0.816907 0.866594 0.711201 0.866594 0.711201 0.866594
0 0.912387 0.540862 0.946665 0.540862 0.946665 0.621875 0.912387 0.621875 0.912387 0.540862 0.912387 0.540862
0 0.612030 0.229638 0.811997 0.229638 0.811997 0.042406 0.612030 0.042406 0.612030 0.229638 0.612030 0.229638
0 0.342863 0.780813 0.084039 0.780813 0.084039 0.317570 0.342863 0.317570
0 0.469855 0.844426 0.354174 0.844426 0.354174 0.512400 0.469855 0.512400
0 0.900238 0.532470 0.821214 0.532470 0.821214 0.362693 0.900238 0.362693
0 0.900238 0.354301 0.821214 0.354301 0.821214 0.250235 0.900238 0.250235
0 0.528083 0.711860 0.474463 0.711860 0.474463 0.604864 0.528083 0.604864
3 0.342863 0.866549 0.912387 0.866549 0.900238 0.844426 0.354174 0.844426
1 0.841034 0.866549 0.874163 0.866549 0.874163 0.844426 0.841034 0.844426
2 0.744167 0.866549 0.781838 0.866549 0.781838 0.844426 0.744167 0.844426
1 0.634669 0.866549 0.676752 0.866549 0.676752 0.844426 0.634669 0.844426
1 0.583014 0.866549 0.627489 0.866549 0.627489 0.844426 0.583014 0.844426
1 0.402226 0.866549 0.463642 0.866549 0.463642 0.844426 0.402226 0.844426
3 0.900238 0.844426 0.900238 0.250235 0.912387 0.229638 0.912387 0.866549
1 0.900238 0.510294 0.900238 0.453112 0.912387 0.453112 0.912387 0.510294
2 0.900238 0.611890 0.900238 0.553303 0.912387 0.553303 0.912387 0.611890
3 0.900238 0.250235 0.354174 0.250235 0.342863 0.229638 0.912387 0.229638
1 0.463487 0.250235 0.400157 0.250235 0.400157 0.229638 0.463487 0.229638
1 0.570572 0.250235 0.526433 0.250235 0.526433 0.229638 0.570572 0.229638
1 0.677275 0.250235 0.634284 0.250235 0.634284 0.229638 0.677275 0.229638
1 0.726404 0.250235 0.683413 0.250235 0.683413 0.229638 0.726404 0.229638
2 0.768620 0.250235 0.736764 0.250235 0.736764 0.229638 0.768620 0.229638
1 0.830673 0.250235 0.824963 0.250235 0.824963 0.229638 0.830673 0.229638
3 0.342863 0.229638 0.342863 0.306891 0.354174 0.317570 0.354174 0.250235
3 0.342863 0.866549 0.342863 0.791493 0.354174 0.780813 0.354174 0.844426
3 0.354174 0.306891 0.354174 0.791493 0.342863 0.791493 0.342863 0.306891
3 0.342863 0.791493 0.078174 0.791493 0.084039 0.780813 0.354174 0.780813
2 0.301375 0.791493 0.262422 0.791493 0.262422 0.780813 0.301375 0.780813
2 0.198007 0.791493 0.098165 0.791493 0.098165 0.780813 0.198007 0.780813
3 0.078174 0.791493 0.078174 0.306891 0.084039 0.317570 0.084039 0.780813
3 0.078174 0.306891 0.342863 0.306891 0.354174 0.317570 0.084039 0.317570
1 0.136033 0.306891 0.186398 0.306891 0.186398 0.317570 0.136033 0.317570
1 0.238723 0.306891 0.286851 0.306891 0.286851 0.317570 0.238723 0.317570
3 0.354174 0.512400 0.523090 0.512400 0.518481 0.504009 0.354174 0.504009
2 0.476705 0.512400 0.514388 0.512400 0.514388 0.504009 0.476705 0.504009
3 0.523090 0.512400 0.523090 0.250235 0.518481 0.250235 0.518481 0.504009
3 0.816606 0.250235 0.816606 0.844426 0.821214 0.844426 0.821214 0.250235
2 0.816606 0.574999 0.816606 0.640206 0.821214 0.640206 0.821214 0.574999
3 0.821214 0.354301 0.900238 0.354301 0.900238 0.362693 0.821214 0.362693
2 0.860175 0.354301 0.893481 0.354301 0.893481 0.362693 0.860175 0.362693
3 0.469855 0.844426 0.469855 0.504009 0.474463 0.504009 0.474463 0.844426
2 0.469855 0.802401 0.469855 0.736942 0.474463 0.736942 0.474463 0.802401
2 0.469855 0.586762 0.469855 0.520250 0.474463 0.520250 0.474463 0.586762
3 0.474463 0.596473 0.532692 0.596473 0.528083 0.604864 0.474463 0.604864
2 0.485892 0.596473 0.522482 0.596473 0.522482 0.604864 0.485892 0.604864
3 0.532692 0.596473 0.532692 0.844426 0.528083 0.844426 0.528083 0.604864
3 0.474463 0.711860 0.528083 0.711860 0.528083 0.720251 0.474463 0.720251
3 0.731934 0.844426 0.731934 0.659056 0.736542 0.659056 0.736542 0.844426
3 0.736542 0.756265 0.821214 0.756265 0.821214 0.764656 0.736542 0.764656
2 0.740857 0.756265 0.780183 0.756265 0.780183 0.764656 0.740857 0.764656
3 0.821214 0.532470 0.900238 0.532470 0.900238 0.540862 0.821214 0.540862
2 0.837527 0.532470 0.871436 0.532470 0.871436 0.540862 0.837527 0.540862
3 0.900238 0.621875 0.873409 0.621875 0.873409 0.630266 0.900238 0.630266
