0 0.497904 0.417460 0.597123 0.429494 0.597123 0.940490 0.596405 0.940490 0.596405 0.484451 0.244799 0.484392 0.245151 0.187217 0.514415 0.187217
0 0.675530 0.439182 0.675128 0.439720 0.675128 0.440732 0.682070 0.442104 0.682709 0.439720 0.757419 0.449080 0.731525 0.521529 0.727950 0.531846 0.728209 0.531846 0.685853 0.650501 0.685853 0.724354 0.713578 0.729279 0.681273 0.824004 0.681065 0.824177 0.760958 0.840151 0.727060 0.940490 0.597123 0.940490 0.597123 0.429494
0 0.416790 0.620570 0.245151 0.620570 0.244799 0.484392 0.416790 0.484392
0 0.596405 0.484451 0.596405 0.586243 0.589226 0.586243 0.589226 0.620570 0.416790 0.620570 0.416790 0.484392
0 0.328095 0.166276 0.328461 0.007998 0.015485 0.007998 0.015485 0.622454 0.228639 0.622723 0.228639 0.474268 0.234102 0.474268 0.234102 0.424365 0.228639 0.424365 0.228639 0.165689 0.328461 0.165689 0.328095 0.166276
0 0.596405 0.484451 0.596405 0.549047 0.589226 0.549047 0.589226 0.489833 0.416790 0.489833 0.416790 0.484451
0 0.885871 0.462863 0.767419 0.441873 0.760384 0.440888 0.760241 0.441335 0.756651 0.440797 0.685581 0.431647 0.701561 0.386690 0.757592 0.386690 0.782718 0.187217 0.978700 0.187217
0 0.751059 0.381308 0.696026 0.381308 0.678402 0.431109 0.505635 0.409952 0.521429 0.187217 0.775467 0.187217
0 0.792617 0.539268 0.794455 0.534069 0.790751 0.544553 0.855001 0.557051 0.827722 0.643165 0.802093 0.637901 0.788626 0.674645 0.827377 0.682626 0.814183 0.680032 0.794699 0.737890 0.721475 0.725135 0.722142 0.725135 0.715014 0.723897 0.692759 0.720129 0.693032 0.720081 0.693032 0.651206 0.735115 0.533369 0.741762 0.534656 0.742480 0.533369 0.742480 0.531846 0.743729 0.529602
0 0.878692 0.472013 0.864334 0.513994 0.853566 0.545748 0.794455 0.534069 0.745510 0.524295 0.745165 0.524220 0.738704 0.523143 0.763830 0.452099
0 0.793263 0.743272 0.762394 0.834769 0.689773 0.820350 0.689888 0.820237 0.720039 0.730355
3 0.490603 0.629720 0.461844 0.629720 0.461844 0.620570 0.490603 0.620570
3 0.461844 0.629720 0.228639 0.629720 0.245151 0.620570 0.461844 0.620570
3 0.245151 0.620570 0.245151 0.474268 0.228639 0.474268 0.228639 0.629720
1 0.245151 0.517234 0.245151 0.490527 0.228639 0.490527 0.228639 0.517234
1 0.245151 0.585231 0.245151 0.516959 0.228639 0.516959 0.228639 0.585231
3 0.245151 0.474268 0.245151 0.424365 0.234102 0.424365 0.234102 0.474268
2 0.245151 0.469828 0.245151 0.427691 0.234102 0.427691 0.234102 0.469828
3 0.245151 0.424365 0.245151 0.187217 0.228639 0.165689 0.228639 0.424365
1 0.245151 0.390269 0.245151 0.301109 0.228639 0.301109 0.228639 0.390269
1 0.245151 0.282002 0.245151 0.191566 0.228639 0.191566 0.228639 0.282002
3 0.245151 0.187217 0.978700 0.187217 1.000000 0.165689 0.228639 0.165689
1 0.265460 0.187217 0.326616 0.187217 0.326616 0.165689 0.265460 0.165689
1 0.375038 0.187217 0.478672 0.187217 0.478672 0.165689 0.375038 0.165689
1 0.478248 0.187217 0.512649 0.187217 0.512649 0.165689 0.478248 0.165689
1 0.570417 0.187217 0.611617 0.187217 0.611617 0.165689 0.570417 0.165689
1 0.611617 0.187217 0.693592 0.187217 0.693592 0.165689 0.611617 0.165689
1 0.692314 0.187217 0.729695 0.187217 0.729695 0.165689 0.692314 0.165689
1 0.788303 0.187217 0.827808 0.187217 0.827808 0.165689 0.788303 0.165689
1 0.826107 0.187217 0.926345 0.187217 0.926345 0.165689 0.826107 0.165689
3 1.000000 0.165689 0.898469 0.467809 0.885239 0.465323 0.978700 0.187217
3 0.868849 0.556647 0.840838 0.645883 0.827621 0.643358 0.855590 0.554236
3 0.840838 0.645883 0.827377 0.682626 0.788626 0.674645 0.802093 0.637901
3 0.827377 0.682626 0.737706 0.950716 0.727060 0.940490 0.814183 0.680032
3 0.727060 0.940490 0.596405 0.940490 0.582765 0.950716 0.737706 0.950716
2 0.667490 0.940490 0.601753 0.940490 0.601753 0.950716 0.667490 0.950716
3 0.596405 0.940490 0.596405 0.620570 0.582765 0.629957 0.582765 0.950716
3 0.596405 0.620570 0.490603 0.620570 0.490603 0.629957 0.582765 0.629957
3 0.596405 0.629957 0.596405 0.586243 0.589226 0.586243 0.589226 0.629957
3 0.596405 0.549047 0.596405 0.484451 0.589226 0.489833 0.589226 0.549047
3 0.596405 0.484451 0.416790 0.484451 0.416790 0.489833 0.589226 0.489833
3 0.523310 0.165689 0.505635 0.409952 0.497904 0.417460 0.516145 0.165398
3 0.497904 0.417460 0.757419 0.449080 0.767419 0.441846 0.505635 0.409952
2 0.612399 0.431410 0.668588 0.438256 0.670376 0.430022 0.614187 0.423175
2 0.693233 0.441259 0.747864 0.447912 0.749645 0.439677 0.695014 0.433025
3 0.757312 0.450743 0.896057 0.475054 0.899130 0.465199 0.760384 0.440888
3 0.757419 0.449080 0.685853 0.650501 0.693032 0.651206 0.767419 0.441846
2 0.713219 0.573477 0.698194 0.615770 0.705129 0.617158 0.720161 0.574865
3 0.685853 0.650501 0.685853 0.724354 0.693032 0.720081 0.693032 0.651206
3 0.685853 0.724354 0.806379 0.745393 0.808009 0.740151 0.693032 0.720081
3 0.898469 0.467809 0.871283 0.549333 0.853702 0.546033 0.880888 0.464516
3 0.871283 0.549333 0.868849 0.556647 0.855590 0.554236 0.858052 0.546851
3 0.871283 0.549333 0.794455 0.534069 0.790751 0.544553 0.867579 0.559817
3 0.794455 0.534069 0.745510 0.524295 0.743650 0.529489 0.792617 0.539268
2 0.790693 0.533315 0.747663 0.524720 0.745811 0.529925 0.788841 0.538515
3 0.745510 0.524295 0.731697 0.521485 0.727950 0.531846 0.741762 0.534656
3 0.678452 0.431006 0.696026 0.381308 0.701553 0.386690 0.685394 0.432384
3 0.696026 0.381308 0.751059 0.381308 0.757592 0.386690 0.701553 0.386690
3 0.757592 0.386690 0.785510 0.165689 0.778367 0.165183 0.751059 0.381308
3 0.722142 0.725135 0.689773 0.820350 0.681065 0.824177 0.715186 0.723805
2 0.708768 0.764473 0.698467 0.794785 0.691510 0.793455 0.701812 0.763143
3 0.689773 0.820350 0.775553 0.837567 0.773694 0.842766 0.681065 0.824177
3 0.228639 0.629720 0.009024 0.629720 0.018356 0.622723 0.228639 0.622723
3 0.009024 0.629720 0.009024 0.481604 0.018356 0.481604 0.018356 0.622723
