0 0.355181 0.282113 0.355181 0.158583 0.407335 0.091828 0.661691 0.091828 0.711201 0.157441 0.711152 0.282113 0.355181 0.282113 0.355181 0.282113
0 0.342357 0.698343 0.237527 0.698343 0.237527 0.720342 0.073589 0.720342 0.073589 0.316269 0.342357 0.316269
0 0.708656 0.698343 0.357154 0.698343 0.357154 0.316269 0.708656 0.316269
0 0.455878 0.825203 0.427952 0.825203 0.427952 0.887731 0.073589 0.887731 0.073589 0.727814 0.244432 0.727814 0.244432 0.705815 0.455878 0.705815
0 0.921768 0.558077 0.885418 0.558077 0.885418 0.622174 0.724439 0.622174 0.724439 0.316269 0.921768 0.316269
0 0.708656 0.887731 0.462783 0.887731 0.462783 0.705815 0.708656 0.705815
0 0.921768 0.800237 0.724439 0.800237 0.724439 0.628578 0.921768 0.628578
3 0.073589 0.316269 0.342357 0.316269 0.342357 0.275708 0.057806 0.275708
1 0.133043 0.316269 0.277824 0.316269 0.277824 0.275708 0.133043 0.275708
3 0.342357 0.316269 0.921768 0.316269 0.961226 0.282113 0.355181 0.282113
2 0.588930 0.316269 0.668014 0.316269 0.668014 0.282113 0.588930 0.282113
1 0.409594 0.316269 0.583120 0.316269 0.583120 0.282113 0.409594 0.282113
1 0.758827 0.316269 0.844500 0.316269 0.844500 0.282113 0.758827 0.282113
3 0.921768 0.316269 0.921768 0.800237 0.961226 0.817315 0.961226 0.282113
1 0.921768 0.677615 0.921768 0.738638 0.961226 0.738638 0.961226 0.677615
3 0.921768 0.800237 0.708656 0.800237 0.724439 0.817315 0.961226 0.817315
3 0.708656 0.800237 0.708656 0.887731 0.724439 0.904810 0.724439 0.817315
3 0.708656 0.887731 0.073589 0.887731 0.057806 0.904810 0.724439 0.904810
2 0.225897 0.887731 0.137925 0.887731 0.137925 0.904810 0.225897 0.904810
3 0.073589 0.887731 0.073589 0.316269 0.057806 0.275708 0.057806 0.904810
3 0.708656 0.800237 0.708656 0.282113 0.724439 0.282113 0.724439 0.800237
2 0.708656 0.512158 0.708656 0.387646 0.724439 0.387646 0.724439 0.512158
2 0.708656 0.783031 0.708656 0.713351 0.724439 0.713351 0.724439 0.783031
3 0.057806 0.727814 0.244432 0.727814 0.237527 0.720342 0.057806 0.720342
3 0.244432 0.727814 0.244432 0.705815 0.237527 0.698343 0.237527 0.720342
3 0.237527 0.698343 0.724439 0.698343 0.724439 0.705815 0.244432 0.705815
2 0.256349 0.698343 0.336419 0.698343 0.336419 0.705815 0.256349 0.705815
2 0.363862 0.698343 0.450709 0.698343 0.450709 0.705815 0.363862 0.705815
3 0.455878 0.698343 0.455878 0.825203 0.462783 0.825203 0.462783 0.698343
2 0.455878 0.738392 0.455878 0.819749 0.462783 0.819749 0.462783 0.738392
3 0.427952 0.825203 0.427952 0.904810 0.462783 0.904810 0.462783 0.825203
3 0.708656 0.628578 0.885418 0.628578 0.885418 0.622174 0.708656 0.622174
3 0.885418 0.628578 0.961226 0.628578 0.961226 0.558077 0.885418 0.558077
3 0.357154 0.316269 0.357154 0.705815 0.342357 0.705815 0.342357 0.316269
3 0.726264 0.155317 0.726264 0.282113 0.711152 0.282113 0.711152 0.155317
3 0.342357 0.154036 0.342357 0.316269 0.355181 0.282113 0.355181 0.154036
