0 0.447496 0.615898 0.447504 0.768089 0.317819 0.768089 0.317819 0.645692 0.314567 0.645692 0.314654 0.529420 0.445987 0.529381
0 0.497580 0.615898 0.447496 0.615898 0.445987 0.529381 0.445950 0.529170 0.445950 0.432635 0.497580 0.432475
0 0.341891 0.518941 0.248305 0.518941 0.247777 0.401991 0.247812 0.401991 0.247812 0.277983 0.341891 0.277983
0 0.182871 0.766669 0.092486 0.766669 0.092486 0.529170 0.182871 0.529170
0 0.213668 0.518941 0.092486 0.518941 0.092486 0.401991 0.213668 0.401991
0 0.261131 0.778728 0.261131 0.889226 0.194320 0.889226 0.194320 0.777538
0 0.193375 0.391761 0.163638 0.391761 0.163638 0.355069 0.161935 0.355069 0.161935 0.391761 0.136737 0.391761 0.133121 0.377216 0.133121 0.297937 0.133981 0.296019 0.138375 0.284542 0.193375 0.284542
0 0.225557 0.694794 0.225499 0.767219 0.194320 0.766669 0.186035 0.766669 0.186035 0.645199 0.206217 0.645199
0 0.241606 0.385879 0.199441 0.385879 0.199441 0.277983 0.241606 0.277983
0 0.129165 0.277912 0.129165 0.391761 0.092486 0.391761 0.092486 0.277868
0 0.295298 0.889226 0.264295 0.889226 0.264295 0.778728 0.295272 0.778958 0.295298 0.768089
0 0.244085 0.518941 0.217624 0.518941 0.217624 0.401991 0.243557 0.401991
0 0.346111 0.529170 0.445950 0.529170 0.445520 0.277983 0.346111 0.277983 0.346111 0.529170 0.346111 0.529170
0 0.084047 0.277868 0.050783 0.277868 0.050783 0.503219 0.084039 0.503219 0.084047 0.277868
0 0.210057 0.909685 0.210057 1.000000 0.278690 1.000000 0.278690 0.909685 0.210057 0.909685 0.210057 0.909685
0 0.314654 0.768089 0.314654 0.529420 0.186035 0.529420 0.186022 0.637527 0.207580 0.637527 0.228722 0.691744 0.228711 0.767213 0.314654 0.768089 0.314654 0.768089
3 0.084047 0.257402 0.084047 0.787129 0.092486 0.766669 0.092486 0.277868
2 0.084047 0.411319 0.084047 0.473745 0.092486 0.473745 0.092486 0.411319
2 0.084047 0.309157 0.084047 0.371411 0.092486 0.371411 0.092486 0.309157
3 0.084047 0.787129 0.185880 0.787129 0.194320 0.766669 0.092486 0.766669
1 0.120256 0.787129 0.158799 0.787129 0.158799 0.766669 0.120256 0.766669
3 0.185880 0.787129 0.185880 0.909685 0.194320 0.889226 0.194320 0.766669
1 0.185880 0.802882 0.185880 0.878479 0.194320 0.878479 0.194320 0.802882
3 0.185880 0.909685 0.303738 0.909685 0.295298 0.889226 0.194320 0.889226
2 0.231726 0.909685 0.257620 0.909685 0.257620 0.889226 0.231726 0.889226
1 0.203830 0.909685 0.218309 0.909685 0.218309 0.889226 0.203830 0.889226
1 0.271108 0.909685 0.286932 0.909685 0.286932 0.889226 0.271108 0.889226
3 0.303738 0.909685 0.303738 0.788548 0.295298 0.768089 0.295298 0.889226
3 0.303738 0.788548 0.455943 0.788548 0.447504 0.768089 0.295298 0.768089
1 0.337763 0.788548 0.369199 0.788548 0.369199 0.768089 0.337763 0.768089
1 0.388388 0.788548 0.421459 0.788548 0.421459 0.768089 0.388388 0.768089
3 0.455943 0.788548 0.455943 0.636357 0.447504 0.615898 0.447504 0.768089
3 0.447504 0.615898 0.497580 0.615898 0.506020 0.636357 0.455943 0.636357
1 0.460590 0.615898 0.491427 0.615898 0.491427 0.636357 0.460590 0.636357
3 0.506020 0.636357 0.506020 0.412016 0.497580 0.432475 0.497580 0.615898
1 0.506020 0.518806 0.506020 0.445876 0.497580 0.445876 0.497580 0.518806
1 0.506020 0.603891 0.506020 0.528531 0.497580 0.528531 0.497580 0.603891
3 0.506020 0.412016 0.453960 0.412016 0.445520 0.432475 0.497580 0.432475
1 0.491678 0.412016 0.459335 0.412016 0.459335 0.432475 0.491678 0.432475
3 0.445520 0.432475 0.445520 0.278258 0.453960 0.278258 0.453960 0.412016
3 0.194320 0.766669 0.295298 0.768089 0.295272 0.778958 0.194296 0.777538
2 0.230951 0.767181 0.257604 0.767558 0.257578 0.778427 0.230924 0.778050
3 0.341891 0.257683 0.341891 0.518941 0.346111 0.529170 0.346111 0.257683
3 0.346111 0.529170 0.084047 0.529170 0.084047 0.518941 0.341891 0.518941
2 0.211297 0.529170 0.187948 0.529170 0.187948 0.518941 0.211297 0.518941
2 0.323751 0.529170 0.300209 0.529170 0.300209 0.518941 0.323751 0.518941
3 0.084047 0.401991 0.199441 0.401991 0.193375 0.391761 0.084047 0.391761
2 0.166795 0.401991 0.190545 0.401991 0.190545 0.391761 0.166795 0.391761
3 0.193375 0.401991 0.247812 0.401991 0.241606 0.385879 0.193375 0.385879
3 0.248305 0.529170 0.247812 0.385879 0.243592 0.385879 0.244085 0.529253
2 0.248191 0.496301 0.248031 0.449437 0.243811 0.449520 0.243972 0.496384
3 0.247812 0.401991 0.247812 0.257581 0.241606 0.257581 0.241606 0.385879
3 0.213668 0.385879 0.213668 0.529170 0.217624 0.529170 0.217624 0.385879
3 0.129165 0.277906 0.129165 0.401991 0.133121 0.401991 0.133121 0.257453
3 0.193375 0.391761 0.193373 0.277976 0.199439 0.257524 0.199441 0.401991
2 0.193375 0.344373 0.193373 0.289293 0.199439 0.289293 0.199441 0.344373
3 0.084047 0.257402 0.133121 0.257453 0.133118 0.277912 0.092486 0.277868
3 0.133121 0.257453 0.199439 0.257524 0.199436 0.284613 0.133116 0.284542
1 0.169082 0.257492 0.184421 0.257504 0.184416 0.284600 0.169077 0.284581
3 0.199439 0.257524 0.453960 0.257524 0.453960 0.277983 0.199439 0.277983
1 0.211310 0.257524 0.228031 0.257524 0.228031 0.277983 0.211310 0.277983
1 0.278002 0.257524 0.318740 0.257524 0.318740 0.277983 0.278002 0.277983
1 0.378572 0.257524 0.420884 0.257524 0.420884 0.277983 0.378572 0.277983
3 0.182871 0.518941 0.182871 0.787129 0.186035 0.787129 0.186035 0.518941
2 0.182871 0.543562 0.182871 0.598015 0.186035 0.598015 0.186035 0.543562
3 0.182871 0.645199 0.206217 0.645199 0.207580 0.637527 0.182871 0.637527
3 0.206217 0.645199 0.225557 0.694794 0.228722 0.691744 0.207580 0.637527
2 0.207290 0.647955 0.223590 0.689749 0.225889 0.684481 0.209590 0.642680
3 0.225557 0.694794 0.225547 0.777973 0.228711 0.777980 0.228722 0.691744
3 0.317819 0.645692 0.317819 0.788548 0.314654 0.788548 0.314654 0.650807
3 0.261131 0.767609 0.261131 0.909685 0.264295 0.909685 0.264295 0.767609
2 0.261131 0.798356 0.261131 0.861121 0.264295 0.861121 0.264295 0.798356
3 0.161935 0.355069 0.161935 0.401991 0.163638 0.401991 0.163638 0.355069
3 0.129165 0.379038 0.134867 0.401991 0.138056 0.397330 0.132353 0.374377
3 0.135864 0.275342 0.129595 0.290942 0.132836 0.298595 0.139105 0.282995
3 0.317819 0.645692 0.288852 0.645692 0.290962 0.650807 0.314654 0.650807
2 0.314222 0.645692 0.291614 0.645692 0.291614 0.650807 0.314222 0.650807
3 0.290962 0.650807 0.290962 0.712561 0.288852 0.707447 0.288852 0.645692
0 0.942214 0.704966 0.813268 0.704966 0.813268 0.444290 0.942214 0.444290
0 0.727808 0.702984 0.587440 0.702984 0.587440 0.524727 0.727808 0.524727
0 0.727808 0.517055 0.587440 0.517055 0.587440 0.338874 0.727808 0.338874
0 0.810103 0.763914 0.756788 0.763914 0.756788 0.628998 0.780324 0.628998 0.780324 0.709441 0.786768 0.709441 0.786768 0.646913 0.784921 0.646913 0.784921 0.704966 0.781907 0.704966 0.781907 0.621966 0.730973 0.621966 0.730973 0.451962 0.810103 0.451962
0 0.942214 0.339002 0.942214 0.436618 0.813268 0.436618 0.813268 0.338874
0 0.810103 0.444290 0.730973 0.444290 0.730973 0.338874 0.810103 0.338874
0 0.753623 0.702984 0.730973 0.702984 0.730973 0.629638 0.753623 0.629638
0 0.951973 0.618366 0.994989 0.618366 0.994989 0.423345 0.951973 0.423345 0.951973 0.618366 0.951973 0.618366
3 0.579000 0.324163 0.579000 0.719607 0.587440 0.702984 0.587440 0.338874
1 0.579000 0.418544 0.579000 0.509133 0.587440 0.509133 0.587440 0.418544
1 0.579000 0.534752 0.579000 0.633582 0.587440 0.633582 0.587440 0.534752
3 0.579000 0.719607 0.749931 0.719607 0.756788 0.702984 0.587440 0.702984
3 0.756788 0.702984 0.756788 0.763914 0.749931 0.780537 0.749931 0.719607
3 0.749931 0.780537 0.816961 0.780537 0.810103 0.763914 0.756788 0.763914
3 0.816961 0.780537 0.816961 0.721589 0.810103 0.704966 0.810103 0.763914
3 0.810103 0.704966 0.942214 0.704966 0.951973 0.721589 0.816961 0.721589
3 0.951973 0.721589 0.951973 0.324297 0.942214 0.339002 0.942214 0.704966
2 0.951973 0.510303 0.951973 0.448146 0.942214 0.448146 0.942214 0.510303
1 0.951973 0.604153 0.951973 0.526594 0.942214 0.526594 0.942214 0.604153
3 0.951973 0.324297 0.579000 0.324163 0.587440 0.338874 0.942214 0.339002
3 0.810103 0.704966 0.810103 0.324246 0.813268 0.324246 0.813268 0.704966
2 0.810103 0.568267 0.810103 0.513097 0.813268 0.513097 0.813268 0.568267
3 0.727808 0.324220 0.727808 0.719607 0.730973 0.719607 0.730973 0.324220
2 0.727808 0.457410 0.727808 0.511026 0.730973 0.511026 0.730973 0.457410
2 0.727808 0.531523 0.727808 0.586718 0.730973 0.586718 0.730973 0.531523
3 0.810103 0.444290 0.951973 0.444290 0.951973 0.436618 0.810103 0.436618
2 0.859386 0.444290 0.878974 0.444290 0.878974 0.436618 0.859386 0.436618
3 0.810103 0.444290 0.727808 0.444290 0.727808 0.451962 0.810103 0.451962
2 0.784294 0.444290 0.760008 0.444290 0.760008 0.451962 0.784294 0.451962
3 0.579000 0.524727 0.730973 0.524727 0.730973 0.517055 0.579000 0.517055
3 0.756788 0.702984 0.756788 0.628998 0.753623 0.621966 0.753623 0.702984
3 0.756788 0.621966 0.727808 0.621966 0.727808 0.629638 0.753623 0.629638
2 0.751996 0.621966 0.734518 0.621966 0.734518 0.629638 0.751996 0.629638
3 0.753623 0.621966 0.781907 0.621966 0.780324 0.628998 0.756788 0.628998
2 0.757170 0.621966 0.779749 0.621966 0.779749 0.628998 0.757170 0.628998
3 0.780324 0.628998 0.780324 0.709441 0.781907 0.704966 0.781907 0.621966
3 0.786768 0.709441 0.786768 0.646913 0.784921 0.646913 0.784921 0.704966
