0 0.330677 0.832624 0.330677 0.905697 0.511861 0.905697 0.511861 0.832460 0.330677 0.832624 0.330677 0.832624
0 0.495720 0.316151 0.495720 0.285667 0.632535 0.285667 0.632535 0.316074 0.495720 0.316151 0.495720 0.316151
0 0.445391 0.473068 0.523884 0.473068 0.523884 0.538491 0.445314 0.538491 0.445018 0.543967 0.343279 0.543967 0.343279 0.538491 0.121961 0.538491 0.121961 0.336964 0.445365 0.336756
0 0.959891 0.604977 0.483775 0.604977 0.491627 0.604961 0.491627 0.543967 0.445018 0.543967 0.445314 0.538491 0.523884 0.538491 0.523884 0.473068 0.445391 0.473068 0.445365 0.336756 0.959891 0.336706
0 0.491627 0.604961 0.483775 0.604977 0.483775 0.610453 0.561405 0.610453 0.561405 0.770710 0.330677 0.770710 0.330677 0.543967 0.491627 0.543967
0 0.959891 0.823316 0.574277 0.823316 0.574277 0.610453 0.959891 0.610453
0 0.317806 0.995483 0.107802 0.995483 0.107802 0.832624 0.317806 0.832624
0 0.313944 0.727885 0.121961 0.727885 0.121961 0.609314 0.313944 0.609314
0 0.313944 0.820326 0.121961 0.820326 0.121961 0.733908 0.313944 0.733908
0 0.561405 0.823316 0.330677 0.823316 0.330677 0.776186 0.561405 0.776186
0 0.313944 0.604720 0.121961 0.604720 0.121961 0.544361 0.313944 0.544361 0.314073 0.544285
3 0.959891 0.336706 0.959891 0.823316 1.000000 0.832624 1.000000 0.316101
3 0.959891 0.823316 0.317806 0.823316 0.330677 0.832624 1.000000 0.832624
2 0.460580 0.823316 0.342314 0.823316 0.342314 0.832624 0.460580 0.832624
1 0.512119 0.823316 0.466643 0.823316 0.466643 0.832624 0.512119 0.832624
1 0.899716 0.823316 0.674626 0.823316 0.674626 0.832624 0.899716 0.832624
1 0.674626 0.823316 0.640863 0.823316 0.640863 0.832624 0.674626 0.832624
3 0.083113 0.832624 0.083113 0.316386 0.121961 0.336964 0.121961 0.820326
3 0.083113 0.316386 1.000000 0.316101 0.959891 0.336706 0.121961 0.336964
2 0.511231 0.316249 0.615454 0.316216 0.615493 0.336810 0.511269 0.336843
1 0.205100 0.316348 0.403210 0.316287 0.403236 0.336876 0.205138 0.336936
1 0.403210 0.316287 0.480029 0.316260 0.480068 0.336854 0.403236 0.336876
1 0.637194 0.316211 0.871179 0.316140 0.871217 0.336734 0.637233 0.336805
1 0.871179 0.316140 0.956480 0.316112 0.956506 0.336706 0.871217 0.336734
3 0.083113 0.832624 0.330677 0.832624 0.330677 0.820326 0.121961 0.820326
3 0.330677 0.832624 0.330677 0.543967 0.313944 0.538491 0.313944 0.832624
2 0.330677 0.676961 0.330677 0.644704 0.313944 0.644704 0.313944 0.676961
2 0.330677 0.578793 0.330677 0.546716 0.313944 0.546716 0.313944 0.578793
3 0.313944 0.544361 0.083113 0.544361 0.083113 0.538491 0.330677 0.538491
3 0.083113 0.733908 0.330677 0.733908 0.330677 0.727885 0.083113 0.727885
2 0.209875 0.733908 0.300969 0.733908 0.300969 0.727885 0.209875 0.727885
3 0.083113 0.609314 0.330677 0.609314 0.330677 0.604720 0.083113 0.604720
3 0.313944 0.538491 0.343279 0.538491 0.343279 0.543967 0.330677 0.543967
3 0.445018 0.538491 0.523884 0.538491 0.536756 0.543967 0.445018 0.543967
3 0.523884 0.538491 0.523884 0.473018 0.536756 0.467543 0.536756 0.543967
3 0.536756 0.467543 0.444915 0.467543 0.444915 0.473018 0.523884 0.473018
3 0.483775 0.604977 1.000000 0.604977 1.000000 0.610453 0.483775 0.610453
3 0.561405 0.604977 0.561405 0.832624 0.574277 0.832624 0.574277 0.604977
2 0.561405 0.651313 0.561405 0.694412 0.574277 0.694412 0.574277 0.651313
3 0.313944 0.776186 0.574277 0.776186 0.574277 0.770710 0.313944 0.770710
2 0.343189 0.776186 0.460310 0.776186 0.460310 0.770710 0.343189 0.770710
3 0.330677 0.832624 0.330677 1.000000 0.317806 0.995483 0.317806 0.823316
2 0.330677 0.835045 0.330677 0.878916 0.317806 0.878916 0.317806 0.835045
3 0.317806 0.995483 0.107802 0.995483 0.097504 1.000000 0.330677 1.000000
3 0.107802 0.995483 0.107802 0.832624 0.097504 0.832624 0.097504 1.000000
3 0.112873 0.316375 0.112873 0.264016 0.091635 0.264016 0.091635 0.316375
3 0.978144 0.316107 0.978144 0.264498 0.996177 0.264498 0.996177 0.316107
3 0.138926 0.609314 0.138926 0.636561 0.121175 0.636561 0.121175 0.609314
