0 0.660645 0.643492 0.660468 0.511328 0.412682 0.510924 0.412682 0.463444 0.411606 0.463444 0.411606 0.149553 0.660645 0.149553
0 0.412682 0.510924 0.660468 0.511328 0.660645 0.643766 0.305510 0.643766 0.305510 0.463444 0.412682 0.463444
0 0.411606 0.463444 0.056292 0.463343 0.056549 0.149553 0.411606 0.149553
0 0.959509 0.467047 0.668546 0.467047 0.668546 0.149553 0.959509 0.149553
0 0.959509 0.755458 0.609607 0.755458 0.609607 0.650251 0.668546 0.650251 0.668546 0.474253 0.959509 0.474253
0 0.295634 0.643766 0.056549 0.643766 0.056549 0.470650 0.295634 0.470650
0 0.249869 0.755458 0.056549 0.755458 0.056549 0.650251 0.249869 0.650251
0 0.599731 0.755458 0.406520 0.755458 0.406520 0.650251 0.599731 0.650251
0 0.524122 0.991353 0.376853 0.991353 0.376853 0.887501 0.524122 0.887501
0 0.394669 0.755458 0.258757 0.755458 0.258757 0.650251 0.394669 0.650251
3 0.959509 0.149553 0.959509 0.755458 1.000000 0.783021 1.000000 0.122465
1 0.959509 0.523780 0.959509 0.613422 1.000000 0.613422 1.000000 0.523780
1 0.959509 0.371287 0.959509 0.416764 1.000000 0.416764 1.000000 0.371287
3 0.056549 0.149553 0.623552 0.149553 0.623552 0.126493 0.038773 0.126493
1 0.464550 0.149553 0.622860 0.149553 0.622860 0.126493 0.464550 0.126493
2 0.324985 0.149553 0.406362 0.149553 0.406362 0.126493 0.324985 0.126493
1 0.098364 0.149553 0.318032 0.149553 0.318032 0.126493 0.098364 0.126493
3 0.660645 0.122465 0.660645 0.643766 0.668546 0.650251 0.668546 0.122465
2 0.660645 0.537003 0.660645 0.596963 0.668546 0.596963 0.668546 0.537003
2 0.660645 0.210205 0.660645 0.301533 0.668546 0.301533 0.668546 0.210205
3 0.056549 0.755458 0.056549 0.643766 0.038773 0.643766 0.038773 0.774915
3 0.056549 0.643766 0.056549 0.149553 0.038773 0.126493 0.038773 0.650251
3 0.249869 0.643766 0.249869 0.774915 0.258757 0.774915 0.258757 0.643766
3 0.394669 0.643766 0.394669 0.774915 0.406520 0.774915 0.406520 0.643766
3 0.599731 0.643766 0.599731 0.774915 0.609607 0.774915 0.609607 0.643766
3 0.038773 0.470650 0.295634 0.470650 0.305510 0.463444 0.038773 0.463444
3 0.295634 0.470650 0.295634 0.650251 0.305510 0.650251 0.305510 0.463444
2 0.295634 0.520825 0.295634 0.581845 0.305510 0.581845 0.305510 0.520825
3 0.401582 0.324095 0.401582 0.509569 0.411458 0.509569 0.411458 0.324095
3 0.660645 0.474253 1.000000 0.474253 1.000000 0.467047 0.660645 0.467047
3 0.959509 0.755458 0.527084 0.755458 0.527084 0.783021 1.000000 0.783021
1 0.872759 0.755458 0.711101 0.755458 0.711101 0.783021 0.872759 0.783021
3 0.527084 0.755458 0.056549 0.755458 0.038773 0.774915 0.527084 0.774915
2 0.522936 0.755458 0.430479 0.755458 0.430479 0.774915 0.522936 0.774915
1 0.384911 0.755458 0.323602 0.755458 0.323602 0.774915 0.384911 0.774915
1 0.180945 0.755458 0.121355 0.755458 0.121355 0.774915 0.180945 0.774915
3 0.376853 0.887501 0.524122 0.887501 0.535973 0.878853 0.365002 0.878853
2 0.381188 0.887501 0.465400 0.887501 0.465400 0.878853 0.381188 0.878853
3 0.524122 0.887501 0.524122 0.991353 0.535973 1.000000 0.535973 0.878853
3 0.524122 0.991353 0.376853 0.991353 0.365002 1.000000 0.535973 1.000000
3 0.376853 0.991353 0.376853 0.887501 0.365002 0.878853 0.365002 1.000000
3 0.660645 0.643766 0.056549 0.643766 0.038773 0.650251 0.668546 0.650251
2 0.518996 0.643766 0.425896 0.643766 0.425896 0.650251 0.518996 0.650251
2 0.381870 0.643766 0.309786 0.643766 0.309786 0.650251 0.381870 0.650251
2 0.233208 0.643766 0.152118 0.643766 0.152118 0.650251 0.233208 0.650251
3 0.623552 0.149553 0.660645 0.149553 0.660645 0.122465 0.623552 0.122465
3 0.660645 0.149553 0.959509 0.149553 1.000000 0.122465 0.660645 0.122465
1 0.705353 0.149553 0.865915 0.149553 0.865915 0.122465 0.705353 0.122465
