0 0.238996 0.579514 0.108136 0.579674 0.108136 0.226033 0.312175 0.226090 0.312175 0.525550 0.239325 0.525550 0.238996 0.579514 0.238996 0.579514
0 0.396320 0.828412 0.396320 0.888856 0.491683 0.888856 0.491683 0.827565 0.396320 0.828412
0 0.312175 0.583109 0.312175 0.526077 0.239206 0.526077 0.239206 0.580441 0.312175 0.583109
0 0.499939 0.428455 0.499631 0.428455 0.499631 0.227235 0.489827 0.227235 0.489827 0.583109 0.321979 0.583109 0.321979 0.227235 0.499939 0.227235
0 0.587614 0.428455 0.499939 0.428455 0.499939 0.227235 0.587614 0.227235
0 0.826148 0.808947 0.500331 0.808947 0.500331 0.599139 0.524925 0.599139 0.524925 0.449065 0.596017 0.449065 0.596017 0.227235 0.826148 0.227235
0 0.384415 0.869391 0.190684 0.869391 0.190684 0.599139 0.384415 0.599139
0 0.889698 0.556832 0.889698 0.808947 0.831750 0.808947 0.831750 0.556832
0 0.889698 0.478343 0.831750 0.478343 0.831750 0.227235 0.889698 0.227235
0 0.489827 0.808947 0.394919 0.808947 0.394919 0.599139 0.489827 0.599139
0 0.889698 0.547672 0.831750 0.547672 0.831750 0.487502 0.889698 0.487502
3 0.321979 0.227235 0.889698 0.227235 0.904403 0.210060 0.312175 0.210060
1 0.336089 0.227235 0.418105 0.227235 0.418105 0.210060 0.336089 0.210060
1 0.539890 0.227235 0.586003 0.227235 0.586003 0.210060 0.539890 0.210060
1 0.626479 0.227235 0.756008 0.227235 0.756008 0.210060 0.626479 0.210060
3 0.889698 0.227235 0.889698 0.808947 0.904403 0.828412 0.904403 0.210060
3 0.889698 0.808947 0.384415 0.808947 0.396320 0.828412 0.904403 0.828412
2 0.474645 0.808947 0.405780 0.808947 0.405780 0.828412 0.474645 0.828412
1 0.820847 0.808947 0.575366 0.808947 0.575366 0.828412 0.820847 0.828412
3 0.384415 0.808947 0.384415 0.869391 0.396320 0.888856 0.396320 0.828412
3 0.384415 0.869391 0.190684 0.869391 0.178780 0.888856 0.396320 0.888856
1 0.327546 0.869391 0.243219 0.869391 0.243219 0.888856 0.327546 0.888856
3 0.190684 0.869391 0.190684 0.599139 0.178780 0.579674 0.178780 0.888856
3 0.190684 0.599139 0.321979 0.599139 0.312175 0.579674 0.178780 0.579674
2 0.252589 0.599139 0.307399 0.599139 0.307399 0.579674 0.252589 0.579674
3 0.321979 0.599139 0.321979 0.227235 0.312175 0.210060 0.312175 0.579674
3 0.312175 0.210060 0.178780 0.210060 0.178780 0.226090 0.312175 0.226090
3 0.321979 0.599139 0.499631 0.599139 0.499631 0.583109 0.321979 0.583109
2 0.328015 0.599139 0.376733 0.599139 0.376733 0.583109 0.328015 0.583109
3 0.499631 0.599139 0.499631 0.227235 0.489827 0.227235 0.489827 0.583109
3 0.499631 0.599139 0.524925 0.599139 0.499575 0.583109 0.499631 0.583109
3 0.524925 0.599139 0.524925 0.449065 0.499575 0.428455 0.499575 0.583109
3 0.499575 0.428455 0.587614 0.428455 0.596017 0.449065 0.524925 0.449065
3 0.596017 0.449065 0.596017 0.227235 0.587614 0.227235 0.587614 0.428455
2 0.596017 0.409952 0.596017 0.257394 0.587614 0.257394 0.587614 0.409952
3 0.489827 0.599139 0.489827 0.808947 0.500331 0.808947 0.500331 0.599139
2 0.489827 0.658186 0.489827 0.754709 0.500331 0.754709 0.500331 0.658186
3 0.384415 0.808947 0.384415 0.599139 0.394919 0.599139 0.394919 0.808947
2 0.384415 0.756999 0.384415 0.655129 0.394919 0.655129 0.394919 0.756999
3 0.831750 0.808947 0.831750 0.227235 0.826148 0.227235 0.826148 0.808947
2 0.831750 0.439298 0.831750 0.276424 0.826148 0.276424 0.826148 0.439298
2 0.831750 0.545771 0.831750 0.488796 0.826148 0.488796 0.826148 0.545771
2 0.831750 0.762163 0.831750 0.602173 0.826148 0.602173 0.826148 0.762163
3 0.826148 0.487502 0.889698 0.487502 0.889698 0.478343 0.826148 0.478343
3 0.826148 0.556832 0.889698 0.556832 0.889698 0.547672 0.826148 0.547672
