0 0.500632 0.863982 0.500632 0.932229 0.602197 0.932229 0.602197 0.862585 0.500632 0.862585 0.500632 0.863982 0.500632 0.863982
0 0.856607 0.199123 0.856365 0.505826 0.999999 0.505826 0.999999 0.199123 0.856607 0.199123 0.856607 0.199123
0 0.455594 0.514887 0.327702 0.514887 0.327702 0.218000 0.455594 0.218000
0 0.608503 0.514887 0.461416 0.514887 0.461416 0.218000 0.608503 0.218000
0 0.316545 0.910331 0.096495 0.910331 0.096495 0.492317 0.316545 0.492317
0 0.316545 0.492317 0.229466 0.492317 0.229466 0.379337 0.316545 0.379337
0 0.693627 0.724755 0.518723 0.724755 0.518723 0.661371 0.410556 0.661371 0.410556 0.523948 0.608503 0.523948 0.608503 0.574012 0.613840 0.574012 0.613840 0.523948 0.693627 0.523948
0 0.843509 0.514887 0.614325 0.514887 0.614325 0.218000 0.843509 0.218000
0 0.856607 0.909749 0.786983 0.909749 0.758458 0.947006 0.677230 0.947006 0.643932 0.903512 0.616265 0.903512 0.616265 0.736081 0.700904 0.736081 0.700904 0.689521 0.856607 0.689521
0 0.510961 0.840687 0.486564 0.840687 0.486564 0.910331 0.327702 0.910331 0.327702 0.673453 0.510961 0.673453
0 0.223644 0.483255 0.096495 0.483255 0.096495 0.218000 0.223644 0.218000
0 0.986901 0.909749 0.862429 0.909749 0.862429 0.689521 0.986901 0.689521
0 0.901418 0.678195 0.782554 0.678195 0.782554 0.526214 0.901418 0.526214
0 0.316545 0.370276 0.229466 0.370276 0.229466 0.218000 0.316545 0.218000
0 0.986901 0.678195 0.907239 0.678195 0.907239 0.526214 0.986901 0.526214
0 0.776733 0.678195 0.700904 0.678195 0.700904 0.526214 0.776733 0.526214
0 0.404734 0.661371 0.327702 0.661371 0.327702 0.523948 0.404734 0.523948
0 0.608503 0.840687 0.518723 0.840687 0.518723 0.736081 0.608503 0.736081
3 0.086307 0.199123 0.856607 0.199123 0.843509 0.218000 0.096495 0.218000
2 0.240910 0.199123 0.281830 0.199123 0.281830 0.218000 0.240910 0.218000
1 0.672524 0.199123 0.839100 0.199123 0.839100 0.218000 0.672524 0.218000
1 0.495083 0.199123 0.569631 0.199123 0.569631 0.218000 0.495083 0.218000
1 0.372387 0.199123 0.436063 0.199123 0.436063 0.218000 0.372387 0.218000
3 0.856607 0.199123 0.856607 0.505826 0.843509 0.526214 0.843509 0.218000
2 0.856607 0.286965 0.856607 0.353920 0.843509 0.353920 0.843509 0.286965
1 0.856607 0.379345 0.856607 0.441596 0.843509 0.441596 0.843509 0.379345
1 0.856607 0.223414 0.856607 0.279625 0.843509 0.279625 0.843509 0.223414
3 0.843509 0.526214 0.986901 0.526214 0.999999 0.505826 0.856607 0.505826
2 0.913657 0.526214 0.953927 0.526214 0.953927 0.505826 0.913657 0.505826
1 0.863171 0.526214 0.898895 0.526214 0.898895 0.505826 0.863171 0.505826
3 0.999999 0.505826 0.999999 0.934668 0.986901 0.909749 0.986901 0.526214
1 0.999999 0.838671 0.999999 0.902734 0.986901 0.902734 0.986901 0.838671
1 0.999999 0.592082 0.999999 0.659777 0.986901 0.659777 0.986901 0.592082
3 0.999999 0.934668 0.792810 0.934668 0.786983 0.909749 0.986901 0.909749
1 0.985479 0.934668 0.942381 0.934668 0.942381 0.909749 0.985479 0.909749
3 0.792810 0.934668 0.764285 0.971925 0.758458 0.947006 0.786983 0.909749
1 0.789200 0.939387 0.770950 0.963219 0.760661 0.944129 0.778906 0.920298
3 0.764285 0.971925 0.671404 0.971925 0.677230 0.947006 0.758458 0.947006
1 0.752593 0.971925 0.680553 0.971925 0.680553 0.947006 0.752593 0.947006
3 0.671404 0.971925 0.638105 0.928431 0.643932 0.903512 0.677230 0.947006
1 0.664292 0.962637 0.640972 0.932176 0.651262 0.913087 0.674581 0.943548
3 0.638105 0.928431 0.602197 0.928431 0.616265 0.903512 0.643932 0.903512
3 0.602197 0.928431 0.602197 0.862585 0.616265 0.840687 0.616265 0.903512
3 0.602197 0.862585 0.500632 0.862585 0.486564 0.840687 0.616265 0.840687
2 0.564867 0.862585 0.522118 0.862585 0.522118 0.840687 0.564867 0.840687
3 0.500632 0.862585 0.500632 0.932229 0.486564 0.910331 0.486564 0.840687
3 0.500632 0.932229 0.086307 0.932229 0.096495 0.910331 0.486564 0.910331
2 0.246159 0.932229 0.118165 0.932229 0.118165 0.910331 0.246159 0.910331
2 0.316448 0.932229 0.272913 0.932229 0.272913 0.910331 0.316448 0.910331
1 0.449166 0.932229 0.377825 0.932229 0.377825 0.910331 0.449166 0.910331
3 0.086307 0.932229 0.086307 0.199123 0.096495 0.218000 0.096495 0.910331
2 0.086307 0.420876 0.086307 0.356367 0.096495 0.356367 0.096495 0.420876
1 0.086307 0.344942 0.086307 0.264107 0.096495 0.264107 0.096495 0.344942
1 0.086307 0.620104 0.086307 0.528653 0.096495 0.528653 0.096495 0.620104
1 0.086307 0.752377 0.086307 0.656848 0.096495 0.656848 0.096495 0.752377
3 0.316545 0.218000 0.316545 0.910331 0.327702 0.910331 0.327702 0.218000
3 0.327702 0.673453 0.510961 0.673453 0.518723 0.661371 0.327702 0.661371
2 0.440963 0.673453 0.481233 0.673453 0.481233 0.661371 0.440963 0.661371
3 0.518723 0.661371 0.518723 0.840687 0.510961 0.840687 0.510961 0.673453
3 0.616265 0.840687 0.616265 0.736081 0.608503 0.724755 0.608503 0.840687
3 0.608503 0.736081 0.518723 0.736081 0.518723 0.724755 0.616265 0.724755
2 0.562698 0.736081 0.521192 0.736081 0.521192 0.724755 0.562698 0.724755
3 0.608503 0.724755 0.693627 0.724755 0.700904 0.736081 0.616265 0.736081
2 0.646643 0.724755 0.688150 0.724755 0.688150 0.736081 0.646643 0.736081
3 0.700904 0.736081 0.700904 0.514887 0.693627 0.523948 0.693627 0.724755
3 0.700904 0.526214 0.843509 0.526214 0.843509 0.514887 0.700904 0.514887
3 0.700904 0.689521 0.986901 0.689521 0.986901 0.678195 0.700904 0.678195
2 0.915210 0.689521 0.954238 0.689521 0.954238 0.678195 0.915210 0.678195
3 0.856607 0.689521 0.856607 0.909749 0.862429 0.909749 0.862429 0.689521
2 0.856607 0.789377 0.856607 0.850609 0.862429 0.850609 0.862429 0.789377
3 0.901418 0.526214 0.901418 0.678195 0.907239 0.678195 0.907239 0.526214
2 0.901418 0.586388 0.901418 0.652921 0.907239 0.652921 0.907239 0.586388
3 0.776733 0.526214 0.776733 0.678195 0.782554 0.678195 0.782554 0.526214
2 0.776733 0.597473 0.776733 0.652921 0.782554 0.652921 0.782554 0.597473
3 0.700904 0.514887 0.327702 0.514887 0.327702 0.523948 0.693627 0.523948
2 0.453042 0.514887 0.415873 0.514887 0.415873 0.523948 0.453042 0.523948
2 0.501365 0.514887 0.463885 0.514887 0.463885 0.523948 0.501365 0.523948
2 0.683508 0.514887 0.615048 0.514887 0.615048 0.523948 0.683508 0.523948
3 0.455594 0.218000 0.455594 0.514887 0.461416 0.514887 0.461416 0.218000
3 0.608503 0.218000 0.608503 0.514887 0.614325 0.514887 0.614325 0.218000
3 0.404734 0.523948 0.404734 0.661371 0.410556 0.661371 0.410556 0.523948
2 0.404734 0.578188 0.404734 0.632193 0.410556 0.632193 0.410556 0.578188
3 0.096495 0.492317 0.229466 0.492317 0.223644 0.483255 0.096495 0.483255
3 0.229466 0.492317 0.229466 0.218000 0.223644 0.218000 0.223644 0.483255
3 0.229466 0.379337 0.316545 0.379337 0.316545 0.370276 0.229466 0.370276
3 0.608503 0.514887 0.608503 0.574012 0.613840 0.574012 0.613840 0.514887
