0 0.796751 0.740117 0.744381 0.740117 0.744381 0.744181 0.592797 0.744181 0.592797 0.655759 0.796751 0.655759
0 0.668259 0.765248 0.592797 0.765248 0.592797 0.749145 0.668259 0.749145
0 0.380618 0.528167 0.382555 0.528167 0.382555 0.639074 0.380618 0.639074 0.380618 0.646917 0.340664 0.646917 0.340664 0.675250 0.064661 0.675250 0.062679 0.479939 0.380618 0.479939
0 0.744212 0.648038 0.580323 0.648038 0.580323 0.765248 0.482070 0.765248 0.482070 0.682970 0.490817 0.682956 0.490817 0.675236 0.482070 0.675250 0.393092 0.675250 0.393092 0.639074 0.382555 0.639074 0.382555 0.528167 0.393092 0.528167 0.393092 0.479939 0.744212 0.479939
0 0.843118 0.581504 0.765125 0.581504 0.765125 0.647389 0.843654 0.647389 0.843118 0.581504
0 0.755953 0.881441 0.755953 1.000000 1.000000 1.000000 1.000000 0.751534 0.818559 0.751534 0.817297 0.751284 0.817297 0.752833 0.766622 0.752833 0.766622 0.881537 0.755953 0.881441
0 0.340664 0.709246 0.363132 0.709246 0.363132 0.768881 0.308473 0.768881 0.308473 0.868821 0.066128 0.868821 0.064661 0.682970 0.340664 0.682970
0 0.744381 0.868821 0.592797 0.868821 0.592797 0.861296 0.580323 0.861296 0.580323 0.868821 0.444471 0.868821 0.444471 0.768881 0.509924 0.768881 0.509924 0.799235 0.517996 0.799235 0.517996 0.768881 0.580323 0.768881 0.580323 0.785507 0.592797 0.785507 0.592797 0.768881 0.668259 0.768881 0.668259 0.825543 0.680733 0.825543 0.680733 0.749145 0.744381 0.749145
0 0.990842 0.746289 0.817297 0.746289 0.817297 0.651821 0.990842 0.651821
0 0.434198 0.868821 0.318746 0.868821 0.318746 0.775239 0.434198 0.775239
0 0.473999 0.765248 0.375606 0.765248 0.375606 0.709246 0.382937 0.709246 0.382937 0.708306 0.393092 0.708306 0.393092 0.682970 0.473999 0.682970
3 0.042023 0.467223 0.764758 0.467223 0.744212 0.479939 0.062679 0.479939
1 0.168659 0.467223 0.309309 0.467223 0.309309 0.479939 0.168659 0.479939
1 0.509469 0.467223 0.642555 0.467223 0.642555 0.479939 0.509469 0.479939
3 0.764758 0.467223 0.764758 0.646826 0.744212 0.655759 0.744212 0.479939
3 0.764758 0.646826 0.817297 0.646826 0.817297 0.655759 0.744212 0.655759
3 0.817297 0.646826 0.817297 0.752833 0.796751 0.740117 0.796751 0.655759
2 0.817297 0.683724 0.817297 0.727651 0.796751 0.727651 0.796751 0.683724
3 0.817297 0.752833 0.766622 0.752833 0.744381 0.740117 0.796751 0.740117
3 0.766622 0.752833 0.766622 0.881537 0.744381 0.868821 0.744381 0.740117
3 0.766622 0.881537 0.045692 0.881537 0.066128 0.868821 0.744381 0.868821
1 0.256852 0.881537 0.156280 0.881537 0.156280 0.868821 0.256852 0.868821
1 0.527645 0.881537 0.473206 0.881537 0.473206 0.868821 0.527645 0.868821
3 0.045692 0.881537 0.042023 0.467223 0.062679 0.479939 0.066128 0.868821
1 0.044438 0.740099 0.044203 0.712915 0.064749 0.712847 0.064983 0.740031
3 0.744212 0.655759 0.592797 0.655759 0.580323 0.648038 0.744212 0.648038
3 0.592797 0.655759 0.592797 0.785507 0.580323 0.785507 0.580323 0.648038
2 0.592797 0.682784 0.592797 0.742796 0.580323 0.742796 0.580323 0.682784
3 0.592797 0.861296 0.592797 0.881537 0.580323 0.881537 0.580323 0.861296
3 0.749305 0.744181 0.580323 0.744181 0.580323 0.749145 0.749305 0.749145
2 0.744161 0.744181 0.685701 0.744181 0.685701 0.749145 0.744161 0.749145
2 0.666667 0.744181 0.594947 0.744181 0.594947 0.749145 0.666667 0.749145
3 0.668259 0.744181 0.668259 0.825543 0.680733 0.825543 0.680733 0.744181
3 0.490817 0.682956 0.043931 0.682970 0.043931 0.675250 0.490817 0.675236
2 0.309654 0.682961 0.243893 0.682965 0.243893 0.675245 0.309654 0.675241
3 0.380618 0.467223 0.380618 0.528167 0.393092 0.528167 0.393092 0.467223
3 0.380618 0.639074 0.380618 0.700585 0.393092 0.708306 0.393092 0.639074
3 0.393092 0.708306 0.375606 0.708306 0.363132 0.700585 0.380618 0.700585
3 0.363132 0.700585 0.363132 0.775239 0.375606 0.768881 0.375606 0.708306
3 0.363132 0.768881 0.308473 0.768881 0.318746 0.775239 0.375606 0.775239
3 0.308473 0.768881 0.308473 0.881537 0.318746 0.881537 0.318746 0.775239
3 0.363132 0.775239 0.434198 0.775239 0.444471 0.768881 0.375606 0.768881
3 0.434198 0.775239 0.434198 0.881537 0.444471 0.881537 0.444471 0.768881
2 0.434198 0.827437 0.434198 0.861496 0.444471 0.861496 0.444471 0.827437
1 0.434198 0.797260 0.434198 0.824321 0.444471 0.824321 0.444471 0.797260
3 0.363132 0.768881 0.680733 0.768881 0.680733 0.765248 0.375606 0.765248
2 0.522347 0.768881 0.578290 0.768881 0.578290 0.765248 0.522347 0.765248
3 0.482070 0.675236 0.482070 0.768881 0.473999 0.768881 0.473999 0.675236
2 0.482070 0.718537 0.482070 0.755221 0.473999 0.755221 0.473999 0.718537
3 0.340664 0.709246 0.340664 0.646917 0.382937 0.646917 0.382937 0.709246
3 0.817297 0.646826 0.998914 0.646826 0.990842 0.651821 0.817297 0.651821
1 0.935501 0.646826 0.988986 0.646826 0.988986 0.651821 0.935501 0.651821
1 0.858021 0.646826 0.885758 0.646826 0.885758 0.651821 0.858021 0.651821
3 0.998914 0.646826 0.998914 0.751284 0.990842 0.746289 0.990842 0.651821
1 0.998914 0.685041 0.998914 0.716430 0.990842 0.716430 0.990842 0.685041
3 0.998914 0.751284 0.817297 0.751284 0.817297 0.746289 0.990842 0.746289
2 0.899993 0.751284 0.841232 0.751284 0.841232 0.746289 0.899993 0.746289
0 0.388968 0.292784 0.753363 0.292784 0.753363 0.428795 0.600106 0.428795 0.600106 0.339019 0.588006 0.339019 0.588006 0.345831 0.589099 0.345990 0.356829 0.345990 0.356829 0.345831 0.402088 0.345831 0.402088 0.339019 0.356829 0.339019 0.356829 0.268747 0.388968 0.268747
0 0.589099 0.428795 0.356829 0.428795 0.356829 0.345990 0.589099 0.345990
0 0.753363 0.070262 0.072556 0.070262 0.072453 0.038814 0.753363 0.038814
0 0.753363 0.141015 0.738327 0.141015 0.738327 0.148735 0.753363 0.148735 0.753363 0.285064 0.401443 0.285064 0.401443 0.207014 0.356829 0.207014 0.356829 0.148735 0.426912 0.148735 0.426912 0.141015 0.356829 0.141015 0.356829 0.077983 0.753363 0.077983
0 0.344355 0.141015 0.323787 0.141015 0.323787 0.148735 0.344355 0.148735 0.344355 0.339019 0.071822 0.339019 0.072556 0.148735 0.089176 0.148735 0.089176 0.141015 0.072556 0.141015 0.072556 0.077983 0.344355 0.077983
0 0.344355 0.428795 0.071822 0.428795 0.071822 0.345831 0.344355 0.345831
3 0.051929 0.026099 0.773908 0.026099 0.753363 0.038814 0.072453 0.038814
3 0.773908 0.026099 0.773908 0.441511 0.753363 0.428795 0.753363 0.038814
1 0.773908 0.350222 0.773908 0.379595 0.753363 0.379595 0.753363 0.350222
1 0.773908 0.194107 0.773908 0.277871 0.753363 0.277871 0.753363 0.194107
1 0.773908 0.089477 0.773908 0.120793 0.753363 0.120793 0.753363 0.089477
3 0.773908 0.441511 0.051254 0.441511 0.071822 0.428795 0.753363 0.428795
3 0.051254 0.441511 0.051929 0.026099 0.072453 0.038814 0.071822 0.428795
1 0.051357 0.376425 0.051408 0.347407 0.071954 0.347420 0.071903 0.376434
1 0.051775 0.117673 0.051827 0.087846 0.072373 0.087855 0.072321 0.117682
1 0.051526 0.274815 0.051658 0.190424 0.072204 0.190438 0.072072 0.274828
3 0.051841 0.077983 0.773908 0.077983 0.773908 0.070262 0.051841 0.070262
3 0.344355 0.070262 0.344355 0.441511 0.356829 0.441511 0.356829 0.070262
2 0.344355 0.297448 0.344355 0.334764 0.356829 0.334764 0.356829 0.297448
3 0.051731 0.148735 0.089176 0.148735 0.089176 0.141015 0.051731 0.141015
3 0.323787 0.148735 0.426912 0.148735 0.426912 0.141015 0.323787 0.141015
3 0.738327 0.148735 0.773908 0.148735 0.773908 0.141015 0.738327 0.141015
3 0.349506 0.207014 0.401443 0.207014 0.388968 0.268747 0.349506 0.268747
3 0.401443 0.207014 0.401443 0.285064 0.388968 0.292784 0.388968 0.268747
3 0.401443 0.285064 0.773908 0.285064 0.773908 0.292784 0.388968 0.292784
2 0.598660 0.285064 0.664649 0.285064 0.664649 0.292784 0.598660 0.292784
3 0.051408 0.345831 0.402088 0.345831 0.402088 0.339019 0.051408 0.339019
2 0.246454 0.345831 0.309177 0.345831 0.309177 0.339019 0.246454 0.339019
3 0.600106 0.339019 0.600106 0.441511 0.589099 0.441511 0.589099 0.345831
1 0.600106 0.348724 0.600106 0.421552 0.589099 0.421552 0.589099 0.348724
