0 0.579323 0.221336 0.579323 0.040887 0.401365 0.040887 0.401365 0.221336 0.579323 0.221336 0.579323 0.221336
0 0.330554 0.820374 0.330554 1.000000 0.458237 1.000000 0.458237 0.820374 0.330554 0.820374 0.330554 0.820374
0 0.866001 0.566499 0.808323 0.566499 0.808323 0.358023 0.866001 0.358023
0 0.989734 0.790290 0.869811 0.790290 0.869811 0.358023 0.989734 0.358023
0 0.614555 0.796420 0.471595 0.796420 0.471595 0.677608 0.465001 0.677608 0.465001 0.575729 0.469944 0.575729 0.469944 0.513351 0.503363 0.513351 0.503363 0.576020 0.518953 0.576020 0.518953 0.513351 0.614555 0.513351
0 0.729881 0.796420 0.619879 0.796420 0.619879 0.513351 0.729881 0.513351
0 0.319588 0.796420 0.189635 0.796420 0.170882 0.834013 0.120550 0.834013 0.101854 0.802723 0.054765 0.802723 0.054765 0.513351 0.319588 0.513351
0 0.465001 0.677608 0.324911 0.677608 0.324911 0.590236 0.319588 0.590236 0.319588 0.513351 0.465001 0.513351
0 0.501865 0.502871 0.468899 0.502871 0.468899 0.369978 0.501865 0.369978
0 0.401437 0.502871 0.259940 0.502871 0.259940 0.243793 0.260001 0.243793 0.260001 0.502871 0.265324 0.502871 0.265324 0.243793 0.401437 0.243793
0 0.501865 0.359498 0.463575 0.359498 0.463575 0.502871 0.406761 0.502871 0.406761 0.243793 0.501865 0.243793
0 0.191388 0.502871 0.054765 0.502871 0.054575 0.243793 0.191388 0.243793
0 0.259940 0.502871 0.196711 0.502871 0.196711 0.243793 0.259940 0.243793
0 0.729881 0.502871 0.579247 0.502871 0.579247 0.243793 0.729881 0.243793
0 0.866001 0.790290 0.808323 0.790290 0.808323 0.577690 0.866001 0.577690
0 0.403338 0.796420 0.324911 0.796420 0.324911 0.685842 0.403338 0.685842
0 0.573923 0.502871 0.507188 0.502871 0.507188 0.366205 0.573923 0.366205
0 0.573923 0.355725 0.507188 0.355725 0.507188 0.243793 0.573923 0.243793
0 0.466667 0.796420 0.408282 0.796420 0.408282 0.685842 0.466667 0.685842
3 0.042400 0.221336 0.741288 0.221336 0.729881 0.243793 0.054575 0.243793
2 0.439119 0.221336 0.470393 0.221336 0.470393 0.243793 0.439119 0.243793
1 0.097774 0.221336 0.165402 0.221336 0.165402 0.243793 0.097774 0.243793
1 0.211110 0.221336 0.234632 0.221336 0.234632 0.243793 0.211110 0.243793
1 0.290230 0.221336 0.361600 0.221336 0.361600 0.243793 0.290230 0.243793
1 0.416932 0.221336 0.437780 0.221336 0.437780 0.243793 0.416932 0.243793
1 0.512626 0.221336 0.559938 0.221336 0.559938 0.243793 0.512626 0.243793
1 0.616871 0.221336 0.682895 0.221336 0.682895 0.243793 0.616871 0.243793
3 0.729881 0.243793 0.729881 0.796420 0.741288 0.820374 0.741288 0.221336
1 0.729881 0.391671 0.729881 0.444296 0.741288 0.444296 0.741288 0.391671
1 0.729881 0.586373 0.729881 0.723720 0.741288 0.723720 0.741288 0.586373
3 0.741288 0.820374 0.192608 0.820374 0.189635 0.796420 0.729881 0.796420
2 0.400023 0.820374 0.365212 0.820374 0.365212 0.796420 0.400023 0.796420
1 0.654830 0.820374 0.627833 0.820374 0.627833 0.796420 0.654830 0.796420
1 0.573836 0.820374 0.499527 0.820374 0.499527 0.796420 0.573836 0.796420
1 0.439119 0.820374 0.412920 0.820374 0.412920 0.796420 0.439119 0.796420
1 0.363737 0.820374 0.350642 0.820374 0.350642 0.796420 0.363737 0.796420
1 0.306534 0.820374 0.195604 0.820374 0.195604 0.796420 0.306534 0.796420
3 0.192608 0.820374 0.175346 0.854973 0.170882 0.834013 0.189635 0.796420
1 0.191528 0.822538 0.178262 0.849127 0.170669 0.834440 0.183931 0.807851
3 0.175346 0.854973 0.116637 0.854973 0.120550 0.834013 0.170882 0.834013
1 0.169372 0.854973 0.121554 0.854973 0.121554 0.834013 0.169372 0.834013
3 0.116637 0.854973 0.098386 0.824432 0.101854 0.802723 0.120550 0.834013
1 0.113424 0.849591 0.099420 0.826153 0.106314 0.810186 0.120318 0.833624
3 0.054575 0.513351 0.729881 0.513351 0.729881 0.502871 0.054575 0.502871
2 0.432856 0.513351 0.462724 0.513351 0.462724 0.502871 0.432856 0.502871
2 0.582783 0.513351 0.611460 0.513351 0.611460 0.502871 0.582783 0.502871
2 0.159653 0.513351 0.190198 0.513351 0.190198 0.502871 0.159653 0.502871
2 0.336037 0.513351 0.378106 0.513351 0.378106 0.502871 0.336037 0.502871
3 0.614555 0.513351 0.614555 0.796420 0.619879 0.796420 0.619879 0.513351
2 0.614555 0.517722 0.614555 0.576522 0.619879 0.576522 0.619879 0.517722
3 0.501865 0.243793 0.501865 0.502871 0.507188 0.502871 0.507188 0.243793
2 0.501865 0.301687 0.501865 0.352200 0.507188 0.352200 0.507188 0.301687
3 0.573923 0.243793 0.573923 0.502871 0.579247 0.502871 0.579247 0.243793
3 0.507188 0.366205 0.573923 0.366205 0.573923 0.355725 0.507188 0.355725
2 0.509599 0.366205 0.536695 0.366205 0.536695 0.355725 0.509599 0.355725
3 0.501865 0.369978 0.468899 0.369978 0.463575 0.359498 0.501865 0.359498
3 0.468899 0.369978 0.468899 0.502871 0.463575 0.502871 0.463575 0.359498
2 0.468899 0.404801 0.468899 0.453862 0.463575 0.453862 0.463575 0.404801
3 0.401437 0.243793 0.401437 0.502871 0.406761 0.502871 0.406761 0.243793
3 0.191388 0.243793 0.191388 0.502871 0.196711 0.502871 0.196711 0.243793
2 0.191388 0.283773 0.191388 0.339399 0.196711 0.339399 0.196711 0.283773
3 0.260001 0.243793 0.260001 0.502871 0.265324 0.502871 0.265324 0.243793
3 0.319588 0.590236 0.319588 0.796420 0.324911 0.796420 0.324911 0.590236
3 0.324911 0.685842 0.466667 0.685842 0.471595 0.677608 0.324911 0.677608
2 0.364619 0.685842 0.398243 0.685842 0.398243 0.677608 0.364619 0.677608
2 0.411495 0.685842 0.436811 0.685842 0.436811 0.677608 0.411495 0.677608
1 0.351444 0.685842 0.362136 0.685842 0.362136 0.677608 0.351444 0.677608
3 0.466667 0.685842 0.466667 0.796420 0.471595 0.796420 0.471595 0.677608
3 0.403338 0.685842 0.403338 0.796420 0.408282 0.796420 0.408282 0.685842
3 0.465001 0.513351 0.465001 0.575729 0.469944 0.575729 0.469944 0.513351
3 0.503363 0.513351 0.503363 0.576020 0.518953 0.576020 0.518953 0.513351
3 0.797297 0.337812 0.797297 0.810501 0.808323 0.790290 0.808323 0.358023
1 0.797297 0.412489 0.797297 0.503874 0.808323 0.503874 0.808323 0.412489
1 0.797297 0.648938 0.797297 0.751447 0.808323 0.751447 0.808323 0.648938
3 0.797297 0.810501 1.000000 0.810501 0.989734 0.790290 0.808323 0.790290
2 0.824411 0.810501 0.855606 0.810501 0.855606 0.790290 0.824411 0.790290
2 0.889253 0.810501 0.978167 0.810501 0.978167 0.790290 0.889253 0.790290
3 1.000000 0.810501 1.000000 0.337812 0.989734 0.358023 0.989734 0.790290
1 1.000000 0.514698 1.000000 0.422325 0.989734 0.422325 0.989734 0.514698
1 1.000000 0.634476 1.000000 0.538967 0.989734 0.538967 0.989734 0.634476
1 1.000000 0.757383 1.000000 0.657180 0.989734 0.657180 0.989734 0.757383
3 1.000000 0.337812 0.797297 0.337812 0.808323 0.358023 0.989734 0.358023
2 0.859290 0.337812 0.830309 0.337812 0.830309 0.358023 0.859290 0.358023
3 0.866001 0.358023 0.866001 0.790290 0.869811 0.790290 0.869811 0.358023
3 0.808323 0.577690 0.866001 0.577690 0.866001 0.566499 0.808323 0.566499
3 0.098386 0.824432 0.042605 0.824432 0.054765 0.802723 0.101854 0.802723
1 0.098222 0.824432 0.076268 0.824432 0.076268 0.802723 0.098222 0.802723
3 0.042605 0.824432 0.042400 0.221336 0.054575 0.243793 0.054765 0.802723
1 0.042529 0.600087 0.042514 0.556685 0.054682 0.556670 0.054697 0.600072
