0 0.795182 0.551785 0.921906 0.551785 0.921906 0.077206 0.795164 0.077206 0.795182 0.551785
0 0.308072 1.000000 0.424197 1.000000 0.424197 0.841881 0.308072 0.841811 0.308072 1.000000
0 0.451863 0.306173 0.225303 0.306173 0.225303 0.083204 0.451863 0.083204
0 0.769534 0.320056 0.512723 0.320056 0.512723 0.306173 0.460418 0.306173 0.460418 0.083204 0.769534 0.083204
0 0.467981 0.491878 0.459426 0.491878 0.459426 0.679874 0.309210 0.679874 0.309210 0.426265 0.260652 0.426265 0.260652 0.320056 0.467981 0.320056
0 0.769534 0.804326 0.467981 0.804326 0.467981 0.320056 0.769534 0.320056
0 0.252097 0.438080 0.300655 0.438080 0.300655 0.679874 0.058944 0.679874 0.058944 0.320056 0.252097 0.320056
0 0.296950 0.968068 0.066395 0.968068 0.066395 0.702088 0.296950 0.702088
0 0.208116 0.306173 0.063666 0.306173 0.063666 0.086550 0.208116 0.086550
0 0.459426 0.804326 0.310638 0.804326 0.310638 0.695146 0.459426 0.695146
3 0.058944 0.679874 0.066395 0.679874 0.046719 0.715291 0.034990 0.715291
3 0.066395 0.679874 0.066395 0.968068 0.046719 1.000000 0.046719 0.715291
3 0.066395 0.968068 0.296950 0.968068 0.308072 1.000000 0.046719 1.000000
3 0.296950 0.968068 0.296950 0.804326 0.308072 0.841811 0.308072 1.000000
2 0.296950 0.963514 0.296950 0.850364 0.308072 0.850364 0.308072 0.963514
3 0.296950 0.804326 0.769534 0.804326 0.795199 0.841811 0.308072 0.841811
2 0.316875 0.804326 0.394340 0.804326 0.394340 0.841811 0.316875 0.841811
3 0.769534 0.804326 0.769534 0.083204 0.795199 0.058172 0.795199 0.841811
1 0.769534 0.685928 0.769534 0.397776 0.795199 0.397776 0.795199 0.685928
2 0.769534 0.312753 0.769534 0.205642 0.795199 0.205642 0.795199 0.312753
3 0.058944 0.679874 0.310638 0.679874 0.296950 0.702088 0.058944 0.702088
3 0.296950 0.702088 0.296950 0.804326 0.310638 0.804326 0.310638 0.679874
3 0.310638 0.679874 0.459426 0.679874 0.467981 0.695146 0.310638 0.695146
2 0.316370 0.679874 0.393596 0.679874 0.393596 0.695146 0.316370 0.695146
3 0.467981 0.695146 0.467981 0.804326 0.459426 0.804326 0.459426 0.695146
3 0.467981 0.695146 0.467981 0.491878 0.459426 0.491878 0.459426 0.679874
3 0.058944 0.306173 0.512723 0.306173 0.512723 0.320056 0.034990 0.320056
2 0.316627 0.306173 0.386093 0.306173 0.386093 0.320056 0.316627 0.320056
3 0.225303 0.083204 0.225303 0.306173 0.208116 0.306173 0.208116 0.058172
2 0.225303 0.211612 0.225303 0.296371 0.208116 0.296371 0.208116 0.211612
3 0.460418 0.083204 0.460418 0.306173 0.451863 0.306173 0.451863 0.083204
3 0.300655 0.679874 0.300655 0.438080 0.309210 0.426265 0.309210 0.679874
2 0.300655 0.556339 0.300655 0.448867 0.309210 0.448867 0.309210 0.556339
3 0.300655 0.438080 0.252097 0.438080 0.260652 0.426265 0.309210 0.426265
3 0.252097 0.438080 0.252097 0.320056 0.260652 0.320056 0.260652 0.426265
3 0.063666 0.086550 0.063666 0.306173 0.034990 0.306173 0.034990 0.058172
1 0.063666 0.128728 0.063666 0.212126 0.034990 0.212126 0.034990 0.128728
3 0.058944 0.306173 0.058944 0.679874 0.034990 0.715291 0.034990 0.306173
1 0.058944 0.374993 0.058944 0.614955 0.034990 0.614955 0.034990 0.374993
3 0.769534 0.083204 0.225303 0.083204 0.225303 0.058172 0.795199 0.058172
3 0.225303 0.086550 0.063666 0.086550 0.034990 0.058172 0.225303 0.058172
