0 0.129757 0.554513 0.024272 0.554513 0.024272 0.101718 0.129757 0.101718 0.129757 0.554513 0.129757 0.554513
0 0.535955 0.382538 0.656230 0.382538 0.656230 0.881424 0.541223 0.881424 0.541223 0.534177 0.141799 0.534177 0.141799 0.102956 0.535955 0.102956
0 0.982688 0.504709 0.660745 0.504709 0.660745 0.382538 0.707354 0.382538 0.707354 0.102956 0.982688 0.102956
0 0.982688 0.881424 0.660745 0.881424 0.660745 0.512526 0.982688 0.512526
0 0.414409 0.881424 0.141799 0.881424 0.141799 0.544495 0.414409 0.544495
0 0.535955 0.636834 0.500018 0.636834 0.500018 0.674613 0.535955 0.674613 0.535955 0.881424 0.419677 0.881424 0.419677 0.544495 0.535955 0.544495
0 0.680260 0.374722 0.539718 0.374722 0.539718 0.111424 0.680260 0.111424
3 0.539718 0.111424 0.707354 0.111424 0.707354 0.083415 0.535955 0.083415
3 0.707354 0.102956 0.982688 0.102956 0.999998 0.083415 0.707354 0.083415
3 0.982688 0.102956 0.982688 0.881424 0.999998 0.902268 0.999998 0.083415
1 0.982688 0.541225 0.982688 0.723297 0.999998 0.723297 0.999998 0.541225
1 0.982688 0.260288 0.982688 0.445487 0.999998 0.445487 0.999998 0.260288
3 0.982688 0.881424 0.141799 0.881424 0.124414 0.902268 0.999998 0.902268
2 0.647198 0.881424 0.590738 0.881424 0.590738 0.902268 0.647198 0.902268
3 0.124414 0.902268 0.124414 0.554513 0.141799 0.554513 0.141799 0.881424
1 0.124414 0.818970 0.124414 0.640846 0.141799 0.640846 0.141799 0.818970
3 0.535955 0.102956 0.141799 0.102956 0.129757 0.082112 0.535955 0.082112
3 0.129757 0.082112 0.129757 0.554513 0.141799 0.554513 0.141799 0.102956
1 0.129757 0.158023 0.129757 0.405688 0.141799 0.405688 0.141799 0.158023
2 0.129757 0.413504 0.129757 0.510376 0.141799 0.510376 0.141799 0.413504
3 0.707354 0.083415 0.707354 0.382538 0.680260 0.374722 0.680260 0.083415
3 0.707354 0.382538 0.535955 0.382538 0.539718 0.374722 0.680260 0.374722
2 0.634314 0.382538 0.584122 0.382538 0.584122 0.374722 0.634314 0.374722
3 0.535955 0.382538 0.535955 0.083415 0.539718 0.111424 0.539718 0.374722
3 0.656230 0.374722 0.656230 0.902268 0.660745 0.902268 0.660745 0.374722
2 0.656230 0.525293 0.656230 0.624835 0.660745 0.624835 0.660745 0.525293
2 0.656230 0.395331 0.656230 0.491982 0.660745 0.491982 0.660745 0.395331
3 0.656230 0.512526 0.999998 0.512526 0.999998 0.504709 0.656230 0.504709
3 0.141799 0.554513 0.018251 0.554513 0.018251 0.574510 0.141799 0.574510
3 0.129757 0.544495 0.535955 0.544495 0.541223 0.534177 0.129757 0.534177
2 0.201225 0.544495 0.257821 0.544495 0.257821 0.534177 0.201225 0.534177
3 0.541223 0.534177 0.541223 0.902268 0.535955 0.902268 0.535955 0.544495
2 0.541223 0.553667 0.541223 0.627832 0.535955 0.627832 0.535955 0.553667
3 0.414409 0.534177 0.414409 0.902268 0.419677 0.902268 0.419677 0.534177
2 0.414409 0.553888 0.414409 0.626803 0.419677 0.626803 0.419677 0.553888
3 0.129757 0.082112 0.018251 0.082112 0.018251 0.101718 0.129757 0.101718
3 0.541223 0.674613 0.500018 0.674613 0.500018 0.636834 0.541223 0.636834
