0 0.598399 0.699241 0.670706 0.699241 0.670706 0.854090 0.600283 0.854090 0.600283 0.892272 0.593984 0.892272 0.593984 0.901939 0.481688 0.901939 0.481688 0.892272 0.454069 0.892272 0.454069 0.606730 0.598399 0.606730
0 0.047142 0.078195 0.047142 0.251148 0.172924 0.251148 0.172924 0.266645 0.569542 0.266645 0.569772 0.119612 0.556450 0.119612 0.556450 0.078195 0.047142 0.078195 0.047142 0.078195
0 0.598399 0.299713 0.598399 0.606730 0.060442 0.606730 0.060442 0.299578 0.593732 0.299578 0.593732 0.299297
0 0.445304 0.614479 0.445304 0.858672 0.060442 0.858672 0.060442 0.606730 0.307460 0.606730 0.307460 0.614479
0 0.907907 0.120813 0.907907 0.493326 0.607163 0.493326 0.607163 0.345857 0.598399 0.345857 0.598399 0.299713 0.593732 0.299297 0.593732 0.120813
0 0.907907 0.691492 0.607163 0.691492 0.607163 0.501075 0.907907 0.501075
0 0.900041 0.701246 0.798099 0.701246 0.798099 0.706050 0.900041 0.706050 0.900041 0.846816 0.701612 0.846816 0.701612 0.701178 0.900041 0.701178
3 0.037436 0.251148 0.037436 0.912613 0.060442 0.858672 0.060442 0.299578
3 0.481688 0.912613 0.593984 0.912613 0.593984 0.901939 0.481688 0.901939
2 0.487484 0.912613 0.586326 0.912613 0.586326 0.901939 0.487484 0.901939
3 0.593984 0.912613 0.710333 0.912613 0.600283 0.892272 0.593984 0.892272
3 0.710333 0.912613 0.710333 0.874431 0.600283 0.854090 0.600283 0.892272
3 0.710333 0.874431 0.961590 0.874431 0.900041 0.854090 0.600283 0.854090
3 0.961590 0.065603 0.569542 0.065603 0.593732 0.120813 0.907907 0.120813
3 0.060442 0.299578 0.172924 0.299578 0.172924 0.251148 0.037436 0.251148
3 0.172924 0.299578 0.593732 0.299578 0.569542 0.266645 0.172924 0.266645
1 0.173406 0.299578 0.433067 0.299578 0.433067 0.266645 0.173406 0.266645
2 0.435915 0.299578 0.565236 0.299578 0.565236 0.266645 0.435915 0.266645
3 0.569542 0.266645 0.569542 0.065603 0.593732 0.120813 0.593732 0.299578
1 0.569542 0.265657 0.569542 0.121830 0.593732 0.121830 0.593732 0.265657
3 0.569542 0.065603 0.028025 0.065603 0.047142 0.078195 0.569542 0.078195
1 0.549361 0.065603 0.070642 0.065603 0.070642 0.078195 0.549361 0.078195
3 0.028025 0.065603 0.028025 0.251148 0.047142 0.251148 0.047142 0.078195
3 0.670706 0.854090 0.670706 0.699241 0.701612 0.691492 0.701612 0.854090
3 0.454069 0.912613 0.454069 0.606730 0.445304 0.614479 0.445304 0.892272
2 0.454069 0.799335 0.454069 0.675723 0.445304 0.675723 0.445304 0.799335
3 0.454069 0.606730 0.307460 0.606730 0.307460 0.614479 0.445304 0.614479
3 0.701612 0.691492 0.607163 0.691492 0.598399 0.699241 0.670706 0.699241
3 0.607163 0.691492 0.607163 0.345857 0.598399 0.345857 0.598399 0.699241
2 0.607163 0.646907 0.607163 0.568063 0.598399 0.568063 0.598399 0.646907
2 0.607163 0.417475 0.607163 0.345906 0.598399 0.345906 0.598399 0.417475
3 0.598399 0.501075 0.961590 0.501075 0.961590 0.493326 0.598399 0.493326
3 0.037436 0.912613 0.454069 0.912613 0.454069 0.858672 0.060442 0.858672
3 0.454069 0.912613 0.481688 0.912613 0.481688 0.892272 0.454069 0.892272
3 0.701612 0.854565 0.907907 0.854565 0.907907 0.846816 0.701612 0.846816
3 0.961590 0.874431 0.961590 0.701178 0.900041 0.701178 0.900041 0.854090
3 0.961590 0.701178 0.961590 0.065603 0.907907 0.120813 0.907907 0.701178
1 0.961590 0.681738 0.961590 0.621394 0.907907 0.621394 0.907907 0.681738
1 0.961590 0.429854 0.961590 0.368145 0.907907 0.368145 0.907907 0.429854
3 0.900041 0.701246 0.798099 0.701246 0.798099 0.706050 0.900041 0.706050
3 0.690656 0.691492 0.961590 0.691492 0.961590 0.701178 0.690656 0.701178
2 0.704077 0.691492 0.793552 0.691492 0.793552 0.701178 0.704077 0.701178
3 0.569772 0.078195 0.569772 0.119612 0.556450 0.119612 0.556450 0.078195
