0 0.332588 0.409844 0.177637 0.409844 0.177637 0.419579 0.332588 0.419579 0.332588 0.419664 0.078018 0.419664 0.078018 0.419579 0.177637 0.419579 0.177637 0.337004 0.078018 0.337004 0.078018 0.049270 0.332588 0.049270
0 0.332588 0.603322 0.078018 0.603322 0.078018 0.419664 0.332588 0.419664
0 0.968306 0.884838 0.522503 0.884838 0.522503 0.603322 0.345933 0.603322 0.345933 0.049270 0.968306 0.049270
0 0.508674 0.884838 0.500617 0.884838 0.500617 0.896167 0.357610 0.896167 0.357610 0.884838 0.078018 0.884838 0.078018 0.613057 0.508674 0.613057
1 0.192250 0.049270 0.324848 0.049270 0.324848 0.029800 0.192250 0.029800
1 0.470975 0.049270 0.855358 0.049270 0.855358 0.029800 0.470975 0.029800
3 0.500617 0.907958 0.357610 0.907958 0.357610 0.896167 0.500617 0.896167
2 0.492510 0.907958 0.366334 0.907958 0.366334 0.896167 0.492510 0.896167
3 0.357610 0.907958 0.046323 0.907958 0.078018 0.884838 0.357610 0.884838
3 0.046323 0.907958 0.046323 0.029800 0.078018 0.049270 0.078018 0.884838
3 0.508674 0.907958 0.508674 0.613057 0.522503 0.603322 0.522503 0.907958
3 0.522503 0.603322 0.046323 0.603322 0.046323 0.613057 0.508674 0.613057
2 0.243561 0.603322 0.141873 0.603322 0.141873 0.613057 0.243561 0.613057
2 0.479516 0.603322 0.353990 0.603322 0.353990 0.613057 0.479516 0.613057
3 0.345933 0.613057 0.345933 0.029800 0.332588 0.029800 0.332588 0.613057
2 0.345933 0.307179 0.345933 0.238111 0.332588 0.238111 0.332588 0.307179
3 0.177637 0.337004 0.046323 0.337004 0.046323 0.419579 0.177637 0.419579
3 0.177637 0.419579 0.345933 0.419579 0.345933 0.409844 0.177637 0.409844
