0 0.423730 0.718199 0.134948 0.718199 0.134948 0.512088 0.423730 0.512088
0 0.786675 0.718199 0.423730 0.718199 0.423730 0.512088 0.134948 0.512088 0.134948 0.349364 0.786675 0.349364
0 0.423730 0.897244 0.134948 0.897244 0.134948 0.718199 0.423730 0.718199
0 0.715526 0.081058 0.715526 0.132984 0.679000 0.132984 0.679000 0.081058
0 0.786675 0.324112 0.134948 0.324112 0.134948 0.081058 0.786675 0.081058
0 0.786675 0.897244 0.447411 0.897244 0.447411 0.840895 0.435905 0.840895 0.435905 0.759107 0.517891 0.759107 0.517891 0.725681 0.786675 0.725681
0 0.505715 0.751625 0.435905 0.751625 0.435905 0.725681 0.505715 0.725681
3 0.106031 0.324112 0.815591 0.324112 0.786675 0.349364 0.134948 0.349364
1 0.420504 0.324112 0.703761 0.324112 0.703761 0.349364 0.420504 0.349364
2 0.291324 0.324112 0.413366 0.324112 0.413366 0.349364 0.291324 0.349364
3 0.786675 0.349364 0.786675 0.897244 0.815591 0.915014 0.815591 0.324112
3 0.786675 0.897244 0.134948 0.897244 0.106031 0.915014 0.815591 0.915014
2 0.408465 0.897244 0.270169 0.897244 0.270169 0.915014 0.408465 0.915014
3 0.106031 0.915014 0.106031 0.324112 0.134948 0.349364 0.134948 0.897244
3 0.815591 0.718199 0.423730 0.718199 0.435905 0.725681 0.815591 0.725681
3 0.423730 0.718199 0.423730 0.915014 0.435905 0.915014 0.435905 0.725681
2 0.423730 0.762343 0.423730 0.837126 0.435905 0.837126 0.435905 0.762343
3 0.447411 0.915014 0.447411 0.840895 0.435236 0.840895 0.435236 0.915014
3 0.423730 0.759107 0.517891 0.759107 0.505715 0.751625 0.423730 0.751625
3 0.517891 0.759107 0.517891 0.718199 0.505715 0.718199 0.505715 0.751625
3 0.134948 0.349364 0.134948 0.081058 0.106031 0.063289 0.106031 0.349364
3 0.134948 0.081058 0.786675 0.081058 0.815591 0.063289 0.106031 0.063289
1 0.205443 0.081058 0.717641 0.081058 0.717641 0.063289 0.205443 0.063289
3 0.786675 0.081058 0.786675 0.349364 0.815591 0.349364 0.815591 0.063289
3 0.715526 0.081058 0.715526 0.132984 0.679000 0.132984 0.679000 0.081058
