0 0.583885 0.784716 0.448347 0.784716 0.448347 0.710945 0.583885 0.710945
0 0.319361 0.585519 0.213835 0.585519 0.213835 0.480920 0.319361 0.480920
0 0.886613 0.545907 0.760819 0.545907 0.760819 0.450358 0.886613 0.450358
0 0.204969 0.585519 0.064582 0.585519 0.064582 0.480920 0.204969 0.480920
0 0.749027 0.554271 0.890674 0.554271 0.890674 0.608170 0.592751 0.608170 0.592751 0.450358 0.749027 0.450358
0 0.890674 0.784716 0.592751 0.784716 0.592751 0.614459 0.890674 0.614459
0 0.439481 0.784716 0.064582 0.784716 0.064582 0.591807 0.439481 0.591807
0 0.448382 0.430939 0.439481 0.430939 0.439481 0.474632 0.064582 0.474632 0.064582 0.289678 0.448382 0.289678
0 0.890674 0.444069 0.583885 0.444069 0.583885 0.445736 0.448436 0.445736 0.448436 0.430939 0.448382 0.430939 0.448382 0.289678 0.448436 0.289678 0.448436 0.215523 0.890674 0.215523
0 0.583885 0.704656 0.448347 0.704656 0.448347 0.585519 0.328227 0.585519 0.328227 0.480920 0.439481 0.480920 0.439481 0.520972 0.448436 0.520972 0.448436 0.445736 0.583885 0.445736
0 0.421349 0.195399 0.421349 0.145191 0.114188 0.145191 0.114330 0.269712 0.421349 0.269712 0.421349 0.145191 0.421349 0.195399
0 0.439481 0.803557 0.439481 1.000000 0.581447 1.000000 0.581447 0.876737 0.785627 0.876737 0.785627 0.803475 0.439481 0.803557
3 0.448436 0.215523 0.890674 0.215523 0.909293 0.195399 0.421349 0.195399
1 0.449429 0.215523 0.635256 0.215523 0.635256 0.195399 0.449429 0.195399
1 0.641737 0.215523 0.751811 0.215523 0.751811 0.195399 0.641737 0.195399
3 0.890674 0.784716 0.064582 0.784716 0.040137 0.803557 0.909293 0.803557
2 0.550530 0.784716 0.468491 0.784716 0.468491 0.803557 0.550530 0.803557
1 0.303172 0.784716 0.142844 0.784716 0.142844 0.803557 0.303172 0.803557
1 0.812953 0.784716 0.653618 0.784716 0.653618 0.803557 0.812953 0.803557
3 0.064582 0.784716 0.064582 0.289678 0.040137 0.269712 0.040137 0.803557
1 0.064582 0.378762 0.064582 0.321731 0.040137 0.321731 0.040137 0.378762
3 0.064582 0.289678 0.448436 0.289678 0.421349 0.269712 0.040137 0.269712
1 0.177475 0.289678 0.338707 0.289678 0.338707 0.269712 0.177475 0.269712
3 0.448436 0.289678 0.448436 0.215523 0.421349 0.195399 0.421349 0.269712
2 0.448436 0.266995 0.448436 0.215932 0.421349 0.215932 0.421349 0.266995
3 0.448436 0.430939 0.448436 0.520972 0.439481 0.520972 0.439481 0.430939
3 0.040137 0.480920 0.448436 0.480920 0.448436 0.474632 0.040137 0.474632
3 0.040137 0.591807 0.439481 0.591807 0.448347 0.585519 0.040137 0.585519
2 0.118878 0.591807 0.181483 0.591807 0.181483 0.585519 0.118878 0.585519
3 0.439481 0.591807 0.439481 0.803557 0.448347 0.803557 0.448347 0.585519
2 0.439481 0.642059 0.439481 0.693550 0.448347 0.693550 0.448347 0.642059
3 0.204969 0.474632 0.204969 0.591807 0.213835 0.591807 0.213835 0.474632
3 0.319361 0.474632 0.319361 0.591807 0.328227 0.591807 0.328227 0.474632
2 0.319361 0.533663 0.319361 0.583142 0.328227 0.583142 0.328227 0.533663
3 0.583885 0.444069 0.583885 0.803557 0.592751 0.803557 0.592751 0.450358
2 0.583885 0.632972 0.583885 0.685809 0.592751 0.685809 0.592751 0.632972
2 0.583885 0.488592 0.583885 0.540423 0.592751 0.540423 0.592751 0.488592
3 0.583885 0.614459 0.909293 0.614459 0.909293 0.608170 0.583885 0.608170
3 0.749027 0.444069 0.749027 0.554271 0.760819 0.545907 0.760819 0.450358
2 0.749027 0.495661 0.749027 0.545467 0.760819 0.545467 0.760819 0.495661
3 0.749027 0.554271 0.909293 0.554271 0.909293 0.545907 0.760819 0.545907
3 0.890674 0.444069 0.749027 0.444069 0.760819 0.450358 0.909293 0.450358
3 0.760819 0.444069 0.583885 0.444069 0.592751 0.450358 0.760819 0.450358
3 0.890674 0.215523 0.890674 0.444069 0.909293 0.444069 0.909293 0.195399
3 0.886613 0.444069 0.886613 0.554271 0.909293 0.554271 0.909293 0.444069
3 0.890674 0.554271 0.890674 0.784716 0.909293 0.803557 0.909293 0.554271
3 0.439481 0.704656 0.592751 0.704656 0.592751 0.710945 0.439481 0.710945
2 0.467569 0.704656 0.548704 0.704656 0.548704 0.710945 0.467569 0.710945
