0 0.447887 0.711898 0.447887 0.725660 0.440105 0.725660 0.440105 0.711898
0 0.513543 0.395922 0.447887 0.395922 0.447887 0.161309 0.440105 0.161309 0.440105 0.410989 0.670358 0.410989 0.670358 0.859697 0.447887 0.859697 0.447887 0.725660 0.097936 0.725660 0.097936 0.161184 0.513543 0.158673
0 0.978600 0.556679 0.684624 0.556679 0.684617 0.157731 0.670520 0.157731 0.978600 0.155873
0 0.912990 0.644095 0.978600 0.644095 0.978600 0.859697 0.684624 0.859697 0.684624 0.567979 0.912990 0.567979
0 0.670358 0.395922 0.521972 0.395922 0.521972 0.158673 0.513594 0.158673 0.513575 0.158208 0.670358 0.158208
0 0.978600 0.632794 0.918826 0.632794 0.918826 0.567979 0.978600 0.567979
3 0.076537 0.755795 0.440105 0.755795 0.447887 0.725660 0.097936 0.725660
3 0.440105 0.755795 0.440105 0.901133 0.447887 0.859697 0.447887 0.725660
3 0.447887 0.725660 0.447887 0.711898 0.440105 0.711898 0.440105 0.725660
3 0.440105 0.410989 0.440105 0.161309 0.447887 0.161309 0.447887 0.395922
3 0.440105 0.410989 0.670358 0.410989 0.670358 0.395922 0.447887 0.395922
2 0.569310 0.410989 0.610084 0.410989 0.610084 0.395922 0.569310 0.395922
2 0.451952 0.410989 0.492727 0.410989 0.492727 0.395922 0.451952 0.395922
3 0.440105 0.901133 0.999999 0.901133 0.978600 0.859697 0.447887 0.859697
2 0.607406 0.901133 0.658459 0.901133 0.658459 0.859697 0.607406 0.859697
3 0.978600 0.859697 0.978600 0.155873 0.999999 0.114312 0.999999 0.901133
1 0.978600 0.487381 0.978600 0.220223 0.999999 0.220223 0.999999 0.487381
1 0.978600 0.849803 0.978600 0.628814 0.999999 0.628814 0.999999 0.849803
3 0.978600 0.155873 0.097936 0.161184 0.076537 0.119874 0.999999 0.114312
3 0.076537 0.119874 0.076537 0.755795 0.097936 0.725660 0.097936 0.161184
1 0.076537 0.333706 0.076537 0.600424 0.097936 0.600424 0.097936 0.333706
3 0.670358 0.859697 0.670351 0.157731 0.684617 0.157731 0.684624 0.859697
2 0.670358 0.837071 0.670351 0.747332 0.684617 0.747332 0.684624 0.837071
2 0.670351 0.522375 0.670351 0.432623 0.684617 0.432623 0.684617 0.522375
3 0.513543 0.395922 0.513543 0.158673 0.521972 0.158673 0.521972 0.395922
3 0.684617 0.556679 0.978600 0.556679 0.978600 0.567979 0.684617 0.567979
3 0.912990 0.567979 0.912990 0.644095 0.918826 0.632794 0.918826 0.567979
3 0.912990 0.644095 0.978600 0.644095 0.978600 0.632794 0.918826 0.632794
2 0.933208 0.644095 0.973004 0.644095 0.973004 0.632794 0.933208 0.632794
