0 0.894013 0.066637 1.000000 0.066637 1.000000 0.561410 0.893535 0.561410 0.894013 0.066637 0.894013 0.066637
0 0.863787 0.533842 0.477187 0.533842 0.477187 0.111544 0.863787 0.111544
0 0.863787 0.735212 0.344064 0.735212 0.344064 0.533842 0.863787 0.533842
0 0.459555 0.520121 0.077003 0.520121 0.077003 0.111544 0.459555 0.111544
0 0.335667 0.975052 0.077003 0.975052 0.077003 0.533842 0.335667 0.533842
0 0.461234 0.975052 0.345743 0.975052 0.345743 0.753923 0.461234 0.753923
3 0.477187 0.758913 0.894013 0.758913 0.863787 0.735212 0.461234 0.735212
2 0.482175 0.758913 0.541931 0.758913 0.541931 0.735212 0.482175 0.735212
3 0.894013 0.758913 0.894013 0.066637 0.863787 0.111544 0.863787 0.735212
2 0.894013 0.553314 0.894013 0.450241 0.863787 0.450241 0.863787 0.553314
1 0.894013 0.436981 0.894013 0.198675 0.863787 0.198675 0.863787 0.436981
3 0.894013 0.066637 0.046776 0.066637 0.077003 0.111544 0.863787 0.111544
1 0.800563 0.066637 0.653560 0.066637 0.653560 0.111544 0.800563 0.111544
1 0.561167 0.066637 0.478052 0.066637 0.478052 0.111544 0.561167 0.111544
3 0.046776 0.066637 0.046776 1.000000 0.077003 0.975052 0.077003 0.111544
1 0.046776 0.209777 0.046776 0.425692 0.077003 0.425692 0.077003 0.209777
1 0.046776 0.657286 0.046776 0.875433 0.077003 0.875433 0.077003 0.657286
3 0.046776 1.000000 0.477187 1.000000 0.461234 0.975052 0.077003 0.975052
3 0.477187 1.000000 0.477187 0.758913 0.461234 0.735212 0.461234 0.975052
3 0.461234 0.735212 0.344064 0.735212 0.335667 0.753923 0.461234 0.753923
2 0.443241 0.735212 0.398892 0.735212 0.398892 0.753923 0.443241 0.753923
3 0.335667 0.735212 0.335667 1.000000 0.345743 1.000000 0.345743 0.753923
3 0.046776 0.533842 0.477187 0.533842 0.459555 0.520121 0.046776 0.520121
2 0.346835 0.533842 0.405390 0.533842 0.405390 0.520121 0.346835 0.520121
3 0.477187 0.533842 0.477187 0.111544 0.459555 0.111544 0.459555 0.520121
3 0.335667 0.753923 0.335667 0.520121 0.344064 0.520121 0.344064 0.735212
2 0.335667 0.728987 0.335667 0.642741 0.344064 0.642741 0.344064 0.728987
