0 0.585114 0.268387 0.375311 0.268387 0.375311 0.036866 0.585114 0.036866
0 0.834640 0.280037 0.585834 0.280037 0.585834 0.268387 0.585114 0.268387 0.585114 0.036866 0.834640 0.036866
0 0.834640 0.594877 0.459413 0.594877 0.459413 0.377603 0.449367 0.377603 0.449367 0.280260 0.374616 0.280260 0.374616 0.280056 0.585834 0.280056 0.585834 0.280037 0.834640 0.280037
0 0.374616 0.280260 0.449367 0.280260 0.449367 0.484300 0.299974 0.484300 0.299974 0.280056 0.374616 0.280056
0 0.180586 0.221203 0.030933 0.221203 0.030933 0.220989 0.180586 0.220989 0.180586 0.209320 0.030933 0.209320 0.030933 0.036866 0.180586 0.036866
0 0.180586 0.280056 0.289928 0.280056 0.289928 0.594877 0.030933 0.594877 0.030933 0.221203 0.180586 0.221203
0 0.365265 0.268387 0.190632 0.268387 0.190632 0.036866 0.365265 0.036866
0 0.281230 0.981523 0.157999 0.981523 0.157999 0.750372 0.281230 0.750372
0 0.985766 0.251855 0.851384 0.251855 0.851384 0.032976 0.985766 0.032976
0 0.449367 0.594877 0.299974 0.594877 0.299974 0.495969 0.449367 0.495969
3 0.030933 0.594877 0.030933 0.036866 0.012516 0.015472 0.012516 0.628913
1 0.030933 0.475139 0.030933 0.300789 0.012516 0.300789 0.012516 0.475139
1 0.030933 0.190474 0.030933 0.099841 0.012516 0.099841 0.012516 0.190474
3 0.030933 0.036866 0.851384 0.036866 0.851384 0.015472 0.012516 0.015472
3 0.834640 0.036866 0.834640 0.268387 0.851384 0.251855 0.851384 0.015472
2 0.834640 0.157644 0.834640 0.237278 0.851384 0.237278 0.851384 0.157644
1 0.834640 0.056947 0.834640 0.143184 0.851384 0.143184 0.851384 0.056947
3 0.834640 0.268387 0.834640 0.594877 0.865615 0.628913 0.865615 0.268387
1 0.834640 0.299962 0.834640 0.584472 0.865615 0.584472 0.865615 0.299962
3 0.834640 0.594877 0.030933 0.594877 0.012516 0.628913 0.865615 0.628913
1 0.825624 0.594877 0.750990 0.594877 0.750990 0.628913 0.825624 0.628913
2 0.385792 0.594877 0.312423 0.594877 0.312423 0.628913 0.385792 0.628913
3 0.157999 0.750372 0.281230 0.750372 0.297136 0.731895 0.142093 0.731895
3 0.281230 0.750372 0.281230 0.981523 0.297136 1.000000 0.297136 0.731895
2 0.281230 0.836093 0.281230 0.913073 0.297136 0.913073 0.297136 0.836093
3 0.281230 0.981523 0.157999 0.981523 0.142093 1.000000 0.297136 1.000000
3 0.157999 0.981523 0.157999 0.750372 0.142093 0.731895 0.142093 1.000000
3 0.459413 0.594877 0.459413 0.377603 0.449367 0.377603 0.449367 0.594877
3 0.299974 0.594877 0.299974 0.268387 0.289928 0.268387 0.289928 0.594877
2 0.299974 0.383048 0.299974 0.305204 0.289928 0.305204 0.289928 0.383048
3 0.299974 0.268387 0.190632 0.268387 0.180586 0.280056 0.299974 0.280056
3 0.190632 0.268387 0.190632 0.036866 0.180586 0.036866 0.180586 0.280056
2 0.190632 0.196221 0.190632 0.139128 0.180586 0.139128 0.180586 0.196221
3 0.299974 0.268387 0.585834 0.268387 0.585834 0.280056 0.299974 0.280056
2 0.302913 0.268387 0.360995 0.268387 0.360995 0.280056 0.302913 0.280056
2 0.379430 0.268387 0.446445 0.268387 0.446445 0.280056 0.379430 0.280056
3 0.180586 0.209320 0.030933 0.209320 0.030933 0.220989 0.180586 0.220989
3 0.375311 0.268387 0.375311 0.036866 0.365265 0.036866 0.365265 0.268387
3 0.851384 0.015472 0.999998 0.015472 0.985766 0.032976 0.851384 0.032976
3 0.985766 0.032976 0.985766 0.251855 0.999998 0.268387 0.999998 0.015472
1 0.985766 0.174535 0.985766 0.240934 0.999998 0.240934 0.999998 0.174535
1 0.985766 0.101679 0.985766 0.166697 0.999998 0.166697 0.999998 0.101679
1 0.985766 0.038042 0.985766 0.094299 0.999998 0.094299 0.999998 0.038042
3 0.999998 0.268387 0.834640 0.268387 0.851384 0.251855 0.985766 0.251855
2 0.941840 0.268387 0.876775 0.268387 0.876775 0.251855 0.941840 0.251855
1 0.985205 0.268387 0.955033 0.268387 0.955033 0.251855 0.985205 0.251855
3 0.299974 0.495969 0.449367 0.495969 0.449367 0.484300 0.299974 0.484300
2 0.313101 0.495969 0.386136 0.495969 0.386136 0.484300 0.313101 0.484300
