0 0.158392 0.501152 0.142280 0.501152 0.142280 0.387024 0.158392 0.387024
0 0.277388 0.612062 0.228513 0.612062 0.228513 0.514862 0.277388 0.514862
0 0.091846 0.627948 0.091846 0.690679 0.041798 0.690679 0.041798 0.584293 0.077872 0.584293
0 0.221626 0.828297 0.228053 0.828489 0.164819 0.828489 0.164819 0.729224 0.221964 0.729224
0 0.091846 0.865288 0.041798 0.865288 0.041798 0.704389 0.091846 0.704389
0 0.316895 0.865288 0.228053 0.865288 0.228053 0.828489 0.228466 0.729224 0.316895 0.729224
0 0.158392 0.865288 0.096920 0.865288 0.096920 0.704389 0.103692 0.704389 0.103692 0.633204 0.158392 0.633204
0 0.137205 0.514862 0.158392 0.514862 0.158392 0.619493 0.095567 0.619493 0.080202 0.570582 0.041798 0.570582 0.041798 0.387024 0.137205 0.387024
0 0.554857 0.362592 0.439846 0.362592 0.439846 0.107236 0.554857 0.107236
0 0.433080 0.865288 0.323323 0.865288 0.323323 0.509378 0.433080 0.509378
0 0.554857 0.876257 0.439846 0.876257 0.439846 0.379959 0.554857 0.379959
0 0.222884 0.373314 0.092779 0.373314 0.092779 0.118204 0.222884 0.118204
0 0.092779 0.373314 0.041798 0.373314 0.041798 0.118204 0.092779 0.118204
0 0.316895 0.717012 0.228297 0.717012 0.228297 0.629429 0.283815 0.629429 0.283815 0.514862 0.316895 0.514862
0 0.433080 0.497496 0.228121 0.497496 0.228121 0.118204 0.433080 0.118204
0 0.228121 0.497496 0.222086 0.497496 0.222086 0.629429 0.228121 0.629429 0.228121 0.717012 0.222090 0.717012 0.221964 0.717341 0.164819 0.717341 0.164819 0.387024 0.227959 0.387024 0.227959 0.118204 0.228121 0.118204
0 0.165871 0.846806 0.165871 0.891796 0.161741 0.891796 0.161741 0.928860 0.222086 0.928860 0.222086 0.846806 0.165871 0.846806
3 0.439846 0.865288 0.228053 0.865288 0.222086 0.891796 0.439846 0.891796
1 0.400859 0.865288 0.339678 0.865288 0.339678 0.891796 0.400859 0.891796
1 0.315979 0.865288 0.283118 0.865288 0.283118 0.891796 0.315979 0.891796
3 0.222086 0.891796 0.222086 0.846806 0.228053 0.828489 0.228053 0.865288
3 0.228053 0.828489 0.158392 0.828489 0.165871 0.846806 0.222086 0.846806
2 0.195369 0.828489 0.166686 0.828489 0.166686 0.846806 0.195369 0.846806
1 0.218730 0.828489 0.198407 0.828489 0.198407 0.846806 0.218730 0.846806
3 0.158392 0.828489 0.158392 0.865288 0.165871 0.891796 0.165871 0.846806
3 0.158392 0.865288 0.041798 0.865288 0.030973 0.891796 0.165871 0.891796
1 0.139147 0.865288 0.099068 0.865288 0.099068 0.891796 0.139147 0.891796
1 0.090523 0.865288 0.063552 0.865288 0.063552 0.891796 0.090523 0.891796
3 0.041798 0.865288 0.041798 0.118204 0.030973 0.088955 0.030973 0.891796
1 0.041798 0.555583 0.041798 0.415031 0.030973 0.415031 0.030973 0.555583
3 0.041798 0.118204 0.439846 0.118204 0.439846 0.088955 0.030973 0.088955
2 0.244047 0.118204 0.270287 0.118204 0.270287 0.088955 0.244047 0.088955
1 0.125968 0.118204 0.197967 0.118204 0.197967 0.088955 0.125968 0.088955
1 0.273156 0.118204 0.390159 0.118204 0.390159 0.088955 0.273156 0.088955
3 0.433080 0.118204 0.433080 0.865288 0.439846 0.891796 0.439846 0.088955
3 0.439846 0.891796 0.561622 0.891796 0.554857 0.876257 0.439846 0.876257
2 0.458427 0.891796 0.538518 0.891796 0.538518 0.876257 0.458427 0.876257
3 0.561622 0.891796 0.561622 0.088955 0.554857 0.107236 0.554857 0.876257
1 0.561622 0.480641 0.561622 0.387463 0.554857 0.387463 0.554857 0.480641
1 0.561622 0.624164 0.561622 0.491911 0.554857 0.491911 0.554857 0.624164
3 0.561622 0.088955 0.439846 0.088955 0.439846 0.107236 0.554857 0.107236
2 0.471840 0.088955 0.443388 0.088955 0.443388 0.107236 0.471840 0.107236
1 0.528992 0.088955 0.477726 0.088955 0.477726 0.107236 0.528992 0.107236
3 0.433080 0.379959 0.561622 0.379959 0.561622 0.362592 0.433080 0.362592
2 0.442853 0.379959 0.471498 0.379959 0.471498 0.362592 0.442853 0.362592
3 0.323323 0.865288 0.323323 0.509378 0.316895 0.497496 0.316895 0.865288
2 0.323323 0.591322 0.323323 0.535136 0.316895 0.535136 0.316895 0.591322
2 0.323323 0.823571 0.323323 0.764433 0.316895 0.764433 0.316895 0.823571
3 0.323323 0.497496 0.222086 0.497496 0.228513 0.514862 0.323323 0.514862
3 0.222086 0.497496 0.222086 0.629429 0.228513 0.612062 0.228513 0.514862
2 0.222086 0.515137 0.222086 0.571323 0.228513 0.571323 0.228513 0.515137
3 0.222086 0.629429 0.283815 0.629429 0.277388 0.612062 0.228513 0.612062
3 0.283815 0.629429 0.283815 0.497496 0.277388 0.497496 0.277388 0.612062
3 0.228053 0.828489 0.228466 0.729224 0.222090 0.717012 0.221626 0.828297
2 0.228077 0.822465 0.228338 0.759872 0.221910 0.759680 0.221650 0.822273
3 0.222090 0.717012 0.323323 0.717012 0.323323 0.729224 0.228466 0.729224
3 0.158392 0.373314 0.222884 0.373314 0.227959 0.387024 0.164819 0.387024
2 0.173005 0.373314 0.201221 0.373314 0.201221 0.387024 0.173005 0.387024
3 0.227959 0.387024 0.227959 0.088955 0.222884 0.088955 0.222884 0.373314
3 0.158392 0.387024 0.142280 0.387024 0.142280 0.373314 0.158392 0.373314
3 0.142280 0.387024 0.030973 0.387024 0.030973 0.373314 0.142280 0.373314
3 0.137205 0.373314 0.137205 0.514862 0.142280 0.501152 0.142280 0.387024
3 0.158392 0.828489 0.158392 0.514862 0.164819 0.514862 0.164819 0.828489
2 0.158392 0.585609 0.158392 0.518948 0.164819 0.518948 0.164819 0.585609
3 0.137205 0.514862 0.158392 0.514862 0.158392 0.501152 0.142280 0.501152
3 0.158392 0.514862 0.158392 0.373314 0.164819 0.387024 0.164819 0.514862
2 0.158392 0.499680 0.158392 0.387902 0.164819 0.387902 0.164819 0.499680
3 0.096920 0.891796 0.096920 0.623259 0.091846 0.628332 0.091846 0.891796
2 0.096920 0.857757 0.096920 0.804386 0.091846 0.804386 0.091846 0.857757
3 0.096920 0.623259 0.080202 0.570582 0.077872 0.584293 0.091846 0.628332
3 0.080202 0.570582 0.030973 0.570582 0.030973 0.584293 0.077872 0.584293
2 0.069097 0.570582 0.043722 0.570582 0.043722 0.584293 0.069097 0.584293
3 0.091846 0.633204 0.164819 0.633204 0.164819 0.619493 0.091846 0.619493
2 0.134073 0.633204 0.156220 0.633204 0.156220 0.619493 0.134073 0.619493
3 0.030973 0.704389 0.103692 0.704389 0.096920 0.690679 0.030973 0.690679
3 0.222039 0.729224 0.158392 0.729224 0.158392 0.717341 0.222039 0.717341
2 0.195748 0.729224 0.166686 0.729224 0.166686 0.717341 0.195748 0.717341
1 0.220060 0.729224 0.198975 0.729224 0.198975 0.717341 0.220060 0.717341
3 0.316895 0.497496 0.439846 0.497496 0.439846 0.509378 0.323323 0.509378
2 0.326015 0.497496 0.353683 0.497496 0.353683 0.509378 0.326015 0.509378
3 0.096920 0.633204 0.096920 0.690679 0.103692 0.704389 0.103692 0.633204
0 0.838702 0.619484 0.789791 0.619484 0.789791 0.511106 0.838702 0.511106
0 0.644998 0.619484 0.602179 0.619484 0.602179 0.355444 0.644998 0.355444
0 0.879069 0.717442 0.789791 0.717442 0.789791 0.635023 0.844453 0.635023 0.844453 0.495567 0.789791 0.495567 0.789791 0.355444 0.879069 0.355444
0 0.784040 0.619484 0.650748 0.619484 0.650748 0.355444 0.784040 0.355444
0 0.989175 0.717442 0.884820 0.717442 0.884820 0.355444 0.989175 0.355444
0 0.989175 0.339905 0.602179 0.339905 0.602179 0.117409 0.989175 0.117409
0 0.654953 0.717442 0.666401 0.717442 0.666401 0.635023 0.784040 0.635023 0.784040 0.733895 0.989175 0.733895 0.989175 0.870773 0.602179 0.870773 0.602179 0.635023 0.654953 0.635023
3 0.989175 0.870773 0.602179 0.870773 0.591354 0.900022 1.000000 0.900022
3 0.602179 0.870773 0.602179 0.117409 0.591354 0.088159 0.591354 0.900022
3 0.602179 0.117409 0.989175 0.117409 1.000000 0.088159 0.591354 0.088159
3 0.989175 0.117409 0.989175 0.870773 1.000000 0.900022 1.000000 0.088159
1 0.989175 0.434335 0.989175 0.568837 1.000000 0.568837 1.000000 0.434335
3 1.000000 0.733895 0.784040 0.733895 0.789791 0.717442 1.000000 0.717442
3 0.784040 0.733895 0.784040 0.355444 0.789791 0.339905 0.789791 0.717442
2 0.784040 0.437169 0.784040 0.369264 0.789791 0.369264 0.789791 0.437169
3 0.789791 0.355444 1.000000 0.355444 1.000000 0.339905 0.784040 0.339905
2 0.819891 0.355444 0.846344 0.355444 0.846344 0.339905 0.819891 0.339905
3 0.789791 0.339905 0.591354 0.339905 0.591354 0.355444 0.784040 0.355444
3 0.591354 0.635023 0.844453 0.635023 0.838702 0.619484 0.591354 0.619484
2 0.734736 0.635023 0.759968 0.635023 0.759968 0.619484 0.734736 0.619484
3 0.844453 0.635023 0.844453 0.495567 0.838702 0.511106 0.838702 0.619484
3 0.844453 0.495567 0.784040 0.495567 0.784040 0.511106 0.838702 0.511106
2 0.812394 0.495567 0.792406 0.495567 0.792406 0.511106 0.812394 0.511106
3 0.644998 0.339905 0.644998 0.635023 0.650748 0.635023 0.650748 0.339905
2 0.644998 0.375644 0.644998 0.449316 0.650748 0.449316 0.650748 0.375644
1 0.644998 0.459819 0.644998 0.595280 0.650748 0.595280 0.650748 0.459819
3 0.879069 0.339905 0.879069 0.733895 0.884820 0.733895 0.884820 0.339905
2 0.879069 0.365297 0.879069 0.438366 0.884820 0.438366 0.884820 0.365297
1 0.879069 0.440651 0.879069 0.487222 0.884820 0.487222 0.884820 0.440651
3 0.654953 0.635023 0.654953 0.717442 0.666401 0.717442 0.666401 0.635023
