0 0.254967 0.743645 0.182814 0.743645 0.182814 0.580830 0.201601 0.580830 0.201601 0.569116 0.029740 0.569116 0.029740 0.568789 0.254967 0.568789
0 0.254967 0.568789 0.029740 0.568789 0.029426 0.387315 0.254967 0.387315
0 0.435746 0.566990 0.254967 0.566990 0.254967 0.387315 0.435746 0.387315
0 0.435746 0.743645 0.258781 0.743645 0.258781 0.580989 0.277790 0.580989 0.277790 0.567216 0.255640 0.567216 0.255640 0.743645 0.254967 0.743645 0.254967 0.566990 0.435746 0.566990
0 0.435746 0.387315 0.029426 0.387315 0.029426 0.387265 0.181595 0.387265 0.181595 0.123027 0.435746 0.123027
0 0.527591 0.770647 0.145372 0.771484 0.145372 0.766848 0.444412 0.766848 0.444412 0.108836 0.527591 0.108836
0 0.527591 0.896787 0.411896 0.896787 0.411896 0.996260 0.328877 0.996260 0.328877 0.906652 0.145372 0.906652 0.145372 0.771484 0.527591 0.770647
0 0.178454 0.378897 0.029426 0.378897 0.029074 0.123027 0.178454 0.123027
0 0.107729 0.743645 0.030054 0.743645 0.029740 0.580830 0.107729 0.580830
0 0.179673 0.743645 0.110871 0.743645 0.110871 0.580830 0.179673 0.580830
3 0.018344 0.092904 0.446425 0.092904 0.435746 0.123027 0.029074 0.123027
1 0.075581 0.092904 0.133222 0.092904 0.133222 0.123027 0.075581 0.123027
1 0.133222 0.092904 0.153432 0.092904 0.153432 0.123027 0.133222 0.123027
1 0.258485 0.092904 0.318621 0.092904 0.318621 0.123027 0.258485 0.123027
1 0.328104 0.092904 0.368027 0.092904 0.368027 0.123027 0.328104 0.123027
3 0.446425 0.092904 0.446425 0.772094 0.435746 0.743645 0.435746 0.123027
1 0.446425 0.227161 0.446425 0.649318 0.435746 0.649318 0.435746 0.227161
3 0.446425 0.772094 0.019418 0.772094 0.030054 0.743645 0.435746 0.743645
1 0.396178 0.772094 0.330460 0.772094 0.330460 0.743645 0.396178 0.743645
1 0.421850 0.772094 0.396178 0.772094 0.396178 0.743645 0.421850 0.743645
1 0.254688 0.772094 0.239315 0.772094 0.239315 0.743645 0.254688 0.743645
1 0.083201 0.772094 0.034699 0.772094 0.034699 0.743645 0.083201 0.743645
2 0.235936 0.772094 0.204710 0.772094 0.204710 0.743645 0.235936 0.743645
3 0.019418 0.772094 0.018344 0.092904 0.029074 0.123027 0.030054 0.743645
1 0.019098 0.568839 0.018850 0.411397 0.029529 0.411279 0.029777 0.568722
3 0.255640 0.772094 0.255640 0.567216 0.258781 0.580989 0.258781 0.772094
3 0.255640 0.567216 0.277790 0.567216 0.277790 0.580989 0.258781 0.580989
3 0.019101 0.569116 0.201601 0.569116 0.201601 0.580830 0.019101 0.580830
2 0.131419 0.569116 0.160710 0.569116 0.160710 0.580830 0.131419 0.580830
2 0.075669 0.569116 0.103546 0.569116 0.103546 0.580830 0.075669 0.580830
3 0.107729 0.569116 0.107729 0.772094 0.110871 0.772094 0.110871 0.569116
3 0.179673 0.569116 0.179673 0.772094 0.182814 0.772094 0.182814 0.569116
3 0.018809 0.387265 0.181595 0.387265 0.178454 0.378897 0.018809 0.378897
2 0.031386 0.387265 0.059360 0.387265 0.059360 0.378897 0.031386 0.378897
3 0.181595 0.387265 0.181595 0.092904 0.178454 0.092904 0.178454 0.378897
3 0.495700 0.092009 0.527996 0.092009 0.517002 0.121295 0.495700 0.121295
3 0.527996 0.092009 0.527996 0.223655 0.517002 0.223655 0.517002 0.121295
3 0.527996 0.641595 0.527996 0.770806 0.517002 0.741520 0.517002 0.641595
3 0.527996 0.770806 0.496846 0.770806 0.496846 0.741520 0.517002 0.741520
3 0.142875 0.841068 0.142875 0.907840 0.154133 0.907840 0.154133 0.841068
0 0.872512 0.742808 0.642265 0.742808 0.642265 0.661058 0.872512 0.661058
0 0.700388 0.659468 0.729333 0.659468 0.729333 0.651100 0.703843 0.651100 0.703843 0.579449 0.770270 0.579449 0.770270 0.651100 0.754970 0.651100 0.754970 0.659468 0.773411 0.659468 0.773411 0.579449 0.872512 0.579449 0.872512 0.661058 0.642265 0.661058 0.642265 0.579449 0.700388 0.579449
0 0.872512 0.570245 0.583499 0.570245 0.582871 0.387541 0.872512 0.387541
0 0.993167 0.746406 0.883192 0.746406 0.883192 0.120450 0.993167 0.120450
0 0.872512 0.378337 0.732244 0.378337 0.732244 0.246105 0.713298 0.246105 0.713298 0.120450 0.872512 0.120450
0 0.710156 0.254472 0.729103 0.254472 0.729103 0.378337 0.582871 0.378337 0.582343 0.120450 0.710156 0.120450
0 0.637126 0.742808 0.583813 0.742808 0.583499 0.579449 0.637126 0.579449
3 0.571594 0.092001 0.883192 0.092001 0.883192 0.120450 0.582343 0.120450
1 0.629553 0.092001 0.688709 0.092001 0.688709 0.120450 0.629553 0.120450
1 0.688709 0.092001 0.706833 0.092001 0.706833 0.120450 0.688709 0.120450
3 0.883192 0.771258 0.573199 0.771258 0.583813 0.742808 0.872512 0.742808
1 0.810228 0.771258 0.760888 0.771258 0.760888 0.742808 0.810228 0.742808
1 0.751374 0.771258 0.700978 0.771258 0.700978 0.742808 0.751374 0.742808
1 0.701682 0.771258 0.645296 0.771258 0.645296 0.742808 0.701682 0.742808
1 0.633668 0.771258 0.585387 0.771258 0.585387 0.742808 0.633668 0.742808
3 0.573199 0.771258 0.571594 0.092001 0.582343 0.120450 0.583813 0.742808
1 0.572703 0.561434 0.572332 0.404661 0.583012 0.404485 0.583383 0.561250
3 0.883192 0.092001 0.999999 0.092001 0.993167 0.120450 0.883192 0.120450
1 0.883560 0.092001 0.968453 0.092001 0.968453 0.120450 0.883560 0.120450
3 0.999999 0.092001 0.999999 0.770998 0.993167 0.746406 0.993167 0.120450
1 0.999999 0.124584 0.999999 0.748055 0.993167 0.748055 0.993167 0.124584
3 0.883192 0.092001 0.883192 0.760631 0.872512 0.760631 0.872512 0.120450
1 0.883192 0.123320 0.883192 0.332826 0.872512 0.332826 0.872512 0.123320
1 0.883192 0.340114 0.883192 0.375634 0.872512 0.375634 0.872512 0.340114
2 0.883192 0.592980 0.883192 0.730692 0.872512 0.730692 0.872512 0.592980
2 0.883192 0.489030 0.883192 0.564547 0.872512 0.564547 0.872512 0.489030
1 0.883192 0.393365 0.883192 0.464689 0.872512 0.464689 0.872512 0.393365
3 0.999999 0.770998 0.872512 0.770998 0.872512 0.746406 0.993167 0.746406
1 0.967985 0.770998 0.883560 0.770998 0.883560 0.746406 0.967985 0.746406
3 0.572285 0.378337 0.883192 0.378337 0.883192 0.387541 0.572285 0.387541
2 0.839054 0.378337 0.868071 0.378337 0.868071 0.387541 0.839054 0.387541
2 0.587117 0.378337 0.615032 0.378337 0.615032 0.387541 0.587117 0.387541
3 0.572741 0.570245 0.883192 0.570245 0.883192 0.579449 0.572741 0.579449
2 0.785357 0.570245 0.812373 0.570245 0.812373 0.579449 0.785357 0.579449
3 0.642265 0.570245 0.642265 0.771258 0.637126 0.771258 0.637126 0.570245
2 0.642265 0.660581 0.642265 0.736256 0.637126 0.736256 0.637126 0.660581
3 0.703843 0.570245 0.703843 0.651100 0.700388 0.659468 0.700388 0.570245
3 0.700388 0.659468 0.729333 0.659468 0.729333 0.651100 0.703843 0.651100
3 0.754970 0.659468 0.773411 0.659468 0.770270 0.651100 0.754970 0.651100
3 0.773411 0.659468 0.773411 0.570245 0.770270 0.570245 0.770270 0.651100
3 0.710156 0.092001 0.710156 0.254472 0.713298 0.246105 0.713298 0.092001
3 0.710156 0.254472 0.729103 0.254472 0.732244 0.246105 0.713298 0.246105
3 0.732244 0.246105 0.732244 0.387541 0.729103 0.387541 0.729103 0.254472
