0 0.486352 0.703120 0.498064 0.703120 0.498064 0.786787 0.300036 0.786787 0.300036 0.556813 0.486352 0.556813
0 0.703119 0.768095 0.571268 0.768095 0.571268 0.786787 0.498064 0.786787 0.498064 0.556813 0.703119 0.556813
0 0.703119 0.984202 0.300036 0.984202 0.300036 0.802585 0.582980 0.802585 0.582980 0.783892 0.703119 0.783892
0 0.771075 0.996132 0.714827 0.996132 0.714831 0.688484 0.792667 0.688484 0.792667 0.856358 0.781276 0.856358 0.781276 0.996132 0.771075 0.996132 0.771075 0.996132
3 0.300036 0.556813 0.703119 0.556813 0.714831 0.541015 0.288324 0.541015
3 0.703119 0.556813 0.703119 0.984202 0.714831 1.000000 0.714831 0.541015
2 0.703119 0.791450 0.703119 0.842864 0.714831 0.842864 0.714831 0.791450
3 0.703119 0.984202 0.300036 0.984202 0.288324 1.000000 0.714831 1.000000
3 0.300036 0.984202 0.300036 0.556813 0.288324 0.541015 0.288324 1.000000
3 0.288324 0.802585 0.582980 0.802585 0.571268 0.786787 0.288324 0.786787
3 0.582980 0.802585 0.582980 0.783892 0.571268 0.768095 0.571268 0.786787
3 0.571268 0.768095 0.714831 0.768095 0.714831 0.783892 0.582980 0.783892
2 0.639919 0.768095 0.674239 0.768095 0.674239 0.783892 0.639919 0.783892
3 0.486352 0.541015 0.486352 0.703120 0.498064 0.703120 0.498064 0.541015
0 0.336309 0.294581 0.279196 0.294581 0.279196 0.230703 0.336309 0.230703
0 0.401254 0.125898 0.350212 0.125898 0.350212 0.025246 0.401254 0.025246
0 0.342335 0.130321 0.277568 0.130321 0.277568 0.027544 0.342335 0.027544
0 0.272758 0.422349 0.178695 0.422349 0.178695 0.366308 0.272758 0.366308
0 0.402546 0.253716 0.342339 0.253716 0.342339 0.222396 0.277568 0.222396 0.277568 0.135417 0.342335 0.135417 0.342335 0.166248 0.346113 0.166248 0.346113 0.135417 0.402546 0.135417
0 0.402546 0.422349 0.276914 0.422349 0.276914 0.300187 0.340465 0.300187 0.340465 0.262018 0.402546 0.262018
0 0.140412 0.248085 0.174294 0.248085 0.174294 0.422349 0.027191 0.422349 0.027191 0.246928 0.140412 0.246928
0 0.273790 0.294581 0.272758 0.294581 0.272758 0.361722 0.178695 0.361722 0.178695 0.248085 0.203302 0.248085 0.203302 0.240951 0.199426 0.240951 0.199426 0.022560 0.273790 0.022560
0 0.199426 0.240951 0.140412 0.240951 0.140412 0.246928 0.027191 0.246928 0.027191 0.022560 0.199426 0.022560
0 0.414610 0.299790 0.482823 0.299790 0.482706 0.146491 0.414768 0.146491 0.414610 0.299790 0.414610 0.299790
0 0.276770 0.438656 0.276770 0.515973 0.151512 0.515973 0.151512 0.438611 0.276770 0.438656 0.276770 0.438656
3 0.402546 0.422349 0.027191 0.422349 0.015101 0.438656 0.414636 0.438656
2 0.248854 0.422349 0.213265 0.422349 0.213265 0.438656 0.248854 0.438656
1 0.355203 0.422349 0.302099 0.422349 0.302099 0.438656 0.355203 0.438656
1 0.127793 0.422349 0.073291 0.422349 0.073291 0.438656 0.127793 0.438656
3 0.027191 0.422349 0.027191 0.022560 0.015101 0.006253 0.015101 0.438656
1 0.027191 0.358649 0.027191 0.287213 0.015101 0.287213 0.015101 0.358649
1 0.027191 0.159073 0.027191 0.085364 0.015101 0.085364 0.015101 0.159073
3 0.140412 0.248085 0.203302 0.248085 0.203302 0.240951 0.140412 0.240951
3 0.174294 0.240951 0.174294 0.438656 0.178695 0.438656 0.178695 0.240951
3 0.174294 0.366308 0.276914 0.366308 0.272758 0.361722 0.174294 0.361722
2 0.214202 0.366308 0.249315 0.366308 0.249315 0.361722 0.214202 0.361722
3 0.272758 0.361722 0.272758 0.438656 0.276914 0.438656 0.276914 0.361722
3 0.276914 0.366308 0.276914 0.300187 0.272758 0.294581 0.272758 0.361722
2 0.276914 0.346459 0.276914 0.305079 0.272758 0.305079 0.272758 0.346459
3 0.276914 0.300187 0.340465 0.300187 0.336309 0.294581 0.272758 0.294581
3 0.340465 0.300187 0.340465 0.253716 0.336309 0.253716 0.336309 0.294581
3 0.340465 0.262018 0.414636 0.262018 0.414636 0.253716 0.336309 0.253716
3 0.336309 0.253716 0.336309 0.230703 0.342339 0.222396 0.342339 0.253716
3 0.336309 0.230703 0.273790 0.230703 0.277568 0.222396 0.342339 0.222396
3 0.279196 0.230703 0.279196 0.300187 0.273790 0.300187 0.273790 0.230703
2 0.279196 0.250541 0.279196 0.292940 0.273790 0.292940 0.273790 0.250541
3 0.273790 0.230703 0.273790 0.027544 0.277568 0.027544 0.277568 0.222396
2 0.273790 0.218737 0.273790 0.176506 0.277568 0.176506 0.277568 0.218737
3 0.342335 0.130321 0.342335 0.166248 0.346113 0.166248 0.346113 0.130321
3 0.350212 0.130321 0.350212 0.006253 0.342335 0.006253 0.342335 0.130321
2 0.350212 0.075263 0.350212 0.032727 0.342335 0.032727 0.342335 0.075263
3 0.027191 0.022560 0.273790 0.022560 0.273790 0.006253 0.015101 0.006253
1 0.074130 0.022560 0.127514 0.022560 0.127514 0.006253 0.074130 0.006253
3 0.273790 0.027544 0.346113 0.027544 0.346113 0.006253 0.273790 0.006253
1 0.302518 0.027544 0.321854 0.027544 0.321854 0.006253 0.302518 0.006253
3 0.346113 0.025246 0.401254 0.025246 0.414636 0.006253 0.346113 0.006253
1 0.359265 0.025246 0.378321 0.025246 0.378321 0.006253 0.359265 0.006253
3 0.273790 0.135417 0.346113 0.135417 0.346113 0.130321 0.273790 0.130321
2 0.309651 0.135417 0.340835 0.135417 0.340835 0.130321 0.309651 0.130321
3 0.346113 0.135417 0.414636 0.135417 0.402546 0.125898 0.342335 0.125898
3 0.401254 0.025246 0.401254 0.135417 0.414636 0.135417 0.414636 0.006253
3 0.402546 0.135417 0.402546 0.422349 0.414636 0.438656 0.414636 0.135417
2 0.402546 0.169469 0.402546 0.216148 0.414636 0.216148 0.414636 0.169469
1 0.402546 0.225790 0.402546 0.251872 0.414636 0.251872 0.414636 0.225790
3 0.197522 0.022560 0.197522 0.160066 0.201693 0.160066 0.201693 0.022560
0 0.919493 0.417350 0.821648 0.417350 0.821648 0.325555 0.919493 0.325555
0 0.919493 0.045431 0.790740 0.045431 0.790740 0.025057 0.919493 0.025057
0 0.816737 0.417350 0.705790 0.417350 0.705790 0.325555 0.816737 0.325555
0 0.696345 0.045431 0.517124 0.045431 0.517124 0.025057 0.696345 0.025057
0 0.700878 0.417350 0.517124 0.417350 0.517124 0.240625 0.581499 0.240625 0.581499 0.264821 0.633032 0.264821 0.633032 0.232140 0.700878 0.232140
0 0.781295 0.318930 0.705790 0.318930 0.705790 0.025057 0.781295 0.025057
0 0.919493 0.318930 0.786206 0.318930 0.786206 0.058171 0.919493 0.058171
0 0.700878 0.225515 0.628120 0.225515 0.628120 0.258196 0.586410 0.258196 0.586410 0.234000 0.517124 0.234000 0.517124 0.058171 0.700878 0.058171
0 0.919493 0.451045 0.517124 0.451045 0.517124 0.430090 0.919493 0.430090
0 0.931583 0.308483 0.994692 0.308483 0.994692 0.170386 0.931583 0.170386 0.931583 0.308483 0.931583 0.308483
3 0.517124 0.025057 0.919493 0.025057 0.931583 0.008750 0.505034 0.008750
3 0.919493 0.025057 0.919493 0.451045 0.931583 0.467352 0.931583 0.008750
2 0.919493 0.183044 0.919493 0.234229 0.931583 0.234229 0.931583 0.183044
1 0.919493 0.241822 0.919493 0.301899 0.931583 0.301899 0.931583 0.241822
3 0.919493 0.451045 0.517124 0.451045 0.505034 0.467352 0.931583 0.467352
3 0.517124 0.451045 0.517124 0.025057 0.505034 0.008750 0.505034 0.467352
1 0.517124 0.215970 0.517124 0.139963 0.505034 0.139963 0.505034 0.215970
1 0.517124 0.335538 0.517124 0.258170 0.505034 0.258170 0.505034 0.335538
3 0.505034 0.430090 0.931583 0.430090 0.931583 0.417350 0.505034 0.417350
3 0.696345 0.008750 0.696345 0.058171 0.705790 0.058171 0.705790 0.008750
3 0.696345 0.045431 0.505034 0.045431 0.505034 0.058171 0.705790 0.058171
3 0.781295 0.008750 0.781295 0.058171 0.790740 0.058171 0.790740 0.008750
3 0.781295 0.058171 0.931583 0.058171 0.931583 0.045431 0.790740 0.045431
3 0.705790 0.058171 0.705790 0.430090 0.700878 0.430090 0.700878 0.058171
2 0.705790 0.177408 0.705790 0.222340 0.700878 0.222340 0.700878 0.177408
2 0.705790 0.270416 0.705790 0.315740 0.700878 0.315740 0.700878 0.270416
3 0.781295 0.058171 0.781295 0.325555 0.786206 0.325555 0.786206 0.058171
2 0.781295 0.238036 0.781295 0.282188 0.786206 0.282188 0.786206 0.238036
3 0.700878 0.325555 0.931583 0.325555 0.931583 0.318930 0.700878 0.318930
2 0.721847 0.325555 0.755158 0.325555 0.755158 0.318930 0.721847 0.318930
2 0.851061 0.325555 0.883937 0.325555 0.883937 0.318930 0.851061 0.318930
3 0.816737 0.318930 0.816737 0.430090 0.821648 0.430090 0.821648 0.318930
3 0.505034 0.240625 0.581499 0.240625 0.586410 0.234000 0.505034 0.234000
3 0.581499 0.240625 0.581499 0.264821 0.586410 0.258196 0.586410 0.234000
3 0.581499 0.264821 0.633032 0.264821 0.628120 0.258196 0.586410 0.258196
3 0.633032 0.264821 0.633032 0.232140 0.628120 0.225515 0.628120 0.258196
3 0.633032 0.232140 0.705790 0.232140 0.705790 0.225515 0.628120 0.225515
