0 0.983554 0.201771 0.983554 0.031239 0.272933 0.031239 0.272933 0.200600 0.272933 0.202602 0.983554 0.201771 0.983554 0.201771
0 0.727428 0.708676 0.478122 0.708676 0.478122 0.724842 0.477627 0.724842 0.477627 0.770724 0.278318 0.770593 0.278318 0.512964 0.727428 0.512964
0 0.478122 0.912340 0.278318 0.912340 0.278318 0.770593 0.477627 0.770724 0.477627 0.724842 0.478122 0.724842
0 0.727428 0.512964 0.278318 0.512964 0.278318 0.236975 0.727428 0.236975
0 0.978334 0.560369 0.743575 0.560369 0.743575 0.512571 0.727428 0.512571 0.727428 0.246374 0.738777 0.246374 0.738777 0.236975 0.978334 0.236597
0 0.887686 0.587768 0.978334 0.587768 0.978334 0.708676 0.743575 0.708676 0.743575 0.568268 0.887686 0.568268
3 1.000000 0.201732 1.000000 0.724842 0.978334 0.708676 0.978334 0.236597
3 1.000000 0.724842 0.499789 0.724842 0.478122 0.708676 0.978334 0.708676
3 0.499789 0.724842 0.499789 0.928507 0.478122 0.912340 0.478122 0.708676
3 0.499789 0.928507 0.256652 0.928507 0.278318 0.912340 0.478122 0.912340
2 0.442765 0.928507 0.346959 0.928507 0.346959 0.912340 0.442765 0.912340
3 0.256652 0.928507 0.256652 0.202132 0.278318 0.236975 0.278318 0.912340
3 0.256652 0.202132 1.000000 0.201732 0.978334 0.236597 0.278318 0.236975
2 0.559484 0.201971 0.654960 0.201917 0.654991 0.236774 0.559515 0.236821
1 0.381429 0.202071 0.546330 0.201978 0.546371 0.236828 0.381460 0.236921
1 0.750549 0.201871 0.916740 0.201778 0.916771 0.236628 0.750580 0.236721
3 0.738777 0.201878 0.738777 0.246374 0.727428 0.246374 0.727428 0.201878
3 0.738777 0.317290 0.738777 0.441840 0.727428 0.441840 0.727428 0.317290
3 0.743575 0.512571 0.743575 0.724842 0.727428 0.724842 0.727428 0.512571
2 0.743575 0.640962 0.743575 0.704442 0.727428 0.704442 0.727428 0.640962
3 0.887686 0.560369 1.000000 0.560369 1.000000 0.587768 0.887686 0.587768
3 0.887686 0.560369 0.727428 0.560369 0.727428 0.568268 0.887686 0.568268
