0 0.645229 0.312843 0.651870 0.312843 0.651870 0.272796 0.730089 0.272796 0.730089 0.349467 0.683689 0.349467 0.545014 0.349693 0.545014 0.071278 0.645229 0.071278
0 0.538373 0.875223 0.386107 0.875223 0.386107 0.763132 0.538373 0.763132
0 0.954312 0.550784 0.896580 0.550784 0.896580 0.519058 0.690657 0.519058 0.690657 0.410931 0.684015 0.410931 0.684015 0.525956 0.889938 0.525956 0.889938 0.557682 0.954312 0.557682 0.954312 0.916173 0.553238 0.916173 0.553238 0.875223 0.545014 0.875223 0.545014 0.349693 0.683689 0.349467 0.683689 0.356365 0.736731 0.356365 0.736731 0.272796 0.954312 0.272796
0 0.538373 0.756233 0.379466 0.756233 0.379466 0.875223 0.107484 0.875223 0.107484 0.268726 0.538373 0.268726
0 0.501778 0.194224 0.538373 0.194224 0.538373 0.261827 0.107484 0.261827 0.107484 0.071278 0.501778 0.071278
0 0.954312 0.262680 0.805537 0.262680 0.805537 0.071278 0.954312 0.071278
0 0.795864 0.172670 0.651870 0.172670 0.651870 0.071278 0.795864 0.071278
0 0.730089 0.262680 0.651870 0.262680 0.651870 0.179569 0.730089 0.179569
0 0.795864 0.262680 0.736731 0.262680 0.736731 0.179569 0.795864 0.179569
3 0.528447 0.942512 0.988727 0.942512 0.954312 0.916173 0.553238 0.916173
2 0.566786 0.942512 0.622134 0.942512 0.622134 0.916173 0.566786 0.916173
2 0.622032 0.942512 0.640314 0.942512 0.640314 0.916173 0.622032 0.916173
3 0.988727 0.942512 0.988727 0.055600 0.954312 0.055600 0.954312 0.916173
2 0.988727 0.886849 0.988727 0.837037 0.954312 0.837037 0.954312 0.886849
2 0.988727 0.837301 0.988727 0.775762 0.954312 0.775762 0.954312 0.837301
1 0.988727 0.214649 0.988727 0.166970 0.954312 0.166970 0.954312 0.214649
1 0.988727 0.167409 0.988727 0.118280 0.954312 0.118280 0.954312 0.167409
1 0.988727 0.323178 0.988727 0.274765 0.954312 0.274765 0.954312 0.323178
1 0.988727 0.370206 0.988727 0.323178 0.954312 0.323178 0.954312 0.370206
1 0.988727 0.479286 0.988727 0.431111 0.954312 0.431111 0.954312 0.479286
1 0.988727 0.526383 0.988727 0.479286 0.954312 0.479286 0.954312 0.526383
1 0.988727 0.634504 0.988727 0.586755 0.954312 0.586755 0.954312 0.634504
1 0.988727 0.680139 0.988727 0.634504 0.954312 0.634504 0.954312 0.680139
3 0.976151 0.038041 0.080767 0.038041 0.080767 0.071278 0.976151 0.071278
2 0.610723 0.038041 0.567764 0.038041 0.567764 0.071278 0.610723 0.071278
2 0.633787 0.038041 0.610747 0.038041 0.610747 0.071278 0.633787 0.071278
3 0.074276 0.055004 0.074276 0.882121 0.107484 0.875223 0.107484 0.055004
1 0.074276 0.776866 0.074276 0.826866 0.107484 0.826866 0.107484 0.776866
1 0.074276 0.730177 0.074276 0.777142 0.107484 0.777142 0.107484 0.730177
1 0.074276 0.630334 0.074276 0.677656 0.107484 0.677656 0.107484 0.630334
1 0.074276 0.582491 0.074276 0.630334 0.107484 0.630334 0.107484 0.582491
1 0.074276 0.476144 0.074276 0.523153 0.107484 0.523153 0.107484 0.476144
1 0.074276 0.429362 0.074276 0.476144 0.107484 0.476144 0.107484 0.429362
1 0.074276 0.322902 0.074276 0.370362 0.107484 0.370362 0.107484 0.322902
1 0.074276 0.274370 0.074276 0.322902 0.107484 0.322902 0.107484 0.274370
1 0.074276 0.161627 0.074276 0.209288 0.107484 0.209288 0.107484 0.161627
1 0.074276 0.113960 0.074276 0.161627 0.107484 0.161627 0.107484 0.113960
3 0.107484 0.875223 0.553238 0.875223 0.528447 0.882121 0.074276 0.882121
2 0.423608 0.875223 0.467013 0.875223 0.467013 0.882121 0.423608 0.882121
2 0.466886 0.875223 0.488966 0.875223 0.488966 0.882121 0.466886 0.882121
3 0.528447 0.882121 0.528447 0.942512 0.553238 0.916173 0.553238 0.875223
3 0.545014 0.875223 0.545014 0.194224 0.538373 0.194224 0.538373 0.875223
2 0.545014 0.817302 0.545014 0.765182 0.538373 0.765182 0.538373 0.817302
2 0.545014 0.644525 0.545014 0.592569 0.538373 0.592569 0.538373 0.644525
2 0.545014 0.389226 0.545014 0.337144 0.538373 0.337144 0.538373 0.389226
2 0.545014 0.260341 0.545014 0.207532 0.538373 0.207532 0.538373 0.260341
1 0.545014 0.321730 0.545014 0.283218 0.538373 0.283218 0.538373 0.321730
1 0.545014 0.445177 0.545014 0.406259 0.538373 0.406259 0.538373 0.445177
1 0.545014 0.746413 0.545014 0.654823 0.538373 0.654823 0.538373 0.746413
1 0.545014 0.587144 0.545014 0.510209 0.538373 0.510209 0.538373 0.587144
3 0.545014 0.194224 0.545014 0.038041 0.501778 0.038041 0.501778 0.194224
3 0.074276 0.268726 0.545014 0.268726 0.545014 0.261827 0.074276 0.261827
3 0.545014 0.763132 0.386107 0.763132 0.379466 0.756233 0.545014 0.756233
1 0.537998 0.763132 0.444571 0.763132 0.444571 0.756233 0.537998 0.756233
3 0.386107 0.763132 0.386107 0.882121 0.379466 0.882121 0.379466 0.756233
1 0.386107 0.827185 0.386107 0.875041 0.379466 0.875041 0.379466 0.827185
3 0.988727 0.557682 0.889938 0.557682 0.896580 0.550784 0.988727 0.550784
3 0.889938 0.557682 0.889938 0.525956 0.896580 0.519058 0.896580 0.550784
3 0.896580 0.519058 0.690657 0.519058 0.684015 0.525956 0.889938 0.525956
3 0.684015 0.525956 0.684015 0.410931 0.690657 0.410931 0.690657 0.519058
3 0.683689 0.356365 0.736731 0.356365 0.730089 0.349467 0.683689 0.349467
3 0.736731 0.356365 0.736731 0.179569 0.730089 0.172670 0.730089 0.349467
3 0.730089 0.172670 0.645229 0.172670 0.651870 0.179569 0.730089 0.179569
2 0.727577 0.172670 0.683804 0.172670 0.683804 0.179569 0.727577 0.179569
3 0.645229 0.179569 0.645229 0.038041 0.651870 0.038041 0.651870 0.179569
2 0.645229 0.167503 0.645229 0.122419 0.651870 0.122419 0.651870 0.167503
3 0.645229 0.172670 0.645229 0.312843 0.651870 0.312843 0.651870 0.179569
3 0.645229 0.272796 0.988727 0.272796 0.988727 0.262680 0.645229 0.262680
2 0.833908 0.272796 0.887082 0.272796 0.887082 0.262680 0.833908 0.262680
2 0.887450 0.272796 0.930463 0.272796 0.930463 0.262680 0.887450 0.262680
3 0.795864 0.272796 0.795864 0.038041 0.805537 0.038041 0.805537 0.272796
3 0.730089 0.172670 0.805537 0.172670 0.805537 0.179569 0.736731 0.179569
2 0.738059 0.172670 0.781464 0.172670 0.781464 0.179569 0.738059 0.179569
