0 0.197439 0.128075 0.197439 0.043147 0.282040 0.043147 0.282040 0.128859 0.197460 0.128859 0.197439 0.128075
0 0.356062 0.784594 0.352091 0.784765 0.275931 0.784765 0.275931 0.705957 0.356062 0.705957
0 0.443286 0.784594 0.359880 0.784594 0.359880 0.705957 0.443286 0.705957
0 0.271381 0.534019 0.181484 0.534019 0.181484 0.518331 0.168651 0.518331 0.168651 0.404466 0.271381 0.404466
0 0.481529 0.797282 0.481529 0.992865 0.358062 0.992865 0.358062 0.797401 0.359880 0.797282
0 0.443286 0.143443 0.443286 0.397339 0.046278 0.397339 0.046278 0.143443 0.046373 0.143301
0 0.443286 0.397749 0.360489 0.397749 0.360489 0.404466 0.443286 0.404466 0.443286 0.568605 0.358380 0.568605 0.358380 0.573830 0.443286 0.573830 0.443286 0.700733 0.359880 0.700733 0.275931 0.700711 0.275931 0.573830 0.284387 0.573830 0.284387 0.568605 0.275931 0.568605 0.275931 0.404466 0.279837 0.404466 0.279837 0.397749 0.163949 0.397749 0.163949 0.397339 0.443286 0.397339
0 0.163949 0.397749 0.160398 0.397749 0.160398 0.404466 0.163847 0.404466 0.163847 0.540736 0.163949 0.540788 0.271381 0.540796 0.271381 0.784765 0.046278 0.784765 0.046278 0.544386 0.068371 0.544386 0.068371 0.505605 0.046278 0.505605 0.046278 0.404466 0.102860 0.404466 0.102860 0.397749 0.046278 0.397749 0.046278 0.397339 0.163949 0.397339
0 0.351272 1.000000 0.266758 1.000000 0.266758 0.797185 0.352113 0.797453 0.352091 0.999851 0.351272 1.000000
3 0.046278 0.129015 0.046278 0.797453 0.033236 0.797453 0.033236 0.129015
3 0.046278 0.784765 0.358062 0.784765 0.352091 0.797453 0.033236 0.797453
2 0.279359 0.784765 0.337564 0.784765 0.337564 0.797453 0.279359 0.797453
1 0.144429 0.784765 0.269744 0.784765 0.269744 0.797453 0.144429 0.797453
3 0.358062 0.784765 0.358062 0.992865 0.352091 0.999851 0.352091 0.797453
2 0.358062 0.933574 0.358062 0.984797 0.352091 0.984797 0.352091 0.933574
3 0.352091 0.999851 0.488470 0.999851 0.481529 0.992865 0.358062 0.992865
3 0.488470 0.999851 0.488470 0.784594 0.481529 0.797282 0.481529 0.992865
3 0.481529 0.797282 0.443286 0.797282 0.455604 0.784594 0.488470 0.784594
3 0.455604 0.784594 0.455604 0.700733 0.443286 0.700733 0.443286 0.797282
3 0.455604 0.700733 0.455604 0.129269 0.443286 0.143443 0.443286 0.700733
3 0.443286 0.143443 0.046278 0.143204 0.033236 0.129015 0.455604 0.129269
2 0.266541 0.143338 0.211176 0.143301 0.211184 0.129120 0.266548 0.129157
1 0.202250 0.143301 0.098245 0.143234 0.098252 0.129053 0.202257 0.129120
1 0.403934 0.143420 0.279185 0.143345 0.279192 0.129165 0.403942 0.129239
3 0.352091 0.784765 0.455604 0.784594 0.455618 0.797282 0.352113 0.797453
3 0.033236 0.397749 0.102860 0.397749 0.102860 0.404466 0.033236 0.404466
3 0.160398 0.397749 0.279837 0.397749 0.279837 0.404466 0.160398 0.404466
3 0.360489 0.397749 0.455604 0.397749 0.455604 0.404466 0.360489 0.404466
3 0.275931 0.397749 0.275931 0.797453 0.271381 0.797453 0.271381 0.397749
2 0.275931 0.593063 0.275931 0.641875 0.271381 0.641875 0.271381 0.593063
2 0.275931 0.449830 0.275931 0.498142 0.271381 0.498142 0.271381 0.449830
3 0.168651 0.397749 0.168651 0.518331 0.163847 0.540736 0.163847 0.397749
3 0.163847 0.540736 0.181484 0.540736 0.181484 0.518331 0.168651 0.518331
3 0.181484 0.540736 0.275931 0.540736 0.275931 0.534019 0.181484 0.534019
3 0.046278 0.505605 0.068371 0.505605 0.068371 0.544386 0.046278 0.544386
3 0.271381 0.700681 0.455604 0.700733 0.455604 0.705957 0.271381 0.705905
2 0.362366 0.700711 0.404137 0.700718 0.404130 0.705943 0.362366 0.705935
2 0.281409 0.700681 0.337578 0.700703 0.337578 0.705928 0.281409 0.705905
3 0.359880 0.700711 0.359880 0.797401 0.356062 0.797401 0.356062 0.700711
3 0.271381 0.568605 0.284387 0.568605 0.284387 0.573830 0.271381 0.573830
3 0.358380 0.568605 0.455604 0.568605 0.455604 0.573830 0.358380 0.573830
3 0.033236 0.797453 0.033236 0.820083 0.046278 0.820083 0.046278 0.797453
3 0.033236 0.129015 0.033236 0.109185 0.046278 0.109185 0.046278 0.129015
0 0.925090 0.397913 0.654998 0.397913 0.654998 0.138031 0.925090 0.138031
0 0.649629 0.543304 0.754721 0.543304 0.754721 0.784019 0.530698 0.784019 0.530698 0.544087 0.562905 0.544087 0.562905 0.498604 0.649629 0.498604
0 0.925090 0.569292 0.829193 0.569292 0.829193 0.538826 0.670012 0.538826 0.670012 0.403138 0.925090 0.403138
0 0.824845 0.573770 0.911511 0.573770 0.911511 0.617977 0.925090 0.617977 0.925090 0.784019 0.759069 0.784019 0.759069 0.543304 0.824845 0.543304
0 0.649926 0.274660 0.649926 0.403138 0.665664 0.403138 0.665664 0.494126 0.530698 0.494126 0.530698 0.274518
0 0.644854 0.264226 0.536930 0.264211 0.536930 0.144472 0.644854 0.144047
3 0.517656 0.127090 0.517656 0.274518 0.536930 0.274518 0.536930 0.144472
3 0.517656 0.264054 0.517656 0.795961 0.530698 0.784019 0.530698 0.274518
3 0.517656 0.795961 0.940306 0.795961 0.925090 0.784019 0.530698 0.784019
1 0.762221 0.795961 0.865805 0.795961 0.865805 0.784019 0.762221 0.784019
1 0.628218 0.795961 0.753287 0.795961 0.753287 0.784019 0.628218 0.784019
3 0.925090 0.784019 0.925090 0.138031 0.940306 0.126090 0.940306 0.795961
3 0.940306 0.126090 0.654875 0.126090 0.654919 0.138031 0.925090 0.138031
1 0.889311 0.126090 0.763844 0.126090 0.763844 0.138031 0.889311 0.138031
3 0.654875 0.126090 0.517656 0.127090 0.536930 0.144472 0.654998 0.143607
1 0.629110 0.126276 0.567246 0.126732 0.567369 0.144249 0.629225 0.143793
3 0.654998 0.126090 0.654998 0.274690 0.644854 0.264226 0.644854 0.126090
3 0.654998 0.274690 0.530698 0.274518 0.517656 0.264054 0.644854 0.264226
2 0.642036 0.274667 0.597736 0.274607 0.597750 0.264158 0.642043 0.264218
3 0.654998 0.264226 0.654998 0.397913 0.649926 0.403138 0.649926 0.264226
3 0.649926 0.403138 0.940306 0.403138 0.940306 0.397913 0.654998 0.397913
2 0.698212 0.403138 0.753272 0.403138 0.753272 0.397913 0.698212 0.397913
3 0.670012 0.397913 0.670012 0.494126 0.665664 0.494126 0.665664 0.397913
2 0.670012 0.422416 0.670012 0.474139 0.665664 0.474139 0.665664 0.422416
3 0.670012 0.494126 0.670012 0.538826 0.649629 0.543304 0.649629 0.494126
3 0.649629 0.543304 0.824845 0.543304 0.829193 0.538826 0.670012 0.538826
2 0.687575 0.543304 0.743403 0.543304 0.743403 0.538826 0.687575 0.538826
2 0.764300 0.543304 0.821592 0.543304 0.821592 0.538826 0.764300 0.538826
3 0.829193 0.538826 0.829193 0.569292 0.824845 0.573770 0.824845 0.543304
3 0.824845 0.573770 0.911511 0.573770 0.911511 0.569292 0.829193 0.569292
3 0.911511 0.617977 0.940306 0.617977 0.940306 0.569292 0.911511 0.569292
3 0.754721 0.538826 0.754721 0.795961 0.759069 0.795961 0.759069 0.538826
3 0.670012 0.494126 0.562905 0.494126 0.562905 0.498604 0.670012 0.498604
3 0.562905 0.494126 0.517656 0.494126 0.517656 0.544087 0.562905 0.544087
