0 0.504363 0.213860 0.504363 0.612185 0.495206 0.612185 0.495206 0.886344 0.363567 0.886344 0.363567 0.447923 0.495280 0.447923 0.495280 0.483013 0.504001 0.483013 0.504001 0.213860
0 0.837226 0.612185 0.504363 0.612185 0.504363 0.200171 0.837226 0.200171
0 0.392071 0.200171 0.392071 0.432501 0.354846 0.432501 0.354719 0.432857 0.354846 0.506785 0.363567 0.506785 0.363567 0.611497 0.170842 0.611497 0.170842 0.611308 0.088832 0.611308 0.088832 0.199578
0 0.363567 0.790529 0.354846 0.790529 0.354846 0.814159 0.337868 0.814159 0.337868 0.886344 0.088832 0.886344 0.088832 0.626729 0.170842 0.626729 0.170842 0.611497 0.363567 0.611497
0 0.856680 0.199317 0.856680 0.617085 0.920182 0.617085 0.920182 0.199317 0.856680 0.199317 0.856680 0.199317
0 0.363567 0.606610 0.363567 0.707953 0.354846 0.707953 0.354846 0.626729 0.227803 0.626729 0.227803 0.611308 0.354846 0.611308 0.354846 0.606610
0 0.495280 0.432501 0.400806 0.432501 0.400806 0.213860 0.495280 0.213860
3 0.088832 0.199578 0.088832 0.886344 0.070049 0.904138 0.070049 0.184121
1 0.088832 0.626361 0.088832 0.886284 0.070049 0.886284 0.070049 0.626361
1 0.088832 0.200266 0.088832 0.610714 0.070049 0.610714 0.070049 0.200266
3 0.088832 0.886344 0.337868 0.886344 0.337868 0.904138 0.070049 0.904138
3 0.337868 0.814159 0.363567 0.814159 0.363567 0.904138 0.337868 0.904138
3 0.363567 0.886344 0.495206 0.886344 0.505268 0.904138 0.363567 0.904138
2 0.399290 0.886344 0.453500 0.886344 0.453500 0.904138 0.399290 0.904138
3 0.495206 0.886344 0.495206 0.612185 0.505268 0.629979 0.505268 0.904138
3 0.495206 0.612185 0.837226 0.612185 0.856680 0.629979 0.505268 0.629979
3 0.837226 0.612185 0.837226 0.200171 0.856680 0.184749 0.856680 0.629979
1 0.837226 0.504354 0.837226 0.204714 0.856680 0.204714 0.856680 0.504354
2 0.837226 0.605400 0.837226 0.511910 0.856680 0.511910 0.856680 0.605400
3 0.837226 0.200171 0.504363 0.200171 0.504363 0.184749 0.856680 0.184749
3 0.504363 0.213860 0.392078 0.213860 0.392078 0.184749 0.504363 0.184749
3 0.392078 0.200171 0.088832 0.199578 0.070049 0.184121 0.392085 0.184749
3 0.363567 0.904138 0.363567 0.790529 0.354846 0.790529 0.354846 0.904138
3 0.363567 0.707953 0.363567 0.606610 0.354846 0.606610 0.354846 0.707953
3 0.363567 0.506785 0.363567 0.447923 0.354846 0.432501 0.354846 0.506785
3 0.504450 0.432525 0.504812 0.184749 0.495642 0.184702 0.495280 0.432478
3 0.392085 0.184749 0.392085 0.447923 0.400806 0.447923 0.400806 0.184749
3 0.495280 0.432501 0.495280 0.483013 0.504001 0.483013 0.504001 0.432525
3 0.363567 0.626729 0.227803 0.626729 0.227803 0.611308 0.363567 0.611308
3 0.170842 0.626729 0.070049 0.626729 0.070049 0.611308 0.170842 0.611308
3 0.354846 0.432501 0.504001 0.432501 0.504001 0.447923 0.363567 0.447923
2 0.403274 0.432501 0.444839 0.432501 0.444839 0.447923 0.403274 0.447923
