0 0.827819 0.098813 0.827819 0.328848 0.675190 0.328848 0.675190 0.193358 0.633061 0.193358 0.633061 0.098813
0 0.954541 0.236926 0.835411 0.236926 0.835411 0.098813 0.954541 0.098813
0 0.626637 0.193358 0.584455 0.193358 0.584455 0.328848 0.406878 0.328848 0.406878 0.098813 0.626637 0.098813
0 0.667599 0.328848 0.592047 0.328848 0.592047 0.204216 0.667599 0.204216
0 0.400454 0.328848 0.161435 0.328848 0.161435 0.098813 0.400454 0.098813
0 0.482027 0.682436 0.310787 0.682436 0.310787 0.339706 0.482027 0.339706
0 0.682076 0.682436 0.482027 0.682436 0.482027 0.339706 0.682076 0.339706
0 0.310787 0.682436 0.161435 0.682436 0.161435 0.339706 0.310787 0.339706
0 0.827819 0.682436 0.688500 0.682436 0.688500 0.467528 0.682076 0.467528 0.682076 0.339706 0.827819 0.339706
0 0.954541 0.682436 0.835411 0.682436 0.835411 0.439497 0.954541 0.439497
0 0.954541 0.428638 0.835411 0.428638 0.835411 0.247784 0.954541 0.247784
3 0.161435 0.682436 0.161435 0.098813 0.142747 0.072084 0.142747 0.709165
3 0.161435 0.098813 0.954541 0.098813 0.973229 0.072084 0.142747 0.072084
1 0.679816 0.098813 0.771363 0.098813 0.771363 0.072084 0.679816 0.072084
1 0.473139 0.098813 0.562858 0.098813 0.562858 0.072084 0.473139 0.072084
1 0.301005 0.098813 0.356088 0.098813 0.356088 0.072084 0.301005 0.072084
3 0.954541 0.098813 0.954541 0.682436 0.973229 0.709165 0.973229 0.072084
1 0.954541 0.105512 0.954541 0.191387 0.973229 0.191387 0.973229 0.105512
3 0.954541 0.682436 0.161435 0.682436 0.142747 0.709165 0.973229 0.709165
2 0.819567 0.682436 0.763474 0.682436 0.763474 0.709165 0.819567 0.709165
2 0.481192 0.682436 0.431283 0.682436 0.431283 0.709165 0.481192 0.709165
1 0.263559 0.682436 0.209083 0.682436 0.209083 0.709165 0.263559 0.709165
1 0.422593 0.682436 0.320236 0.682436 0.320236 0.709165 0.422593 0.709165
1 0.591153 0.682436 0.490991 0.682436 0.490991 0.709165 0.591153 0.709165
1 0.762154 0.682436 0.735769 0.682436 0.735769 0.709165 0.762154 0.709165
1 0.906775 0.682436 0.847167 0.682436 0.847167 0.709165 0.906775 0.709165
3 0.142747 0.709165 0.142747 0.881491 0.161435 0.881491 0.161435 0.709165
3 0.973229 0.709165 0.973229 0.881491 0.954541 0.881491 0.954541 0.709165
3 0.827819 0.098813 0.827819 0.682436 0.835411 0.682436 0.835411 0.098813
2 0.827819 0.480767 0.827819 0.550588 0.835411 0.550588 0.835411 0.480767
3 0.835411 0.439497 0.954541 0.439497 0.954541 0.428638 0.835411 0.428638
2 0.841537 0.439497 0.890353 0.439497 0.890353 0.428638 0.841537 0.428638
3 0.835411 0.247784 0.954541 0.247784 0.954541 0.236926 0.835411 0.236926
2 0.840941 0.247784 0.890791 0.247784 0.890791 0.236926 0.840941 0.236926
3 0.827819 0.339706 0.161435 0.339706 0.161435 0.328848 0.827819 0.328848
2 0.728953 0.339706 0.678648 0.339706 0.678648 0.328848 0.728953 0.328848
2 0.662261 0.339706 0.612866 0.339706 0.612866 0.328848 0.662261 0.328848
2 0.463929 0.339706 0.412677 0.339706 0.412677 0.328848 0.463929 0.328848
2 0.356391 0.339706 0.306740 0.339706 0.306740 0.328848 0.356391 0.328848
3 0.584455 0.328848 0.584455 0.193358 0.592047 0.204216 0.592047 0.328848
3 0.592047 0.204216 0.667599 0.204216 0.675190 0.193358 0.584455 0.193358
3 0.667599 0.204216 0.667599 0.328848 0.675190 0.328848 0.675190 0.193358
3 0.626637 0.193358 0.626637 0.098813 0.633061 0.098813 0.633061 0.193358
3 0.400454 0.328848 0.400454 0.098813 0.406878 0.098813 0.406878 0.328848
3 0.682076 0.682436 0.682076 0.467528 0.688500 0.467528 0.688500 0.682436
3 0.645015 0.881491 0.682076 0.881491 0.682076 0.853091 0.645015 0.853091
