0 0.016672 0.126098 0.019523 0.126098 0.019523 0.223269 0.016672 0.223269 0.016672 0.126098 0.016672 0.126098
0 0.473769 0.302343 0.475380 0.302343 0.475380 0.558344 0.052155 0.558344 0.052155 0.047965 0.473769 0.047965
0 0.631295 0.476965 0.646153 0.476965 0.646153 0.855818 0.541438 0.855818 0.541438 0.558344 0.475380 0.558344 0.475380 0.302343 0.631295 0.302343
0 0.965991 0.443797 0.638582 0.443797 0.638582 0.047965 0.965991 0.047965
0 0.965991 0.817072 0.653441 0.817072 0.653441 0.477674 0.965991 0.477674
0 0.631295 0.290069 0.481056 0.290069 0.481056 0.047965 0.631295 0.047965
0 0.530709 0.847376 0.399394 0.847376 0.399394 0.584938 0.530709 0.584938
3 0.052155 0.047965 0.965991 0.047965 1.000000 0.013870 0.019523 0.013870
3 0.965991 0.047965 0.965991 0.817072 1.000000 0.872988 1.000000 0.013870
1 0.965991 0.542196 0.965991 0.733471 1.000000 0.733471 1.000000 0.542196
1 0.965991 0.128103 0.965991 0.320727 1.000000 0.320727 1.000000 0.128103
3 0.965991 0.817072 0.653441 0.817072 0.646153 0.872988 1.000000 0.872988
3 0.646153 0.855818 0.530709 0.855818 0.530709 0.872988 0.646153 0.872988
2 0.632639 0.855818 0.557228 0.855818 0.557228 0.872988 0.632639 0.872988
3 0.530709 0.847376 0.399394 0.847376 0.389677 0.865310 0.541438 0.865310
3 0.399394 0.847376 0.399394 0.558344 0.389677 0.593803 0.389677 0.865310
3 0.399394 0.558344 0.052155 0.558344 0.019523 0.593803 0.389677 0.593803
3 0.052155 0.558344 0.052155 0.047965 0.019523 0.013870 0.019523 0.593803
1 0.052155 0.484139 0.052155 0.224879 0.019523 0.224879 0.019523 0.484139
2 0.052155 0.218537 0.052155 0.125975 0.019523 0.125975 0.019523 0.218537
3 0.646153 0.872988 0.646153 0.476965 0.653441 0.443797 0.653441 0.817072
2 0.646153 0.708554 0.646153 0.595808 0.653441 0.595808 0.653441 0.708554
3 0.646153 0.443797 1.000000 0.443797 1.000000 0.477674 0.653441 0.477674
3 0.653441 0.443797 0.638582 0.443797 0.631295 0.476965 0.646153 0.476965
3 0.638582 0.443797 0.638582 0.013870 0.631295 0.013870 0.631295 0.476965
2 0.638582 0.418881 0.638582 0.309162 0.631295 0.309162 0.631295 0.418881
3 0.473769 0.013870 0.473769 0.302343 0.481056 0.290069 0.481056 0.013870
3 0.473769 0.302343 0.638582 0.302343 0.638582 0.290069 0.481056 0.290069
2 0.483032 0.302343 0.531438 0.302343 0.531438 0.290069 0.483032 0.290069
3 0.399394 0.558344 0.541438 0.558344 0.530709 0.584938 0.399394 0.584938
3 0.530709 0.584938 0.530709 0.847376 0.541438 0.865310 0.541438 0.558344
2 0.530709 0.598849 0.530709 0.684278 0.541438 0.684278 0.541438 0.598849
