0 0.529315 0.100575 0.529315 0.015613 0.587541 0.015613 0.587541 0.099750 0.529289 0.099750 0.529315 0.100575
0 0.695369 0.798927 0.695369 0.999033 0.274528 0.999033 0.274528 0.793532 0.387249 0.793532 0.387249 0.873221 0.584874 0.873221 0.584874 0.796761 0.695386 0.796761 0.695369 0.798927
0 0.790987 0.801983 0.790987 0.887048 0.836349 0.887048 0.836349 0.801983 0.789658 0.801983 0.790987 0.801983
0 0.391117 0.522117 0.355273 0.522117 0.355273 0.529853 0.385988 0.529853 0.385988 0.670176 0.274711 0.670176 0.274711 0.473854 0.391117 0.473854
0 0.575848 0.807849 0.576044 0.807849 0.576044 0.863371 0.391117 0.863371 0.391117 0.473854 0.575848 0.473854
0 0.582220 0.191745 0.708460 0.191745 0.708460 0.460903 0.575848 0.460903 0.575848 0.473854 0.274711 0.473854 0.274711 0.473035 0.209797 0.473035 0.209797 0.388524 0.282729 0.388524 0.282729 0.191152 0.397254 0.191152 0.397254 0.112971 0.582220 0.112971
0 0.646622 0.594470 0.714802 0.594470 0.714802 0.587379 0.746821 0.587379 0.746821 0.594470 0.751522 0.594470 0.751522 0.785932 0.580549 0.785932 0.580549 0.594470 0.608807 0.594470 0.608807 0.587379 0.646622 0.587379
0 0.673120 0.587379 0.580549 0.587379 0.580549 0.467994 0.673120 0.467994
0 0.750112 0.467994 0.751522 0.467994 0.751522 0.587379 0.677821 0.587379 0.677821 0.467994 0.715939 0.467994 0.715939 0.461380 0.750112 0.461380
0 0.838323 0.595470 0.832007 0.596527 0.824728 0.599859 0.816959 0.605616 0.812394 0.612507 0.813907 0.614783 0.806847 0.627856 0.804855 0.626695 0.801770 0.638705 0.801124 0.652171 0.801124 0.696045 0.756224 0.696045 0.756224 0.467994 0.838323 0.467994
0 0.864013 0.696045 0.803261 0.696045 0.803261 0.652287 0.803881 0.639420 0.806847 0.627856 0.813907 0.614783 0.818181 0.608278 0.821638 0.605616 0.825515 0.602870 0.826126 0.602728 0.832438 0.599698 0.832537 0.599505 0.835956 0.599015 0.864013 0.599015
0 0.869706 0.460903 0.750112 0.460903 0.750112 0.461380 0.715939 0.461380 0.715939 0.460903 0.713161 0.460903 0.713161 0.191745 0.869706 0.191745
0 0.205095 0.582538 0.024681 0.582538 0.024681 0.388524 0.205095 0.388524
0 0.277601 0.380789 0.108978 0.380789 0.109170 0.191152 0.277601 0.191152
0 0.270010 0.782038 0.104016 0.782038 0.104016 0.589629 0.270010 0.589629
0 0.960191 0.585420 0.884100 0.585420 0.884100 0.585175 0.847298 0.585175 0.847298 0.474440 0.879108 0.474440 0.879108 0.395854 0.960191 0.395854
0 0.385988 0.782038 0.274711 0.782038 0.274711 0.677266 0.385988 0.677266
0 0.867432 0.785932 0.756224 0.785932 0.756224 0.703135 0.867432 0.703135
0 0.270010 0.582538 0.209797 0.582538 0.209797 0.480126 0.270010 0.480126
3 0.093806 0.169234 0.382723 0.169234 0.397254 0.191152 0.109170 0.191152
1 0.149686 0.169234 0.178034 0.169234 0.178034 0.191152 0.149686 0.191152
1 0.178034 0.169234 0.209596 0.169234 0.209596 0.191152 0.178034 0.191152
1 0.305744 0.169234 0.336139 0.169234 0.336139 0.191152 0.305744 0.191152
1 0.336139 0.169234 0.367410 0.169234 0.367410 0.191152 0.336139 0.191152
3 0.397254 0.191152 0.397254 0.112971 0.382723 0.091054 0.382723 0.169234
1 0.397254 0.148929 0.397254 0.115208 0.382723 0.115208 0.382723 0.148929
3 0.397254 0.112971 0.582220 0.112971 0.596751 0.091054 0.382723 0.091054
1 0.399844 0.112971 0.463122 0.112971 0.463122 0.091054 0.399844 0.091054
1 0.463122 0.112971 0.528798 0.112971 0.528798 0.091054 0.463122 0.091054
2 0.536384 0.112971 0.577703 0.112971 0.577703 0.091054 0.536384 0.091054
3 0.582220 0.112971 0.582220 0.191745 0.596751 0.169827 0.596751 0.091054
1 0.582220 0.116233 0.582220 0.149631 0.596751 0.149631 0.596751 0.116233
3 0.582220 0.191745 0.869706 0.191745 0.884237 0.169827 0.596751 0.169827
1 0.609551 0.191745 0.641408 0.191745 0.641408 0.169827 0.609551 0.169827
1 0.641408 0.191745 0.673902 0.191745 0.673902 0.169827 0.641408 0.169827
1 0.768840 0.191745 0.798470 0.191745 0.798470 0.169827 0.768840 0.169827
1 0.798470 0.191745 0.830011 0.191745 0.830011 0.169827 0.798470 0.169827
3 0.884237 0.169827 0.884237 0.373936 0.869706 0.395854 0.869706 0.191745
3 0.869706 0.395854 0.960191 0.395854 0.974722 0.373936 0.884237 0.373936
1 0.899759 0.395854 0.928949 0.395854 0.928949 0.373936 0.899759 0.373936
3 0.960191 0.395854 0.960191 0.585420 0.974722 0.607337 0.974722 0.373936
1 0.960191 0.435743 0.960191 0.482924 0.974722 0.482924 0.974722 0.435743
1 0.960191 0.509540 0.960191 0.563979 0.974722 0.563979 0.974722 0.509540
3 0.960191 0.585420 0.864013 0.585420 0.884100 0.607337 0.974722 0.607337
1 0.928402 0.585420 0.895515 0.585420 0.895515 0.607337 0.928402 0.607337
3 0.884100 0.607337 0.884100 0.701318 0.864013 0.701318 0.864013 0.585420
3 0.884100 0.701318 0.884100 0.807849 0.867432 0.785932 0.867432 0.701318
3 0.884100 0.807849 0.590575 0.807849 0.576044 0.785932 0.867432 0.785932
2 0.835349 0.807849 0.794158 0.807849 0.794158 0.785932 0.835349 0.785932
2 0.653101 0.807849 0.607495 0.807849 0.607495 0.785932 0.653101 0.785932
3 0.590575 0.807849 0.590575 0.885288 0.576044 0.863371 0.576044 0.785932
3 0.590575 0.885288 0.375731 0.885288 0.391117 0.863371 0.576044 0.863371
1 0.452420 0.885288 0.418546 0.885288 0.418546 0.863371 0.452420 0.863371
1 0.483688 0.885288 0.452420 0.885288 0.452420 0.863371 0.483688 0.863371
1 0.515476 0.885288 0.483688 0.885288 0.483688 0.863371 0.515476 0.863371
1 0.547530 0.885288 0.515476 0.885288 0.515476 0.863371 0.547530 0.863371
3 0.375731 0.885288 0.375731 0.805245 0.391117 0.782038 0.391117 0.863371
3 0.375731 0.805245 0.088630 0.805245 0.104016 0.782038 0.391117 0.782038
1 0.319595 0.805245 0.302859 0.805245 0.302859 0.782038 0.319595 0.782038
2 0.359640 0.805245 0.320582 0.805245 0.320582 0.782038 0.359640 0.782038
1 0.176598 0.805245 0.143523 0.805245 0.143523 0.782038 0.176598 0.782038
1 0.205540 0.805245 0.176598 0.805245 0.176598 0.782038 0.205540 0.782038
3 0.088630 0.805245 0.088630 0.605745 0.104016 0.582538 0.104016 0.782038
1 0.088630 0.759109 0.088630 0.727354 0.104016 0.727354 0.104016 0.759109
3 0.088630 0.605745 0.009296 0.605745 0.024681 0.582538 0.104016 0.582538
1 0.064017 0.605745 0.039964 0.605745 0.039964 0.582538 0.064017 0.582538
3 0.009296 0.605745 0.009296 0.365318 0.024681 0.388524 0.024681 0.582538
1 0.009296 0.533024 0.009296 0.486256 0.024681 0.486256 0.024681 0.533024
1 0.009296 0.485953 0.009296 0.438283 0.024681 0.438283 0.024681 0.485953
3 0.009296 0.365318 0.093613 0.365318 0.108978 0.388524 0.024681 0.388524
3 0.093613 0.365318 0.093806 0.169234 0.109170 0.191152 0.108978 0.388524
1 0.093729 0.247222 0.093763 0.211516 0.109149 0.211554 0.109114 0.247254
3 0.108978 0.388524 0.282729 0.388524 0.277601 0.380789 0.108978 0.380789
2 0.235602 0.388524 0.272019 0.388524 0.272019 0.380789 0.235602 0.380789
3 0.282729 0.388524 0.282729 0.169234 0.277601 0.169234 0.277601 0.380789
3 0.391117 0.782038 0.391117 0.522117 0.385988 0.529853 0.385988 0.782038
3 0.391117 0.522117 0.355273 0.522117 0.355273 0.529853 0.385988 0.529853
3 0.869706 0.395854 0.869706 0.460903 0.879108 0.474440 0.879108 0.395854
3 0.879108 0.474440 0.838323 0.474440 0.838323 0.460903 0.869706 0.460903
3 0.838323 0.460903 0.838323 0.595470 0.847298 0.597204 0.847298 0.474440
2 0.838323 0.526114 0.838323 0.579012 0.847298 0.579012 0.847298 0.526114
3 0.838323 0.598712 0.884100 0.598712 0.884100 0.585175 0.847298 0.585175
3 0.838323 0.460903 0.750112 0.460903 0.750112 0.467994 0.838323 0.467994
3 0.715939 0.460903 0.575848 0.460903 0.580549 0.467994 0.715939 0.467994
3 0.575848 0.460903 0.575848 0.807849 0.580549 0.807849 0.580549 0.467994
2 0.575848 0.601974 0.575848 0.657528 0.580549 0.657528 0.580549 0.601974
3 0.751522 0.460903 0.751522 0.807849 0.756224 0.807849 0.756224 0.460903
2 0.751522 0.603482 0.751522 0.655639 0.756224 0.655639 0.756224 0.603482
3 0.884100 0.696045 0.751522 0.696045 0.751522 0.703135 0.884100 0.703135
3 0.575848 0.594470 0.608807 0.594470 0.608807 0.587379 0.575848 0.587379
3 0.646622 0.594470 0.714802 0.594470 0.714802 0.587379 0.646622 0.587379
3 0.746821 0.594470 0.756224 0.594470 0.756224 0.587379 0.746821 0.587379
3 0.673120 0.460903 0.673120 0.594470 0.677821 0.594470 0.677821 0.460903
3 0.713161 0.467994 0.713161 0.169827 0.708460 0.169827 0.708460 0.467994
2 0.713161 0.424669 0.713161 0.369798 0.708460 0.369798 0.708460 0.424669
3 0.274711 0.473035 0.274711 0.805245 0.270010 0.805245 0.270010 0.480126
2 0.274711 0.599254 0.274711 0.651352 0.270010 0.651352 0.270010 0.599254
2 0.274711 0.526127 0.274711 0.580108 0.270010 0.580108 0.270010 0.526127
3 0.104016 0.582538 0.274711 0.582538 0.274711 0.589629 0.104016 0.589629
3 0.209797 0.380789 0.209797 0.589629 0.205095 0.589629 0.205095 0.380789
2 0.209797 0.394029 0.209797 0.446657 0.205095 0.446657 0.205095 0.394029
3 0.270010 0.480126 0.205095 0.480126 0.205095 0.473035 0.274711 0.473035
3 0.270010 0.670176 0.391117 0.670176 0.391117 0.677266 0.270010 0.677266
2 0.313915 0.670176 0.353657 0.670176 0.353657 0.677266 0.313915 0.677266
3 0.803261 0.652287 0.803261 0.703135 0.801124 0.703135 0.801124 0.652171
