0 0.664248 0.846449 0.092283 0.846449 0.093997 0.143425 0.664248 0.143425
0 0.972603 0.846449 0.676303 0.846449 0.676303 0.143425 0.972603 0.143425
3 0.066707 0.101064 1.000000 0.101064 0.972603 0.143425 0.093997 0.143425
3 1.000000 0.101064 1.000000 0.888810 0.972603 0.846449 0.972603 0.143425
1 1.000000 0.230606 1.000000 0.400241 0.972603 0.400241 0.972603 0.230606
1 1.000000 0.603791 1.000000 0.759282 0.972603 0.759282 0.972603 0.603791
3 1.000000 0.888810 0.064780 0.888810 0.092283 0.846449 0.972603 0.846449
2 0.348310 0.888810 0.130462 0.888810 0.130462 0.846449 0.348310 0.846449
2 0.621156 0.888810 0.406480 0.888810 0.406480 0.846449 0.621156 0.846449
2 0.865438 0.888810 0.793526 0.888810 0.793526 0.846449 0.865438 0.846449
3 0.064780 0.888810 0.066707 0.101064 0.093997 0.143425 0.092283 0.846449
3 0.676303 0.101064 0.676303 0.888810 0.664248 0.888810 0.664248 0.101064
