0 0.023635 0.264495 0.299990 0.264495 0.299455 0.134445 0.023364 0.134445 0.023635 0.264495 0.023635 0.264495
0 0.557261 0.960398 0.557261 0.999566 0.693523 0.999566 0.693523 0.960398 0.557261 0.960398 0.557261 0.960398
0 0.022070 0.333333 0.021475 0.396007 0.217115 0.396007 0.217115 0.332887 0.022070 0.333333 0.022070 0.333333
0 0.994332 0.394119 0.306464 0.394123 0.306675 0.557859 0.222677 0.556641 0.222393 0.396024 0.222393 0.332933 0.025154 0.332933 0.026760 0.264760 0.994709 0.264760 0.994332 0.394119 0.994332 0.394119
0 0.629005 0.715860 0.700710 0.716787 0.700710 0.943963 0.548720 0.943963 0.548720 0.737734 0.488424 0.737739 0.488424 0.656039 0.488701 0.656039 0.488701 0.649718 0.488424 0.649718 0.489084 0.626259 0.576715 0.626259 0.576715 0.611098 0.627024 0.611098
0 0.973855 0.611098 0.973855 0.709535 0.638914 0.709472 0.638914 0.678116 0.629005 0.678116 0.629005 0.709472 0.627024 0.611098
0 0.973855 0.611098 0.576715 0.611098 0.576715 0.410136 0.973855 0.410136
0 0.567467 0.620491 0.488813 0.620491 0.488813 0.587605 0.332292 0.587601 0.332246 0.410136 0.567467 0.410136
0 0.973855 0.943963 0.712600 0.943963 0.712600 0.795865 0.973855 0.795865
0 0.214605 0.461529 0.117310 0.461529 0.117581 0.553708 0.026760 0.553708 0.026760 0.399799 0.214605 0.399799
0 0.540793 0.943963 0.332952 0.943963 0.332952 0.817588 0.540793 0.817588
0 0.540793 0.813374 0.332952 0.813374 0.332952 0.742795 0.540793 0.742795
0 0.973855 0.791230 0.815583 0.791230 0.815583 0.715927 0.973855 0.715927
0 0.480497 0.737739 0.332952 0.737739 0.332292 0.656039 0.480497 0.656039
0 0.481547 0.592662 0.481547 0.620710 0.480886 0.620491 0.480497 0.649718 0.332292 0.649718 0.332292 0.592658
0 0.214605 0.548652 0.125898 0.548871 0.125898 0.466586 0.214605 0.466586
0 0.808316 0.791230 0.712600 0.791230 0.712600 0.715927 0.808316 0.715927
0 0.306675 0.557859 0.026760 0.553708 0.026760 0.829851 0.313096 0.829851 0.306675 0.557859 0.026760 0.553708 0.306675 0.557859
3 0.306464 0.394123 0.999617 0.394123 0.973855 0.410136 0.332246 0.410136
2 0.608997 0.394123 0.673171 0.394123 0.673171 0.410136 0.608997 0.410136
1 0.377098 0.394123 0.411745 0.394123 0.411745 0.410136 0.377098 0.410136
1 0.449543 0.394123 0.521194 0.394123 0.521194 0.410136 0.449543 0.410136
1 0.712118 0.394123 0.818654 0.394123 0.818654 0.410136 0.712118 0.410136
1 0.822552 0.394123 0.930825 0.394123 0.930825 0.410136 0.822552 0.410136
3 0.999617 0.394123 0.999617 0.960398 0.973855 0.943963 0.973855 0.410136
1 0.999617 0.440653 0.999617 0.507174 0.973855 0.507174 0.973855 0.440653
1 0.999617 0.512526 0.999617 0.577374 0.973855 0.577374 0.973855 0.512526
1 0.999617 0.622989 0.999617 0.668875 0.973855 0.668875 0.973855 0.622989
3 0.999617 0.960398 0.307210 0.960398 0.332952 0.943963 0.973855 0.943963
2 0.654140 0.960398 0.592060 0.960398 0.592060 0.943963 0.654140 0.943963
1 0.927476 0.960398 0.893999 0.960398 0.893999 0.943963 0.927476 0.943963
1 0.859121 0.960398 0.785190 0.960398 0.785190 0.943963 0.859121 0.943963
1 0.691733 0.960398 0.659649 0.960398 0.659649 0.943963 0.691733 0.943963
1 0.585718 0.960398 0.556422 0.960398 0.556422 0.943963 0.585718 0.943963
1 0.522945 0.960398 0.452502 0.960398 0.452502 0.943963 0.522945 0.943963
1 0.417631 0.960398 0.378571 0.960398 0.378571 0.943963 0.417631 0.943963
3 0.307210 0.960398 0.306464 0.394123 0.332246 0.410136 0.332952 0.943963
2 0.306979 0.782263 0.306933 0.748450 0.332695 0.748438 0.332741 0.782250
1 0.307019 0.812514 0.306985 0.790273 0.332748 0.790261 0.332781 0.812502
3 0.222532 0.556641 0.222532 0.396007 0.214605 0.399799 0.214605 0.548652
3 0.222532 0.396007 0.020814 0.396007 0.026760 0.399799 0.214605 0.399799
3 0.020814 0.396007 0.020814 0.557177 0.026760 0.553789 0.026760 0.399799
3 0.125898 0.548871 0.125898 0.466586 0.117310 0.461529 0.117310 0.556898
2 0.125898 0.510701 0.125898 0.471238 0.117310 0.471238 0.117310 0.510701
3 0.117310 0.461529 0.222532 0.461529 0.222532 0.466586 0.125898 0.466586
3 0.222532 0.556641 0.117310 0.556898 0.125898 0.548871 0.214605 0.548652
3 0.125898 0.556877 0.020814 0.557177 0.026760 0.553789 0.125871 0.553506
2 0.101344 0.556949 0.034085 0.557139 0.034065 0.553767 0.101324 0.553578
3 0.567467 0.394123 0.567467 0.620491 0.576715 0.626259 0.576715 0.394123
3 0.576715 0.626259 0.481547 0.626259 0.488813 0.620491 0.567467 0.620491
2 0.558662 0.626259 0.497731 0.626259 0.497731 0.620491 0.558662 0.620491
3 0.481547 0.626259 0.481547 0.592662 0.488813 0.587605 0.488813 0.620491
3 0.488813 0.587605 0.306721 0.587601 0.306721 0.592658 0.481547 0.592662
3 0.548720 0.960398 0.548720 0.737734 0.540793 0.742795 0.540793 0.960398
2 0.548720 0.780919 0.548720 0.744881 0.540793 0.744881 0.540793 0.780919
2 0.548720 0.887257 0.548720 0.847216 0.540793 0.847216 0.540793 0.887257
3 0.548720 0.737734 0.306919 0.737739 0.306919 0.742795 0.540793 0.742795
2 0.446226 0.737739 0.384153 0.737739 0.384153 0.742795 0.446226 0.742795
3 0.488424 0.742795 0.488800 0.625126 0.480886 0.620491 0.480497 0.742783
3 0.548720 0.817588 0.307025 0.817588 0.307025 0.813374 0.548720 0.813374
3 0.700710 0.960398 0.700710 0.711916 0.712600 0.711916 0.712600 0.960398
2 0.700710 0.842320 0.700710 0.802279 0.712600 0.802279 0.712600 0.842320
2 0.700710 0.760456 0.700710 0.720411 0.712600 0.720411 0.712600 0.760456
3 0.638914 0.709472 0.999617 0.709535 0.999617 0.715927 0.629005 0.715860
3 0.629005 0.715860 0.629005 0.678116 0.638914 0.678116 0.638914 0.709472
3 0.306814 0.656035 0.488701 0.656039 0.488701 0.649718 0.306814 0.649714
2 0.388876 0.656035 0.445077 0.656035 0.445077 0.649714 0.388876 0.649714
3 0.700710 0.795865 0.999617 0.795865 0.999617 0.791230 0.700710 0.791230
2 0.879347 0.795865 0.928170 0.795865 0.928170 0.791230 0.879347 0.791230
3 0.808316 0.795865 0.808316 0.711933 0.815583 0.711933 0.815583 0.795865
