0 0.811754 0.487425 0.969899 0.487425 0.969899 0.960651 0.811754 0.960651 0.811754 0.487425
0 0.570917 0.664300 0.570767 0.664300 0.570767 0.545089 0.564913 0.545089 0.564913 0.664300 0.505260 0.664300 0.505260 0.881836 0.407360 0.881836 0.407360 0.545089 0.570917 0.545089
0 0.796143 0.881836 0.610380 0.881836 0.610380 0.664300 0.570917 0.664300 0.570917 0.545089 0.796143 0.545089
0 0.541575 0.407214 0.371117 0.407214 0.371117 0.077979 0.541575 0.077979
0 0.048244 0.407214 0.048244 0.126025 0.081391 0.126025 0.081391 0.078550 0.048244 0.078550 0.048244 0.077979 0.363962 0.077979 0.363962 0.407214
0 0.541575 0.535567 0.381680 0.535567 0.381680 0.618391 0.401506 0.618391 0.401506 0.881836 0.292047 0.881836 0.292047 0.418852 0.541575 0.418852
0 0.796143 0.535567 0.541575 0.535567 0.541575 0.077979 0.796143 0.077979
0 0.599972 0.871658 0.516318 0.871658 0.516318 0.682287 0.599972 0.682287
3 0.048244 0.077979 0.796143 0.077979 0.818909 0.026134 0.024828 0.026134
1 0.248402 0.077979 0.353015 0.077979 0.353015 0.026134 0.248402 0.026134
1 0.418144 0.077979 0.519089 0.077979 0.519089 0.026134 0.418144 0.026134
3 0.796143 0.077979 0.796143 0.487425 0.818909 0.487425 0.818909 0.026134
1 0.796143 0.139145 0.796143 0.380815 0.818909 0.380815 0.818909 0.139145
3 0.796143 0.487425 0.796143 0.881836 0.811754 0.901939 0.811754 0.487425
1 0.796143 0.649635 0.796143 0.789341 0.811754 0.789341 0.811754 0.649635
2 0.796143 0.553628 0.796143 0.642345 0.811754 0.642345 0.811754 0.553628
3 0.292047 0.881836 0.292047 0.407214 0.279689 0.427317 0.279689 0.901939
3 0.292047 0.407214 0.048244 0.407214 0.024828 0.427317 0.279689 0.427317
3 0.048244 0.407214 0.048244 0.077979 0.024828 0.026134 0.024828 0.427317
3 0.363962 0.077979 0.363962 0.407214 0.371117 0.418852 0.371117 0.077979
3 0.363962 0.407214 0.541588 0.407214 0.541588 0.418852 0.363962 0.418852
3 0.407360 0.881836 0.407360 0.618391 0.401506 0.618391 0.401506 0.881836
3 0.407360 0.618391 0.407360 0.545089 0.381680 0.535567 0.381680 0.618391
3 0.381680 0.535567 0.796143 0.535567 0.796143 0.545089 0.407360 0.545089
2 0.615902 0.535567 0.670397 0.535567 0.670397 0.545089 0.615902 0.545089
2 0.448813 0.535567 0.502469 0.535567 0.502469 0.545089 0.448813 0.545089
3 0.564913 0.545089 0.564913 0.682287 0.570767 0.664300 0.570767 0.545089
3 0.564913 0.664300 0.505260 0.664300 0.516318 0.682287 0.564913 0.682287
3 0.505260 0.664300 0.505260 0.901939 0.516318 0.881836 0.516318 0.682287
2 0.505260 0.686657 0.505260 0.752680 0.516318 0.752680 0.516318 0.686657
3 0.564913 0.682287 0.599972 0.682287 0.610380 0.664300 0.570767 0.664300
3 0.796143 0.881836 0.610380 0.881836 0.610380 0.901939 0.811754 0.901939
3 0.610380 0.664300 0.610380 0.901939 0.599972 0.901939 0.599972 0.682287
3 0.610380 0.871658 0.505260 0.871658 0.505260 0.901939 0.610380 0.901939
3 0.505260 0.881836 0.292047 0.881836 0.279689 0.901939 0.505260 0.901939
2 0.360104 0.881836 0.299814 0.881836 0.299814 0.901939 0.360104 0.901939
3 0.811754 0.901939 0.811754 0.960651 0.796143 0.979696 0.796143 0.901939
3 0.796143 0.979696 0.981607 0.979696 0.969899 0.960651 0.811754 0.960651
3 0.981607 0.979696 0.981607 0.901939 0.969899 0.901939 0.969899 0.960651
3 0.292047 0.407214 0.363962 0.407214 0.371117 0.418852 0.292047 0.418852
2 0.307834 0.407214 0.361562 0.407214 0.361562 0.418852 0.307834 0.418852
3 0.081391 0.126025 0.048244 0.126025 0.048244 0.078550 0.081391 0.078550
