0 0.479075 0.249046 0.479075 0.095116 0.086575 0.095116 0.086575 0.251661 0.194076 0.251619 0.479227 0.251619 0.479075 0.249046 0.479075 0.249046
0 0.433669 0.886213 0.433669 1.000000 0.665627 0.995043 0.665627 0.886213 0.433669 0.886213 0.433669 0.886213
0 0.907095 0.726548 1.000000 0.726548 1.000000 0.581690 0.926979 0.581690 0.907095 0.581690 0.907095 0.726548 0.907095 0.726548
0 0.617493 0.567535 0.575125 0.567535 0.575125 0.575948 0.575597 0.575948 0.575597 0.578556 0.456717 0.578556 0.456717 0.274755 0.617493 0.274755
0 0.673755 0.864480 0.537517 0.864480 0.537517 0.773206 0.492405 0.710543 0.455671 0.710543 0.456717 0.578556 0.575597 0.578556 0.575597 0.575948 0.673755 0.575948
0 0.456717 0.578556 0.455671 0.710543 0.209428 0.710543 0.209316 0.274755 0.456717 0.274755
0 0.434045 0.751689 0.448437 0.751689 0.448437 0.864480 0.418429 0.864480 0.418429 0.979668 0.209428 0.979668 0.209428 0.721760 0.434045 0.721760
0 0.789917 0.567535 0.623589 0.567535 0.623589 0.274755 0.789917 0.274755
0 0.891347 0.974711 0.680359 0.974711 0.680359 0.745982 0.891347 0.745982
0 0.888299 0.620530 0.891311 0.620530 0.891311 0.687687 0.888299 0.687687 0.888299 0.736868 0.680359 0.736868 0.680359 0.575948 0.888299 0.575948
0 0.891347 0.543691 0.888299 0.543691 0.888299 0.567535 0.796521 0.567535 0.796521 0.420020 0.891347 0.420020
0 0.891347 0.408803 0.797593 0.408803 0.797593 0.274755 0.891347 0.274755
0 0.531934 0.777391 0.531934 0.864480 0.455549 0.864480 0.455549 0.718956 0.489865 0.718956
3 0.209316 0.274755 0.891347 0.274755 0.907095 0.251619 0.194076 0.251619
2 0.425490 0.274755 0.468539 0.274755 0.468539 0.251619 0.425490 0.251619
1 0.667253 0.274755 0.689915 0.274755 0.689915 0.251619 0.667253 0.251619
1 0.690535 0.274755 0.745740 0.274755 0.745740 0.251619 0.690535 0.251619
1 0.487411 0.274755 0.508423 0.274755 0.508423 0.251619 0.487411 0.251619
1 0.509043 0.274755 0.566311 0.274755 0.566311 0.251619 0.509043 0.251619
1 0.236342 0.274755 0.287814 0.274755 0.287814 0.251619 0.236342 0.251619
1 0.291146 0.274755 0.340713 0.274755 0.340713 0.251619 0.291146 0.251619
1 0.345001 0.274755 0.395995 0.274755 0.395995 0.251619 0.345001 0.251619
3 0.891347 0.274755 0.891347 0.543691 0.907095 0.543691 0.907095 0.251619
1 0.891347 0.506001 0.891347 0.539828 0.907095 0.539828 0.907095 0.506001
1 0.891347 0.476850 0.891347 0.505279 0.907095 0.505279 0.907095 0.476850
1 0.891347 0.358458 0.891347 0.395167 0.907095 0.395167 0.907095 0.358458
1 0.891347 0.328949 0.891347 0.357378 0.907095 0.357378 0.907095 0.328949
3 0.891347 0.743297 0.891347 0.974711 0.907095 0.995043 0.907095 0.743297
3 0.891347 0.974711 0.680359 0.974711 0.665627 0.995043 0.907095 0.995043
1 0.802348 0.974711 0.744486 0.974711 0.744486 0.995043 0.802348 0.995043
1 0.825219 0.974711 0.802897 0.974711 0.802897 0.995043 0.825219 0.995043
3 0.680359 0.974711 0.680359 0.864480 0.665627 0.886213 0.665627 0.995043
3 0.680359 0.864480 0.418429 0.864480 0.433669 0.886213 0.665627 0.886213
2 0.655152 0.864480 0.604859 0.864480 0.604859 0.886213 0.655152 0.886213
1 0.509723 0.864480 0.477211 0.864480 0.477211 0.886213 0.509723 0.886213
1 0.598727 0.864480 0.576959 0.864480 0.576959 0.886213 0.598727 0.886213
3 0.418429 0.864480 0.418429 0.979668 0.433669 1.000000 0.433669 0.886213
3 0.418429 0.979668 0.209428 0.979668 0.194187 1.000000 0.433669 1.000000
1 0.295358 0.979668 0.273590 0.979668 0.273590 1.000000 0.295358 1.000000
1 0.354048 0.979668 0.295358 0.979668 0.295358 1.000000 0.354048 1.000000
3 0.209428 0.979668 0.209316 0.274755 0.194076 0.251619 0.194187 1.000000
1 0.209377 0.661537 0.209367 0.593847 0.194126 0.593854 0.194137 0.661537
3 0.907095 0.543691 0.907095 0.620530 0.888299 0.620530 0.888299 0.543691
3 0.907095 0.620530 0.907095 0.687687 0.891311 0.687687 0.891311 0.620530
2 0.907095 0.622816 0.907095 0.685086 0.891311 0.685086 0.891311 0.622816
3 0.907095 0.687687 0.907095 0.743297 0.888299 0.743297 0.888299 0.687687
3 0.907095 0.575948 0.575125 0.575948 0.575125 0.567535 0.907095 0.567535
2 0.670453 0.575948 0.627821 0.575948 0.627821 0.567535 0.670453 0.567535
2 0.883803 0.575948 0.839926 0.575948 0.839926 0.567535 0.883803 0.567535
3 0.680359 0.886213 0.680359 0.567535 0.673755 0.567535 0.673755 0.886213
2 0.680359 0.644339 0.680359 0.583499 0.673755 0.583499 0.673755 0.644339
2 0.680359 0.812403 0.680359 0.752054 0.673755 0.752054 0.673755 0.812403
3 0.673755 0.745982 0.907095 0.745982 0.907095 0.736868 0.673755 0.736868
3 0.623589 0.575948 0.623589 0.251619 0.617493 0.251619 0.617493 0.575948
3 0.796521 0.575948 0.796521 0.411684 0.789917 0.411684 0.789917 0.575948
3 0.797593 0.411684 0.797593 0.251619 0.789917 0.251619 0.789917 0.411684
3 0.789917 0.420020 0.907095 0.420020 0.907095 0.408803 0.789917 0.408803
2 0.842837 0.420020 0.887963 0.420020 0.887963 0.408803 0.842837 0.408803
3 0.194147 0.721760 0.455549 0.721760 0.455549 0.710543 0.194147 0.710543
2 0.290252 0.721760 0.368628 0.721760 0.368628 0.710543 0.290252 0.710543
3 0.455549 0.710543 0.455549 0.886213 0.448437 0.886213 0.448437 0.721760
3 0.448696 0.721760 0.448696 0.751689 0.434045 0.751689 0.434045 0.721760
3 0.455549 0.710543 0.492405 0.710543 0.489865 0.718956 0.455549 0.718956
3 0.492405 0.710543 0.537517 0.773206 0.531934 0.777391 0.489865 0.718956
2 0.499604 0.720547 0.530405 0.763334 0.526081 0.769258 0.495281 0.726478
3 0.537517 0.773206 0.537517 0.886213 0.531934 0.886213 0.531934 0.777391
3 0.450037 0.578774 0.450037 0.434757 0.456641 0.434757 0.456641 0.578774
