0 0.250940 0.356891 0.250789 0.356891 0.250789 0.438609 0.105790 0.438609 0.105790 0.374612 0.060055 0.374612 0.060055 0.074090 0.250940 0.074090
0 0.717713 0.438609 0.258945 0.438609 0.258945 0.356891 0.250940 0.356891 0.250940 0.074090 0.717713 0.074090
0 0.717713 0.455197 0.852109 0.455197 0.852109 0.756390 0.393259 0.756390 0.393259 0.454646 0.717713 0.454646
0 0.381607 0.887571 0.160683 0.887571 0.160683 0.445625 0.381607 0.445625
0 0.965367 0.124997 0.965367 0.356881 0.870694 0.410534 0.752669 0.410534 0.752669 0.059286 0.874318 0.059286
0 0.667935 0.969931 0.469453 0.969931 0.469453 0.934128 0.393259 0.934128 0.393259 0.766413 0.667935 0.766413
0 0.852109 0.969931 0.684248 0.969931 0.684248 0.766413 0.852109 0.766413
3 0.060055 0.074090 0.717713 0.074090 0.752669 0.036003 0.041412 0.036003
1 0.146479 0.074090 0.242970 0.074090 0.242970 0.036003 0.146479 0.036003
1 0.282646 0.074090 0.385569 0.074090 0.385569 0.036003 0.282646 0.036003
3 0.717713 0.074090 0.717713 0.455197 0.752669 0.410534 0.752669 0.036003
2 0.717713 0.303288 0.717713 0.382560 0.752669 0.382560 0.752669 0.303288
1 0.717713 0.115556 0.717713 0.291711 0.752669 0.291711 0.752669 0.115556
3 0.752669 0.410534 0.887065 0.410534 0.852109 0.455197 0.717713 0.455197
3 0.852109 0.455197 0.852109 0.969931 0.887065 1.000000 0.887065 0.410534
1 0.852109 0.520427 0.852109 0.669831 0.887065 0.669831 0.887065 0.520427
1 0.852109 0.841475 0.852109 0.908289 0.887065 0.908289 0.887065 0.841475
3 0.852109 0.969931 0.764659 0.969931 0.764659 1.000000 0.887065 1.000000
3 0.764659 0.969931 0.469453 0.969931 0.469453 0.989977 0.764659 0.989977
3 0.469453 0.934128 0.393259 0.934128 0.369955 0.989977 0.469453 0.989977
3 0.393259 0.934128 0.393259 0.887571 0.369955 0.907617 0.369955 0.989977
3 0.393259 0.887571 0.160683 0.887571 0.140874 0.907617 0.369955 0.907617
2 0.364770 0.887571 0.258479 0.887571 0.258479 0.907617 0.364770 0.907617
3 0.160683 0.887571 0.160683 0.438609 0.140874 0.454646 0.140874 0.907617
3 0.160683 0.438609 0.105790 0.438609 0.041412 0.454646 0.140874 0.454646
3 0.105790 0.438609 0.105790 0.374612 0.041412 0.374612 0.041412 0.454646
3 0.060055 0.374612 0.060055 0.074090 0.041412 0.036003 0.041412 0.374612
3 0.717713 0.454646 0.381607 0.454646 0.381607 0.438609 0.717713 0.438609
3 0.393259 0.454646 0.393259 0.887571 0.381607 0.887571 0.381607 0.438609
2 0.393259 0.802736 0.393259 0.882059 0.381607 0.882059 0.381607 0.802736
2 0.393259 0.665591 0.393259 0.750296 0.381607 0.750296 0.381607 0.665591
3 0.381607 0.766413 0.887065 0.766413 0.887065 0.756390 0.381607 0.756390
3 0.160683 0.438609 0.381607 0.438609 0.381607 0.445625 0.160683 0.445625
2 0.271774 0.438609 0.374150 0.438609 0.374150 0.445625 0.271774 0.445625
3 0.258945 0.445625 0.258945 0.356891 0.250789 0.356891 0.250789 0.445625
3 0.752669 0.059286 0.874318 0.059286 0.877475 0.043249 0.752669 0.043249
3 0.667935 0.756390 0.667935 0.969931 0.684248 0.969931 0.684248 0.756390
2 0.667935 0.780335 0.667935 0.845024 0.684248 0.845024 0.684248 0.780335
3 0.874318 0.059286 0.965367 0.124997 0.981680 0.118462 0.877475 0.043249
1 0.875564 0.060178 0.964016 0.124035 0.974503 0.113281 0.886040 0.049434
3 0.965367 0.124997 0.965367 0.356881 0.981680 0.364438 0.981680 0.118462
1 0.965367 0.126902 0.965367 0.355508 0.981680 0.355508 0.981680 0.126902
3 0.965367 0.356881 0.870694 0.410534 0.879678 0.422251 0.981680 0.364438
1 0.964202 0.357542 0.883371 0.403348 0.892355 0.415065 0.973174 0.369259
