0 0.506213 0.218781 0.506213 0.179350 0.465677 0.179350 0.465677 0.218781 0.506213 0.218781 0.506213 0.218781
0 0.054985 0.187838 0.090883 0.187838 0.090883 0.224295 0.054985 0.224295 0.054985 0.187838 0.054985 0.187838
0 0.412430 0.813684 0.359184 0.813684 0.359184 0.710302 0.412430 0.710302
0 0.202281 0.813684 0.148560 0.813684 0.148560 0.709231 0.202281 0.709231
0 0.355166 0.576417 0.285936 0.576417 0.285936 0.493366 0.355166 0.493366
0 0.275708 0.576417 0.206299 0.576417 0.206299 0.493366 0.275708 0.493366
0 0.355166 0.670969 0.285936 0.670969 0.285936 0.582781 0.355166 0.582781
0 0.275708 0.670969 0.206299 0.670969 0.206299 0.582781 0.275708 0.582781
0 0.354801 0.813684 0.285936 0.813684 0.285936 0.677334 0.354801 0.677334
0 0.275708 0.813684 0.205569 0.813684 0.205569 0.677334 0.275708 0.677334
0 0.348555 0.981485 0.285936 0.981485 0.285936 0.835670 0.348555 0.835670
0 0.275708 0.981485 0.211983 0.981485 0.211983 0.835670 0.275708 0.835670
0 0.492333 0.813684 0.416083 0.813684 0.416083 0.639917 0.437487 0.639917 0.437487 0.605392 0.492333 0.605392
0 0.123043 0.637880 0.144542 0.637880 0.144542 0.813684 0.067404 0.813684 0.067404 0.603824 0.123043 0.603824
0 0.275708 0.487002 0.202281 0.487002 0.202281 0.702867 0.148560 0.702867 0.148560 0.632673 0.126696 0.632673 0.126696 0.598039 0.067404 0.598039 0.067404 0.486956 0.275708 0.486956
0 0.492333 0.599607 0.433834 0.599607 0.433834 0.634131 0.412430 0.634131 0.412430 0.704516 0.359184 0.704516 0.359184 0.487002 0.285936 0.487002 0.285936 0.486956 0.492333 0.486956
0 0.275708 0.486956 0.202281 0.486956 0.202281 0.262100 0.275708 0.262100
0 0.202281 0.486956 0.067404 0.486956 0.067404 0.262597 0.202281 0.262100
0 0.492333 0.486956 0.359184 0.486956 0.359184 0.262100 0.492333 0.261423
0 0.359184 0.486956 0.285936 0.486956 0.285936 0.262100 0.359184 0.262100
0 0.430076 0.238933 0.278232 0.239535 0.278232 0.071994 0.430076 0.071994
0 0.278232 0.239535 0.133446 0.240189 0.133446 0.072034 0.278232 0.071994
0 0.200514 0.990743 0.137076 0.990743 0.137076 0.835670 0.200798 0.835670 0.200514 0.990743
0 0.423023 0.990743 0.359184 0.990743 0.359184 0.835201 0.423023 0.835670 0.423023 0.990743
3 0.492333 0.261423 0.492333 0.813684 0.506213 0.835670 0.506213 0.238933
1 0.492333 0.268996 0.492333 0.353065 0.506213 0.353065 0.506213 0.268996
1 0.492333 0.530992 0.492333 0.565429 0.506213 0.565429 0.506213 0.530992
1 0.492333 0.779194 0.492333 0.807921 0.506213 0.807921 0.506213 0.779194
3 0.492333 0.813684 0.067404 0.813684 0.054985 0.835670 0.506213 0.835670
2 0.403865 0.813684 0.369345 0.813684 0.369345 0.835670 0.403865 0.835670
2 0.192544 0.813684 0.156920 0.813684 0.156920 0.835670 0.192544 0.835670
1 0.489002 0.813684 0.451933 0.813684 0.451933 0.835670 0.489002 0.835670
1 0.129662 0.813684 0.075684 0.813684 0.075684 0.835670 0.129662 0.835670
3 0.067404 0.813684 0.067404 0.262597 0.054985 0.240189 0.054985 0.835670
3 0.067404 0.262597 0.492333 0.261423 0.506213 0.238933 0.054985 0.240189
2 0.144272 0.262389 0.177524 0.262296 0.177499 0.239847 0.144246 0.239940
2 0.385117 0.261718 0.420075 0.261619 0.420050 0.239176 0.385091 0.239269
1 0.077912 0.262568 0.126400 0.262435 0.126374 0.239986 0.077887 0.240125
1 0.192653 0.262250 0.246152 0.262105 0.246126 0.239656 0.192628 0.239807
1 0.315634 0.261909 0.369557 0.261764 0.369531 0.239315 0.315609 0.239465
1 0.435200 0.261579 0.488060 0.261434 0.488034 0.238985 0.435175 0.239130
3 0.275708 0.239575 0.275708 1.000000 0.285936 0.981485 0.285936 0.239575
3 0.275708 0.981485 0.211983 0.981485 0.200514 1.000000 0.285936 1.000000
3 0.211983 0.981485 0.211983 0.813684 0.200514 0.813684 0.200514 1.000000
2 0.211983 0.953268 0.211983 0.899401 0.200514 0.899401 0.200514 0.953268
3 0.275708 1.000000 0.359512 1.000000 0.348555 0.981485 0.285936 0.981485
3 0.359512 1.000000 0.359512 0.813684 0.348555 0.813684 0.348555 0.981485
2 0.359512 0.956259 0.359512 0.899401 0.348555 0.899401 0.348555 0.956259
3 0.205569 0.813684 0.205569 0.677334 0.202281 0.670969 0.202281 0.813684
2 0.205569 0.772430 0.205569 0.718142 0.202281 0.718142 0.202281 0.772430
3 0.205569 0.677334 0.354801 0.677334 0.359184 0.670969 0.202281 0.670969
3 0.359184 0.677334 0.359184 0.487002 0.355166 0.493366 0.355166 0.677334
2 0.359184 0.652327 0.359184 0.596893 0.355166 0.596893 0.355166 0.652327
3 0.355166 0.493366 0.206299 0.493366 0.202281 0.487002 0.359184 0.487002
3 0.202281 0.487002 0.202281 0.677334 0.206299 0.677334 0.206299 0.493366
2 0.202281 0.593387 0.202281 0.647907 0.206299 0.647907 0.206299 0.593387
3 0.202281 0.582781 0.359184 0.582781 0.359184 0.576417 0.202281 0.576417
2 0.320306 0.582781 0.352207 0.582781 0.352207 0.576417 0.320306 0.576417
2 0.208787 0.582781 0.240571 0.582781 0.240571 0.576417 0.208787 0.576417
3 0.359184 0.670969 0.359184 0.813684 0.354801 0.813684 0.354801 0.677334
2 0.359184 0.716435 0.359184 0.771493 0.354801 0.771493 0.354801 0.716435
3 0.416083 0.835670 0.416083 0.639917 0.412430 0.634131 0.412430 0.835670
2 0.416083 0.699089 0.416083 0.642144 0.412430 0.642144 0.412430 0.699089
3 0.416083 0.639917 0.437487 0.639917 0.433834 0.634131 0.412430 0.634131
3 0.437487 0.639917 0.437487 0.605392 0.433834 0.599607 0.433834 0.634131
3 0.437487 0.605392 0.506213 0.605392 0.506213 0.599607 0.433834 0.599607
3 0.354801 0.710302 0.416083 0.710302 0.416083 0.704516 0.354801 0.704516
2 0.369345 0.710302 0.404340 0.710302 0.404340 0.704516 0.369345 0.704516
3 0.054985 0.603824 0.123043 0.603824 0.126696 0.598039 0.054985 0.598039
3 0.123043 0.603824 0.123043 0.637880 0.126696 0.632673 0.126696 0.598039
3 0.123043 0.637880 0.144542 0.637880 0.148560 0.632673 0.126696 0.632673
3 0.144542 0.637880 0.144542 0.835670 0.148560 0.835670 0.148560 0.632673
2 0.144542 0.642543 0.144542 0.697058 0.148560 0.697058 0.148560 0.642543
3 0.144542 0.709231 0.205569 0.709231 0.205569 0.702867 0.144542 0.702867
2 0.158911 0.709231 0.192781 0.709231 0.192781 0.702867 0.158911 0.702867
3 0.285537 0.239546 0.285537 0.071994 0.278232 0.071994 0.278232 0.239546
0 1.000000 0.189626 0.961597 0.189626 0.961597 0.226123 1.000000 0.226123 1.000000 0.189626 1.000000 0.189626
0 0.554985 0.191344 0.593943 0.191344 0.593943 0.226725 0.554985 0.226725 0.554985 0.191344 0.554985 0.191344
0 0.771607 0.662111 0.704970 0.662111 0.704970 0.607481 0.771607 0.607481
0 0.848021 0.662111 0.780763 0.662111 0.780763 0.607481 0.848021 0.607481
0 0.771607 0.601695 0.704970 0.601695 0.704970 0.494732 0.771607 0.494732
0 0.848021 0.601695 0.780763 0.601695 0.780763 0.494732 0.848021 0.494732
0 0.771607 0.815495 0.660679 0.815495 0.660679 0.667897 0.771607 0.667897
0 0.892528 0.815495 0.780763 0.815495 0.780763 0.667897 0.892528 0.667897
0 0.986851 0.815495 0.897641 0.815495 0.897641 0.664206 0.910210 0.611855 0.986851 0.611855
0 0.655931 0.663361 0.655931 0.815495 0.564394 0.815495 0.564394 0.607446 0.641934 0.607446
0 0.986851 0.603755 0.906685 0.603755 0.892528 0.662111 0.852404 0.662111 0.852404 0.494732 0.986851 0.494732
0 0.701317 0.662111 0.660679 0.662111 0.660679 0.661920 0.645156 0.599925 0.564394 0.599925 0.564394 0.494732 0.701317 0.494732
0 0.986851 0.489154 0.780763 0.489154 0.780763 0.263263 0.986851 0.263263
0 0.771607 0.489154 0.564394 0.489154 0.564394 0.263263 0.771607 0.263263
3 0.986851 0.815495 0.564394 0.815495 0.551245 0.836324 1.000000 0.836324
1 0.624877 0.815495 0.572061 0.815495 0.572061 0.836324 0.624877 0.836324
1 0.747065 0.815495 0.698570 0.815495 0.698570 0.836324 0.747065 0.836324
1 0.852320 0.815495 0.801072 0.815495 0.801072 0.836324 0.852320 0.836324
1 0.982650 0.815495 0.944901 0.815495 0.944901 0.836324 0.982650 0.836324
3 0.564394 0.815495 0.564394 0.263263 0.551245 0.242434 0.551245 0.836324
1 0.564394 0.561825 0.564394 0.533358 0.551245 0.533358 0.551245 0.561825
3 0.564394 0.263263 0.986851 0.263263 1.000000 0.242434 0.551245 0.242434
3 0.986851 0.263263 0.986851 0.815495 1.000000 0.836324 1.000000 0.242434
1 0.986851 0.783400 0.986851 0.810895 1.000000 0.810895 1.000000 0.783400
1 0.986851 0.534359 0.986851 0.572372 1.000000 0.572372 1.000000 0.534359
3 0.771607 0.242434 0.771607 0.836324 0.780763 0.836324 0.780763 0.242434
3 0.551245 0.489154 1.000000 0.489154 1.000000 0.494732 0.551245 0.494732
3 0.551245 0.607446 0.641934 0.607446 0.645156 0.599925 0.551245 0.599925
3 0.641934 0.607446 0.655931 0.663361 0.660679 0.661920 0.645156 0.599925
2 0.643311 0.612949 0.655587 0.661984 0.660003 0.659213 0.647723 0.610177
3 0.655931 0.663361 0.655931 0.836324 0.660679 0.836324 0.660679 0.661920
3 0.655931 0.667897 0.892674 0.667897 0.892630 0.662111 0.655890 0.662111
2 0.662060 0.667897 0.697394 0.667897 0.697350 0.662111 0.662019 0.662111
2 0.722973 0.667897 0.751974 0.667897 0.751934 0.662111 0.722933 0.662111
2 0.800096 0.667897 0.828846 0.667897 0.828802 0.662111 0.800056 0.662111
2 0.855564 0.667897 0.890771 0.667897 0.890731 0.662111 0.855524 0.662111
3 0.701317 0.489154 0.701317 0.667897 0.704970 0.667897 0.704970 0.489154
2 0.701317 0.544496 0.701317 0.599578 0.704970 0.599578 0.704970 0.544496
3 0.701317 0.607481 0.852087 0.607481 0.852087 0.601695 0.701317 0.601695
3 1.000000 0.611855 0.910210 0.611855 0.906685 0.603755 1.000000 0.603755
3 0.910210 0.611855 0.897641 0.664206 0.892528 0.662719 0.906685 0.603755
2 0.909545 0.614627 0.897813 0.663500 0.893032 0.660618 0.904767 0.611745
3 0.897641 0.664206 0.897641 0.836324 0.892528 0.836324 0.892528 0.662719
3 0.848021 0.489154 0.848021 0.667897 0.852404 0.667897 0.852404 0.489154
2 0.848021 0.547140 0.848021 0.600700 0.852404 0.600700 0.852404 0.547140
