0 0.423777 0.552615 0.423762 0.552615 0.423762 0.678532 0.203992 0.678532 0.203992 0.469548 0.423777 0.469548
0 0.423777 0.469548 0.203992 0.469548 0.203992 0.314829 0.240506 0.314829 0.240506 0.117435 0.423777 0.117435
0 0.203992 0.469548 0.073278 0.469548 0.073278 0.314829 0.203992 0.314829
0 0.203992 0.678532 0.073278 0.678532 0.073278 0.469548 0.203992 0.469548
0 0.554122 0.678532 0.441943 0.678532 0.441943 0.552615 0.554122 0.552615
0 0.235133 0.836915 0.235133 1.000000 0.172864 1.000000 0.172850 0.994883 0.051011 0.994883 0.051025 0.836947 0.235133 0.836915 0.235133 0.836915
0 0.232373 0.305235 0.073278 0.305235 0.073278 0.117435 0.232373 0.117435
0 0.180988 0.811970 0.073278 0.811970 0.073278 0.689405 0.180988 0.689405
0 0.340409 0.806546 0.254874 0.806546 0.254874 0.689405 0.340409 0.689405
0 0.419643 0.811970 0.348542 0.811970 0.348542 0.689405 0.419643 0.689405
0 0.248654 0.811970 0.188643 0.811970 0.188643 0.689405 0.248654 0.689405
0 0.513187 0.690326 0.513187 0.803169 0.442168 0.803169 0.442173 0.690684 0.513187 0.690326
0 0.442546 0.319390 0.558792 0.319390 0.558792 0.540456 0.442436 0.540463 0.442546 0.319390
3 0.073278 0.811970 0.248654 0.811970 0.254874 0.836915 0.055097 0.836915
2 0.104213 0.811970 0.145072 0.811970 0.145072 0.836915 0.104213 0.836915
1 0.192940 0.811970 0.232593 0.811970 0.232593 0.836915 0.192940 0.836915
3 0.248654 0.806546 0.340409 0.806546 0.348542 0.836915 0.248654 0.836915
1 0.296086 0.806546 0.321721 0.806546 0.321721 0.836915 0.296086 0.836915
3 0.348542 0.811970 0.419643 0.811970 0.442173 0.836915 0.348542 0.836915
1 0.353164 0.811970 0.406840 0.811970 0.406840 0.836915 0.353164 0.836915
3 0.419643 0.811970 0.419643 0.678532 0.442173 0.690684 0.442173 0.836915
3 0.419643 0.678532 0.554122 0.678532 0.563213 0.690684 0.442173 0.690684
2 0.445330 0.678532 0.488098 0.678532 0.488098 0.690684 0.445330 0.690684
1 0.489524 0.678532 0.509958 0.678532 0.509958 0.690684 0.489524 0.690684
3 0.554122 0.678532 0.554122 0.552615 0.563213 0.540463 0.563213 0.690684
3 0.554122 0.552615 0.423777 0.552615 0.442436 0.540463 0.563213 0.540463
3 0.442436 0.540463 0.442436 0.093129 0.423777 0.117435 0.423777 0.552615
2 0.442436 0.467002 0.442436 0.412058 0.423777 0.412058 0.423777 0.467002
1 0.442436 0.529576 0.442436 0.492945 0.423777 0.492945 0.423777 0.529576
1 0.442436 0.285336 0.442436 0.211447 0.423777 0.211447 0.423777 0.285336
1 0.442436 0.194202 0.442436 0.123185 0.423777 0.123185 0.423777 0.194202
3 0.423777 0.117435 0.073278 0.117435 0.055097 0.093129 0.442436 0.093129
1 0.394042 0.117435 0.367943 0.117435 0.367943 0.093129 0.394042 0.093129
1 0.149617 0.117435 0.110007 0.117435 0.110007 0.093129 0.149617 0.093129
1 0.174491 0.117435 0.158526 0.117435 0.158526 0.093129 0.174491 0.093129
3 0.073278 0.117435 0.073278 0.811970 0.055097 0.836915 0.055097 0.093129
1 0.073278 0.645629 0.073278 0.678346 0.055097 0.678346 0.055097 0.645629
1 0.073278 0.346081 0.073278 0.437752 0.055097 0.437752 0.055097 0.346081
3 0.423762 0.552615 0.423762 0.678532 0.441943 0.678532 0.441943 0.552615
2 0.423762 0.594671 0.423762 0.653753 0.441943 0.653753 0.441943 0.594671
3 0.419643 0.678532 0.073278 0.678532 0.073278 0.689405 0.419643 0.689405
2 0.338945 0.678532 0.298890 0.678532 0.298890 0.689405 0.338945 0.689405
2 0.246616 0.678532 0.208360 0.678532 0.208360 0.689405 0.246616 0.689405
2 0.146273 0.678532 0.107615 0.678532 0.107615 0.689405 0.146273 0.689405
3 0.188643 0.689405 0.188643 0.811970 0.180988 0.811970 0.180988 0.689405
3 0.248654 0.811970 0.248654 0.689405 0.254874 0.689405 0.254874 0.836915
3 0.348542 0.836915 0.348542 0.689405 0.340409 0.689405 0.340409 0.806546
2 0.348542 0.801103 0.348542 0.748622 0.340409 0.748622 0.340409 0.801103
3 0.203992 0.611218 0.203992 0.469548 0.195858 0.476583 0.195858 0.611218
3 0.203992 0.469548 0.166870 0.469548 0.166870 0.476583 0.195858 0.476583
3 0.073278 0.305235 0.232373 0.305235 0.240506 0.314829 0.073278 0.314829
2 0.154225 0.305235 0.193528 0.305235 0.193528 0.314829 0.154225 0.314829
3 0.240506 0.314829 0.240506 0.117435 0.232373 0.117435 0.232373 0.305235
3 0.288761 0.591364 0.288761 0.549654 0.281585 0.539420 0.281585 0.591364
3 0.281585 0.539420 0.380827 0.539420 0.380827 0.549654 0.288761 0.549654
0 0.982296 0.587436 0.938691 0.587436 0.938691 0.539203 0.806824 0.539203 0.806824 0.623492 0.761717 0.623492 0.761717 0.297809 0.982296 0.297809
0 0.921247 0.287575 0.693424 0.287575 0.693424 0.117793 0.921247 0.117793
0 0.921946 0.810978 0.812565 0.810978 0.812565 0.549436 0.921946 0.549436
0 0.755018 0.632447 0.806824 0.632447 0.806824 0.810978 0.693424 0.810978 0.693424 0.596033 0.755018 0.596033
0 0.755018 0.586439 0.693424 0.586439 0.693424 0.420591 0.755018 0.420591
0 0.755018 0.410996 0.693424 0.410996 0.693424 0.297809 0.755018 0.297809
3 0.693424 0.810978 0.921946 0.810978 0.937734 0.834644 0.677339 0.834644
1 0.813579 0.810978 0.864820 0.810978 0.864820 0.834644 0.813579 0.834644
1 0.872910 0.810978 0.889766 0.810978 0.889766 0.834644 0.872910 0.834644
1 0.725599 0.810978 0.792681 0.810978 0.792681 0.834644 0.725599 0.834644
3 0.921946 0.810978 0.921946 0.587436 0.937734 0.608544 0.937734 0.834644
3 0.921946 0.587436 0.982296 0.587436 0.999998 0.608544 0.937734 0.608544
3 0.982296 0.587436 0.982296 0.297809 0.999998 0.276061 0.999998 0.608544
1 0.982296 0.527248 0.982296 0.492363 0.999998 0.492363 0.999998 0.527248
1 0.982296 0.431228 0.982296 0.339525 0.999998 0.339525 0.999998 0.431228
3 0.982296 0.297809 0.921247 0.297809 0.937035 0.276061 0.999998 0.276061
3 0.921247 0.297809 0.921247 0.117793 0.937035 0.094767 0.937035 0.276061
3 0.921247 0.117793 0.693424 0.117793 0.677339 0.094767 0.937035 0.094767
1 0.879345 0.117793 0.853515 0.117793 0.853515 0.094767 0.879345 0.094767
1 0.809230 0.117793 0.740350 0.117793 0.740350 0.094767 0.809230 0.094767
3 0.693424 0.117793 0.693424 0.810978 0.677339 0.834644 0.677339 0.094767
3 0.921946 0.587436 0.921946 0.549436 0.938691 0.539203 0.938691 0.587436
3 0.938691 0.539203 0.806824 0.539203 0.812565 0.549436 0.921946 0.549436
3 0.806824 0.539203 0.806824 0.810978 0.812565 0.810978 0.812565 0.549436
2 0.806824 0.556319 0.806824 0.608173 0.812565 0.608173 0.812565 0.556319
3 0.806824 0.632447 0.755018 0.632447 0.761717 0.623492 0.806824 0.623492
2 0.805087 0.632447 0.766472 0.632447 0.766472 0.623492 0.805087 0.623492
3 0.755018 0.632447 0.755018 0.297809 0.761717 0.287575 0.761717 0.623492
2 0.755018 0.479858 0.755018 0.427326 0.761717 0.427326 0.761717 0.479858
2 0.755018 0.388494 0.755018 0.342109 0.761717 0.342109 0.761717 0.388494
3 0.761717 0.297809 0.921247 0.297809 0.921247 0.287575 0.761717 0.287575
2 0.784926 0.297809 0.823928 0.297809 0.823928 0.287575 0.784926 0.287575
3 0.761717 0.287575 0.693424 0.287575 0.693424 0.297809 0.755018 0.297809
3 0.755018 0.410996 0.693424 0.410996 0.693424 0.420591 0.755018 0.420591
3 0.755018 0.586439 0.693424 0.586439 0.693424 0.596033 0.755018 0.596033
