0 0.070051 0.321312 0.182432 0.321312 0.182432 0.041596 0.070051 0.041596 0.070051 0.321312 0.070051 0.321312
0 0.703144 0.691068 0.597661 0.691068 0.597661 0.573387 0.572572 0.573387 0.572572 0.466109 0.597661 0.466109 0.597661 0.331342 0.703144 0.331342
0 0.703144 0.331342 0.202786 0.331342 0.202786 0.041596 0.703144 0.041596
0 0.981153 0.891905 0.711437 0.891905 0.711437 0.584750 0.981153 0.584750
0 0.981153 0.331342 0.711437 0.331342 0.711437 0.041596 0.981153 0.041596
0 0.981153 0.576153 0.711437 0.576153 0.711437 0.339939 0.981153 0.339939
0 0.587861 0.456796 0.435803 0.456796 0.435803 0.340655 0.587861 0.340655
0 0.981153 0.991403 0.851116 0.991403 0.851116 0.899786 0.981153 0.899786
3 0.702391 0.700382 0.702391 0.900502 0.711437 0.891905 0.711437 0.691068
3 0.711437 0.891905 0.851116 0.891905 0.842070 0.900502 0.702391 0.900502
3 0.851116 0.891905 0.851116 0.991403 0.842070 1.000000 0.842070 0.900502
1 0.672816 0.041596 0.530174 0.041596 0.530174 0.022252 0.672816 0.022252
1 0.911140 0.041596 0.754325 0.041596 0.754325 0.022252 0.911140 0.022252
3 0.202786 0.041596 0.202786 0.331342 0.182432 0.340655 0.182432 0.022252
1 0.202786 0.046804 0.202786 0.243909 0.182432 0.243909 0.182432 0.046804
2 0.202786 0.251510 0.202786 0.315308 0.182432 0.315308 0.182432 0.251510
3 0.182432 0.340655 0.426003 0.340655 0.435803 0.331342 0.202786 0.331342
3 0.426003 0.340655 0.426003 0.466109 0.435803 0.456796 0.435803 0.331342
3 0.426003 0.466109 0.562772 0.466109 0.572572 0.456796 0.435803 0.456796
3 0.562772 0.466109 0.562772 0.582701 0.572572 0.573387 0.572572 0.456796
3 0.562772 0.582701 0.587861 0.582701 0.597661 0.573387 0.572572 0.573387
3 0.587861 0.582701 0.587861 0.700382 0.597661 0.691068 0.597661 0.573387
3 0.587861 0.700382 0.702391 0.700382 0.711437 0.691068 0.597661 0.691068
2 0.613893 0.700382 0.686212 0.700382 0.686212 0.691068 0.613893 0.691068
3 0.435803 0.331342 0.597661 0.331342 0.587861 0.340655 0.435803 0.340655
3 0.597661 0.331342 0.597661 0.466109 0.587861 0.456796 0.587861 0.340655
2 0.597661 0.345312 0.597661 0.393427 0.587861 0.393427 0.587861 0.345312
3 0.587861 0.456796 0.572572 0.456796 0.572572 0.466109 0.597661 0.466109
3 0.711437 0.691068 0.711437 0.022252 0.703144 0.022252 0.703144 0.691068
2 0.711437 0.687708 0.711437 0.632471 0.703144 0.632471 0.703144 0.687708
2 0.711437 0.408594 0.711437 0.346358 0.703144 0.346358 0.703144 0.408594
2 0.711437 0.327007 0.711437 0.264771 0.703144 0.264771 0.703144 0.327007
3 0.703144 0.584750 0.981153 0.584750 0.981153 0.576153 0.703144 0.576153
3 0.182432 0.041596 0.065527 0.041596 0.065527 0.034432 0.182432 0.034432
3 0.182432 0.340655 0.065527 0.340655 0.065527 0.321312 0.182432 0.321312
3 0.851116 0.891905 0.981153 0.891905 0.981153 0.899786 0.851116 0.899786
2 0.893379 0.891905 0.940745 0.891905 0.940745 0.899786 0.893379 0.899786
