0 0.832994 0.206555 0.990227 0.206555 0.990227 0.675196 0.832877 0.675196 0.832994 0.206555
0 0.234224 0.205711 0.075121 0.205711 0.075121 0.675268 0.235153 0.675268 0.234224 0.205711
0 0.832994 0.886597 0.533273 0.886597 0.533273 1.000000 0.832994 1.000000 0.832994 0.886597 0.832994 0.886597
0 0.234224 0.886597 0.234224 0.999641 0.532578 0.999641 0.532578 0.886301 0.234224 0.886597
0 0.720336 0.591609 0.723444 0.591609 0.723444 0.676025 0.721938 0.676025 0.721938 0.682816 0.723444 0.682816 0.723444 0.696888 0.538041 0.696888 0.538041 0.562520 0.720336 0.562520
0 0.706591 0.381004 0.706591 0.549336 0.720336 0.549336 0.720336 0.562520 0.663350 0.562520 0.663350 0.455151 0.624756 0.455151 0.624756 0.420866 0.663350 0.420866 0.663350 0.367679
0 0.813769 0.676025 0.723444 0.676025 0.723444 0.591609 0.813769 0.591609
0 0.813769 0.869134 0.538041 0.869134 0.538041 0.696888 0.723444 0.696888 0.723444 0.682816 0.813769 0.682816
0 0.408460 0.217556 0.526293 0.217556 0.526293 0.414076 0.408460 0.414076
0 0.449131 0.420866 0.526293 0.420866 0.526293 0.481354 0.449131 0.481354
0 0.526293 0.555729 0.408460 0.555729 0.408460 0.461486 0.441655 0.461486 0.441655 0.488145 0.526293 0.488145
0 0.400984 0.420866 0.439380 0.420866 0.439380 0.454695 0.400984 0.454695 0.400984 0.563490 0.345258 0.563490 0.345258 0.549336 0.358721 0.549336 0.358721 0.380495 0.383964 0.372045 0.400984 0.366709
0 0.526293 0.563490 0.526293 0.696888 0.342802 0.696888 0.342802 0.682816 0.343122 0.682816 0.343122 0.676025 0.342802 0.676025 0.342802 0.591609 0.345258 0.591609 0.345258 0.563490
0 0.342802 0.676025 0.251312 0.676025 0.251312 0.591609 0.342802 0.591609
0 0.342802 0.696888 0.526293 0.696888 0.526293 0.869134 0.251312 0.869134 0.251312 0.682816 0.342802 0.682816
0 0.813769 0.409710 0.714067 0.409710 0.714067 0.376148 0.663350 0.360403 0.663350 0.217556 0.813769 0.217556
0 0.400984 0.359433 0.386490 0.364143 0.351245 0.375731 0.351245 0.409710 0.251312 0.409710 0.251312 0.217556 0.400984 0.217556
0 0.655874 0.414076 0.538041 0.414076 0.538041 0.217556 0.655874 0.217556
0 0.351245 0.542545 0.251312 0.542545 0.251312 0.416501 0.351245 0.416501
0 0.813769 0.542545 0.714067 0.542545 0.714067 0.416501 0.813769 0.416501
0 0.655874 0.555729 0.538041 0.555729 0.538041 0.488145 0.624756 0.488145 0.624756 0.461942 0.655874 0.461942
0 0.617280 0.481354 0.538041 0.481354 0.538041 0.420866 0.617280 0.420866
0 0.337782 0.584818 0.251312 0.584818 0.251312 0.549336 0.337782 0.549336
0 0.813769 0.549336 0.813769 0.584818 0.727813 0.584818 0.727813 0.549336
3 0.251312 0.869134 0.251312 0.217556 0.234224 0.199609 0.234224 0.886597
2 0.251312 0.645505 0.251312 0.608077 0.234224 0.608077 0.234224 0.645505
2 0.251312 0.509871 0.251312 0.472778 0.234224 0.472778 0.234224 0.509871
2 0.251312 0.607772 0.251312 0.594010 0.234224 0.594010 0.234224 0.607772
3 0.251312 0.217556 0.813769 0.217556 0.832994 0.199609 0.234224 0.199609
1 0.701122 0.217556 0.775336 0.217556 0.775336 0.199609 0.701122 0.199609
1 0.576502 0.217556 0.649316 0.217556 0.649316 0.199609 0.576502 0.199609
1 0.414356 0.217556 0.487165 0.217556 0.487165 0.199609 0.414356 0.199609
1 0.290291 0.217556 0.362545 0.217556 0.362545 0.199609 0.290291 0.199609
3 0.813769 0.217556 0.813769 0.869134 0.832994 0.886597 0.832994 0.199609
2 0.813769 0.608703 0.813769 0.646363 0.832994 0.646363 0.832994 0.608703
2 0.813769 0.472453 0.813769 0.511224 0.832994 0.511224 0.832994 0.472453
2 0.813769 0.594161 0.813769 0.608698 0.832994 0.608698 0.832994 0.594161
3 0.813769 0.869134 0.251312 0.869134 0.234224 0.886597 0.832994 0.886597
2 0.410148 0.869134 0.368600 0.869134 0.368600 0.886597 0.410148 0.886597
2 0.695766 0.869134 0.654913 0.869134 0.654913 0.886597 0.695766 0.886597
1 0.362235 0.869134 0.279231 0.869134 0.279231 0.886597 0.362235 0.886597
1 0.500574 0.869134 0.415616 0.869134 0.415616 0.886597 0.500574 0.886597
1 0.646400 0.869134 0.562094 0.869134 0.562094 0.886597 0.646400 0.886597
1 0.788649 0.869134 0.701410 0.869134 0.701410 0.886597 0.788649 0.886597
3 0.538041 0.869134 0.538041 0.217556 0.526293 0.217556 0.526293 0.869134
3 0.526293 0.563490 0.400984 0.563490 0.408460 0.555729 0.526293 0.555729
3 0.408460 0.555729 0.408460 0.461486 0.400984 0.454695 0.400984 0.563490
2 0.408460 0.526640 0.408460 0.489222 0.400984 0.489222 0.400984 0.526640
3 0.408460 0.461486 0.441655 0.461486 0.449131 0.454695 0.400984 0.454695
3 0.439380 0.454695 0.439380 0.420866 0.449131 0.414076 0.449131 0.454695
3 0.449131 0.414076 0.408460 0.414076 0.400984 0.420866 0.449131 0.420866
3 0.408460 0.414076 0.408460 0.217556 0.400984 0.217556 0.400984 0.420866
2 0.408460 0.409943 0.408460 0.375154 0.400984 0.375154 0.400984 0.409943
3 0.449131 0.454695 0.449131 0.481354 0.441655 0.488145 0.441655 0.461486
3 0.449131 0.481354 0.526293 0.481354 0.526293 0.488145 0.441655 0.488145
2 0.450915 0.481354 0.491106 0.481354 0.491106 0.488145 0.450915 0.488145
3 0.449131 0.414076 0.526293 0.414076 0.526293 0.420866 0.449131 0.420866
3 0.251312 0.682816 0.343122 0.682816 0.343122 0.676025 0.251312 0.676025
3 0.251312 0.591609 0.345258 0.591609 0.337782 0.584818 0.251312 0.584818
2 0.285308 0.591609 0.315540 0.591609 0.315540 0.584818 0.285308 0.584818
3 0.345258 0.591609 0.345258 0.542545 0.337782 0.542545 0.337782 0.584818
3 0.345258 0.549336 0.251312 0.549336 0.251312 0.542545 0.345258 0.542545
3 0.345258 0.542545 0.351245 0.542545 0.358721 0.549336 0.345258 0.549336
3 0.358721 0.549336 0.358721 0.380495 0.351245 0.375731 0.351245 0.542545
2 0.358721 0.507931 0.358721 0.475514 0.351245 0.475514 0.351245 0.507931
3 0.358721 0.380495 0.408460 0.364143 0.405918 0.357760 0.351245 0.375731
2 0.360910 0.379777 0.398928 0.367281 0.396380 0.360893 0.358369 0.373393
3 0.351245 0.416501 0.251312 0.416501 0.251312 0.409710 0.351245 0.409710
3 0.721938 0.676025 0.813769 0.676025 0.813769 0.682816 0.721938 0.682816
3 0.813769 0.591609 0.720336 0.591609 0.727813 0.584818 0.813769 0.584818
2 0.780067 0.591609 0.747748 0.591609 0.747748 0.584818 0.780067 0.584818
3 0.720336 0.591609 0.720336 0.542545 0.727813 0.549336 0.727813 0.584818
3 0.720336 0.549336 0.813769 0.549336 0.813769 0.542545 0.720336 0.542545
3 0.720336 0.542545 0.714067 0.542545 0.706591 0.549336 0.720336 0.549336
3 0.706591 0.549336 0.706591 0.409710 0.714067 0.409710 0.714067 0.542545
2 0.706591 0.509284 0.706591 0.474946 0.714067 0.474946 0.714067 0.509284
3 0.714067 0.416501 0.813769 0.416501 0.813769 0.409710 0.706591 0.409710
3 0.538041 0.420866 0.663350 0.420866 0.655874 0.414076 0.538041 0.414076
3 0.663350 0.420866 0.663350 0.217556 0.655874 0.217556 0.655874 0.414076
2 0.663350 0.409904 0.663350 0.373476 0.655874 0.373476 0.655874 0.409904
3 0.706591 0.409710 0.706591 0.381004 0.714067 0.376148 0.714067 0.409710
3 0.706591 0.381004 0.655874 0.365234 0.658299 0.358812 0.714067 0.376148
2 0.703659 0.380092 0.665342 0.368179 0.667761 0.361757 0.706078 0.373665
3 0.538041 0.488145 0.624756 0.488145 0.617280 0.481354 0.538041 0.481354
2 0.573629 0.488145 0.614022 0.488145 0.614022 0.481354 0.573629 0.481354
3 0.624756 0.488145 0.624756 0.420866 0.617280 0.420866 0.617280 0.481354
3 0.624756 0.461942 0.655874 0.461942 0.663350 0.455151 0.624756 0.455151
3 0.655874 0.461942 0.655874 0.555729 0.663350 0.562520 0.663350 0.455151
2 0.655874 0.489624 0.655874 0.527561 0.663350 0.527561 0.663350 0.489624
3 0.655874 0.555729 0.538041 0.555729 0.538041 0.562520 0.663350 0.562520
