0 0.622949 0.720474 0.033778 0.720474 0.033778 0.298492 0.622949 0.298492
0 0.622949 0.724121 0.786782 0.724121 0.786782 0.887237 0.033778 0.887237 0.033778 0.720474 0.622949 0.720474
0 0.035442 0.279183 0.035442 0.115649 0.621285 0.115649 0.621285 0.279183 0.035442 0.279183 0.035442 0.279183
0 0.971713 0.539047 0.649572 0.539047 0.649572 0.298492 0.971713 0.298492
0 0.971713 0.711248 0.649572 0.711248 0.649572 0.550846 0.971713 0.550846
0 0.971713 0.887237 0.806749 0.887237 0.806749 0.724121 0.971713 0.724121
3 0.033778 0.298492 0.971713 0.298492 1.000000 0.279183 0.007155 0.279183
1 0.108456 0.298492 0.460947 0.298492 0.460947 0.279183 0.108456 0.279183
2 0.468701 0.298492 0.608406 0.298492 0.608406 0.279183 0.468701 0.279183
1 0.653682 0.298492 0.856767 0.298492 0.856767 0.279183 0.653682 0.279183
3 1.000000 0.279183 1.000000 0.905473 0.971713 0.887237 0.971713 0.298492
3 1.000000 0.905473 0.007155 0.905473 0.033778 0.887237 0.971713 0.887237
2 0.612583 0.905473 0.465956 0.905473 0.465956 0.887237 0.612583 0.887237
3 0.033778 0.887237 0.033778 0.298492 0.007155 0.279183 0.007155 0.905473
3 0.649572 0.279183 0.649572 0.711248 0.622949 0.724121 0.622949 0.279183
2 0.649572 0.386776 0.649572 0.471627 0.622949 0.471627 0.622949 0.386776
3 0.622949 0.724121 1.000000 0.724121 1.000000 0.711248 0.649572 0.711248
2 0.658974 0.724121 0.777164 0.724121 0.777164 0.711248 0.658974 0.711248
3 0.806749 0.711248 0.806749 0.905473 0.786782 0.905473 0.786782 0.711248
2 0.806749 0.804520 0.806749 0.880243 0.786782 0.880243 0.786782 0.804520
3 0.622949 0.539047 1.000000 0.539047 1.000000 0.550846 0.622949 0.550846
3 0.007155 0.279183 0.007155 0.115649 0.035442 0.115649 0.035442 0.279183
3 0.649572 0.279183 0.649572 0.115649 0.621285 0.115649 0.621285 0.279183
