0 0.115102 0.454653 0.069269 0.454653 0.069269 0.357685 0.115102 0.357685
0 0.115102 0.570516 0.069269 0.570516 0.069269 0.463110 0.115102 0.463110
0 0.310021 0.782340 0.309974 0.782615 0.309974 0.877511 0.264697 0.877511 0.264697 0.738832 0.294082 0.738832
0 0.260557 0.875185 0.212253 0.875185 0.212253 0.738832 0.260557 0.738832
0 0.129689 0.876813 0.069269 0.876813 0.069269 0.738832 0.129689 0.738832
0 0.208901 0.869589 0.133041 0.869589 0.133041 0.738832 0.208901 0.738832
0 0.238175 0.549957 0.118685 0.549957 0.118685 0.357685 0.238175 0.357685
0 0.223525 0.730375 0.069269 0.730375 0.069269 0.578974 0.118453 0.578974 0.118453 0.558535 0.223525 0.558535
0 0.235694 0.897175 0.235694 0.999612 0.368216 0.999612 0.368247 0.897175 0.235694 0.897175 0.235694 0.897175
0 0.061728 0.786569 0.020406 0.786569 0.020406 0.338655 0.020406 0.146340 0.197062 0.146206 0.238415 0.044178 0.301634 0.016570 0.368375 0.046933 0.409477 0.150146 0.482334 0.151027 0.482329 0.338655 0.369707 0.338655 0.369707 0.143556 0.235993 0.143556 0.235993 0.338655 0.061728 0.338655 0.061728 0.786569 0.061728 0.786569
0 0.475346 0.560860 0.362295 0.560860 0.362295 0.357685 0.475346 0.357685
0 0.475346 0.877511 0.370548 0.877511 0.370548 0.560860 0.475346 0.560860
0 0.370548 0.877511 0.370509 0.877511 0.370509 0.700011 0.367157 0.700011 0.367157 0.877511 0.313325 0.877511 0.313325 0.779324 0.295556 0.730375 0.226877 0.730375 0.226877 0.561135 0.370548 0.561135
0 0.362166 0.357685 0.362295 0.357685 0.362295 0.560860 0.370548 0.560860 0.370548 0.561135 0.226877 0.561135 0.226877 0.558535 0.241755 0.558535 0.241755 0.357685 0.243534 0.357685 0.243534 0.162586 0.362166 0.162586
3 0.475346 0.357685 0.475346 0.877511 0.482329 0.897175 0.482329 0.338655
1 0.475346 0.393609 0.475346 0.452580 0.482329 0.452580 0.482329 0.393609
1 0.475346 0.466465 0.475346 0.522913 0.482329 0.522913 0.482329 0.466465
1 0.475346 0.522730 0.475346 0.554834 0.482329 0.554834 0.482329 0.522730
1 0.475346 0.714826 0.475346 0.775074 0.482329 0.775074 0.482329 0.714826
3 0.069269 0.876813 0.069269 0.357685 0.061728 0.338655 0.061728 0.897175
2 0.069269 0.669803 0.069269 0.613052 0.061728 0.613052 0.061728 0.669803
2 0.069269 0.435552 0.069269 0.381747 0.061728 0.381747 0.061728 0.435552
1 0.069269 0.541027 0.069269 0.507422 0.061728 0.507422 0.061728 0.541027
3 0.069269 0.357685 0.243534 0.357685 0.235993 0.338655 0.061728 0.338655
2 0.201785 0.357685 0.224500 0.357685 0.224500 0.338655 0.201785 0.338655
1 0.174103 0.357685 0.198201 0.357685 0.198201 0.338655 0.174103 0.338655
1 0.146506 0.357685 0.170277 0.357685 0.170277 0.338655 0.146506 0.338655
3 0.243534 0.357685 0.243534 0.162586 0.235993 0.143556 0.235993 0.338655
1 0.243534 0.264304 0.243534 0.204071 0.235993 0.204071 0.235993 0.264304
1 0.243534 0.292976 0.243534 0.264304 0.235993 0.264304 0.235993 0.292976
3 0.243534 0.162586 0.362166 0.162586 0.369707 0.143556 0.235993 0.143556
1 0.257466 0.162586 0.299274 0.162586 0.299274 0.143556 0.257466 0.143556
1 0.305349 0.162586 0.347727 0.162586 0.347727 0.143556 0.305349 0.143556
3 0.362166 0.162586 0.362166 0.357685 0.369707 0.338655 0.369707 0.143556
1 0.362166 0.207137 0.362166 0.235992 0.369707 0.235992 0.369707 0.207137
1 0.362166 0.235992 0.362166 0.263219 0.369707 0.263219 0.369707 0.235992
1 0.362166 0.263219 0.362166 0.292433 0.369707 0.292433 0.369707 0.263219
3 0.362166 0.357685 0.475346 0.357685 0.482329 0.338655 0.369707 0.338655
2 0.380600 0.357685 0.402754 0.357685 0.402754 0.338655 0.380600 0.338655
1 0.408329 0.357685 0.430268 0.357685 0.430268 0.338655 0.408329 0.338655
1 0.434558 0.357685 0.458139 0.357685 0.458139 0.338655 0.434558 0.338655
3 0.238175 0.338655 0.238175 0.549957 0.241755 0.558535 0.241755 0.338655
2 0.238175 0.404266 0.238175 0.459678 0.241755 0.459678 0.241755 0.404266
3 0.238175 0.549957 0.115102 0.549957 0.118453 0.558535 0.241755 0.558535
3 0.118685 0.549957 0.118685 0.338655 0.115102 0.338655 0.115102 0.558535
3 0.118685 0.454653 0.061728 0.454653 0.061728 0.463110 0.118685 0.463110
3 0.115102 0.549957 0.115102 0.570516 0.118453 0.578974 0.118453 0.558535
3 0.115102 0.570516 0.061728 0.570516 0.061728 0.578974 0.118453 0.578974
2 0.098416 0.570516 0.072241 0.570516 0.072241 0.578974 0.098416 0.578974
3 0.367157 0.700011 0.367157 0.897175 0.370509 0.897175 0.370509 0.700011
3 0.371243 0.612502 0.371243 0.561135 0.366599 0.571334 0.366599 0.612502
3 0.371243 0.561135 0.290258 0.561135 0.290258 0.571334 0.366599 0.571334
3 0.223525 0.549957 0.223525 0.738832 0.226877 0.730375 0.226877 0.549957
2 0.223525 0.618176 0.223525 0.675301 0.226877 0.675301 0.226877 0.618176
3 0.223525 0.730375 0.061728 0.730375 0.061728 0.738832 0.226877 0.738832
2 0.175958 0.730375 0.153360 0.730375 0.153360 0.738832 0.175958 0.738832
3 0.129689 0.730375 0.129689 0.876813 0.133041 0.897175 0.133041 0.730375
2 0.129689 0.755367 0.129689 0.800271 0.133041 0.800271 0.133041 0.755367
3 0.208901 0.730375 0.208901 0.897175 0.212253 0.897175 0.212253 0.730375
3 0.223525 0.738832 0.294082 0.738832 0.295556 0.730375 0.226877 0.730375
2 0.266110 0.738832 0.290627 0.738832 0.290627 0.730375 0.266110 0.730375
2 0.228611 0.738832 0.250659 0.738832 0.250659 0.730375 0.228611 0.730375
3 0.294082 0.738832 0.309974 0.782615 0.313325 0.779324 0.295556 0.730375
1 0.294738 0.740637 0.309834 0.782235 0.312306 0.776519 0.297210 0.734928
3 0.309974 0.782615 0.309974 0.897175 0.313325 0.897175 0.313325 0.779324
3 0.260557 0.730375 0.260557 0.897175 0.264697 0.897175 0.264697 0.730375
3 0.061728 0.338655 0.061728 0.321366 0.065079 0.321366 0.065079 0.338655
3 0.061728 0.878145 0.061728 0.908177 0.065079 0.908177 0.065079 0.878145
3 0.069269 0.897175 0.056256 0.897175 0.056256 0.888717 0.069269 0.888717
3 0.482329 0.878145 0.482329 0.910841 0.478977 0.910841 0.478977 0.878145
3 0.475346 0.897175 0.486703 0.897175 0.486703 0.888717 0.475346 0.888717
3 0.482329 0.338655 0.482329 0.323684 0.478977 0.323684 0.478977 0.338655
3 0.482329 0.897175 0.260557 0.897175 0.260557 0.877511 0.475346 0.877511
2 0.290498 0.897175 0.266278 0.897175 0.266278 0.877511 0.290498 0.877511
1 0.304784 0.897175 0.292397 0.897175 0.292397 0.877511 0.304784 0.877511
1 0.347458 0.897175 0.323280 0.897175 0.323280 0.877511 0.347458 0.877511
1 0.441716 0.897175 0.415398 0.897175 0.415398 0.877511 0.441716 0.877511
1 0.415398 0.897175 0.405173 0.897175 0.405173 0.877511 0.415398 0.877511
3 0.133041 0.897175 0.061728 0.897175 0.069269 0.876813 0.133041 0.876813
1 0.117883 0.897175 0.085220 0.897175 0.085220 0.876813 0.117883 0.876813
3 0.260557 0.897175 0.208901 0.897175 0.208901 0.875185 0.260557 0.875185
1 0.227072 0.897175 0.216043 0.897175 0.216043 0.875185 0.227072 0.875185
3 0.208901 0.897175 0.133041 0.897175 0.133041 0.869589 0.208901 0.869589
1 0.182787 0.897175 0.158438 0.897175 0.158438 0.869589 0.182787 0.869589
0 0.755614 0.454709 0.713348 0.454709 0.713052 0.453898 0.713052 0.357205 0.755614 0.357205
0 0.827332 0.700610 0.827332 0.801293 0.753983 0.801293 0.753983 0.699913
0 0.992738 0.563722 0.884167 0.563722 0.884167 0.357205 0.992738 0.356599
0 0.708862 0.458127 0.708831 0.458275 0.683974 0.520919 0.587465 0.520919 0.587465 0.357205 0.708862 0.357205
0 0.992738 0.801293 0.888691 0.801293 0.888691 0.571996 0.992738 0.571996
0 0.750584 0.701012 0.750584 0.801293 0.587465 0.801293 0.587465 0.531491 0.685228 0.531491
0 0.880863 0.571996 0.883686 0.571996 0.883686 0.876376 0.832787 0.876376 0.832787 0.801293 0.831061 0.801293 0.831061 0.691046 0.752307 0.690313 0.688557 0.524753 0.688471 0.524379 0.711842 0.465281 0.759803 0.465281 0.759803 0.164052 0.880863 0.164052
0 0.580203 0.349452 0.542110 0.349452 0.542110 0.781664 0.580203 0.781664 0.580203 0.349452 0.580203 0.349452
3 0.992738 0.356599 0.992738 0.801293 1.000000 0.819618 1.000000 0.338239
1 0.992738 0.446491 0.992738 0.508373 1.000000 0.508373 1.000000 0.446491
1 0.992738 0.508373 0.992738 0.539942 1.000000 0.539942 1.000000 0.508373
1 0.992738 0.599801 0.992738 0.664968 1.000000 0.664968 1.000000 0.599801
1 0.992738 0.664461 0.992738 0.688960 1.000000 0.688960 1.000000 0.664461
3 0.992738 0.801293 0.883686 0.801293 0.890948 0.819618 1.000000 0.819618
3 0.883686 0.801293 0.883686 0.876376 0.890948 0.894701 0.890948 0.819618
3 0.883686 0.876376 0.832787 0.876376 0.825525 0.894701 0.890948 0.894701
3 0.832787 0.876376 0.832787 0.801293 0.825525 0.819618 0.825525 0.894701
3 0.832787 0.801293 0.587465 0.801293 0.580203 0.819618 0.825525 0.819618
3 0.587465 0.801293 0.587465 0.357205 0.580203 0.338880 0.580203 0.819618
2 0.587465 0.589271 0.587465 0.535431 0.580203 0.535431 0.580203 0.589271
1 0.587465 0.611670 0.587465 0.595382 0.580203 0.595382 0.580203 0.611670
1 0.587465 0.667999 0.587465 0.611670 0.580203 0.611670 0.580203 0.667999
1 0.587465 0.695367 0.587465 0.667999 0.580203 0.667999 0.580203 0.695367
1 0.587465 0.451918 0.587465 0.425036 0.580203 0.425036 0.580203 0.451918
1 0.587465 0.515435 0.587465 0.451918 0.580203 0.451918 0.580203 0.515435
3 0.587465 0.357205 0.759803 0.357205 0.752542 0.338880 0.580203 0.338880
3 0.759803 0.357205 0.759803 0.164052 0.752542 0.145727 0.752542 0.338880
3 0.759803 0.164052 0.880863 0.164052 0.888124 0.145727 0.752542 0.145727
1 0.822707 0.164052 0.864895 0.164052 0.864895 0.145727 0.822707 0.145727
1 0.775148 0.164052 0.817532 0.164052 0.817532 0.145727 0.775148 0.145727
3 0.880863 0.164052 0.880863 0.357205 0.888124 0.338845 0.888124 0.145727
3 0.880863 0.357205 0.992738 0.356599 1.000000 0.338239 0.888124 0.338845
3 0.880863 0.356599 0.880863 0.571996 0.884167 0.563722 0.884167 0.356599
2 0.880863 0.501840 0.880863 0.557618 0.884167 0.557618 0.884167 0.501840
3 0.880863 0.571996 1.000000 0.571996 1.000000 0.563722 0.884167 0.563722
3 0.883686 0.801293 0.883826 0.564575 0.888831 0.564596 0.888691 0.801314
2 0.883787 0.632885 0.883820 0.575281 0.888825 0.575302 0.888792 0.632906
3 0.827332 0.801293 0.827332 0.700610 0.831061 0.691046 0.831061 0.801293
3 0.827332 0.700610 0.751564 0.699913 0.751578 0.690313 0.831061 0.691046
2 0.801531 0.700610 0.782541 0.700610 0.782541 0.691011 0.801531 0.691011
3 0.759803 0.357205 0.759803 0.465281 0.755614 0.454709 0.755614 0.357205
3 0.755614 0.454709 0.713052 0.454709 0.708862 0.465281 0.759803 0.465281
2 0.752408 0.454709 0.732745 0.454709 0.732745 0.465281 0.752408 0.465281
3 0.713052 0.454709 0.713052 0.338880 0.708862 0.338880 0.708862 0.465281
3 0.753983 0.694669 0.753983 0.819618 0.750584 0.819618 0.750584 0.701012
3 0.753983 0.694669 0.688557 0.524753 0.681240 0.520919 0.750584 0.701012
2 0.734329 0.643626 0.719040 0.603917 0.716035 0.611290 0.731323 0.650992
3 0.687080 0.520919 0.587465 0.520919 0.587465 0.531491 0.685309 0.531491
3 0.688381 0.524753 0.714744 0.458275 0.711784 0.450797 0.683974 0.520919
2 0.691272 0.517465 0.707527 0.476473 0.704567 0.468995 0.688311 0.509987
