0 0.384922 0.769463 0.315524 0.769463 0.315524 0.698728 0.384922 0.698728
0 0.267841 0.518179 0.176104 0.518179 0.176104 0.462569 0.267841 0.462569
0 0.172422 0.880317 0.060611 0.880317 0.060611 0.724816 0.062531 0.724816 0.062531 0.669465 0.172422 0.669465
0 0.169327 0.518179 0.022091 0.518179 0.022091 0.084646 0.169327 0.084646
0 0.798087 0.769463 0.497155 0.769463 0.497155 0.500097 0.798087 0.500097
0 0.360655 0.096574 0.378146 0.096574 0.378146 0.518179 0.274617 0.518179 0.274617 0.452818 0.176104 0.452818 0.176104 0.084646 0.360655 0.084646
0 0.798087 0.302095 0.806437 0.302095 0.806437 0.405528 0.798087 0.405528 0.798087 0.490347 0.384922 0.490347 0.384922 0.084646 0.798087 0.084646
0 0.490378 0.688978 0.308748 0.688978 0.308748 0.880317 0.179198 0.880317 0.179198 0.698728 0.217357 0.698728 0.217357 0.690061 0.179198 0.690061 0.179198 0.659715 0.062531 0.659715 0.062531 0.527930 0.055755 0.527930 0.055755 0.659715 0.022091 0.659715 0.022091 0.527930 0.384922 0.527930 0.384922 0.520682 0.490378 0.520682
0 0.930829 0.075058 0.825946 0.075058 0.825946 0.302095 0.819267 0.302095 0.819267 0.405528 0.825946 0.405528 0.825946 0.415831 0.930829 0.415831 0.930829 0.075058 0.930829 0.075058
3 0.022091 0.084646 0.798087 0.084646 0.825946 0.044560 0.008636 0.044560
1 0.385811 0.084646 0.486802 0.084646 0.486802 0.044560 0.385811 0.044560
1 0.224216 0.084646 0.326314 0.084646 0.326314 0.044560 0.224216 0.044560
1 0.065934 0.084646 0.167663 0.084646 0.167663 0.044560 0.065934 0.044560
3 0.798087 0.084646 0.798087 0.302095 0.825946 0.302095 0.825946 0.044560
1 0.798087 0.083357 0.798087 0.299712 0.825946 0.299712 0.825946 0.083357
3 0.806437 0.302095 0.806437 0.405528 0.819267 0.405528 0.819267 0.302095
2 0.806437 0.307967 0.806437 0.397153 0.819267 0.397153 0.819267 0.307967
3 0.798087 0.405528 0.798087 0.769463 0.825946 0.791131 0.825946 0.405528
1 0.798087 0.576347 0.798087 0.721674 0.825946 0.721674 0.825946 0.576347
3 0.798087 0.769463 0.308748 0.769463 0.325312 0.791131 0.825946 0.791131
3 0.308748 0.769463 0.308748 0.880317 0.325312 0.904152 0.325312 0.791131
3 0.308748 0.880317 0.022091 0.880317 0.008636 0.904152 0.325312 0.904152
2 0.300842 0.880317 0.234230 0.880317 0.234230 0.904152 0.300842 0.904152
3 0.022091 0.880317 0.022091 0.084646 0.008636 0.044560 0.008636 0.904152
3 0.009291 0.527930 0.384922 0.527930 0.378146 0.518179 0.009291 0.518179
2 0.299592 0.527930 0.362041 0.527930 0.362041 0.518179 0.299592 0.518179
2 0.079322 0.527930 0.125198 0.527930 0.125198 0.518179 0.079322 0.518179
3 0.384922 0.527930 0.384922 0.096574 0.378146 0.096574 0.378146 0.518179
3 0.384922 0.096574 0.384922 0.044560 0.360655 0.044560 0.360655 0.096574
3 0.176104 0.518179 0.176104 0.044560 0.169327 0.044560 0.169327 0.518179
3 0.169327 0.462569 0.267841 0.462569 0.274617 0.452818 0.169327 0.452818
2 0.182187 0.462569 0.216747 0.462569 0.216747 0.452818 0.182187 0.452818
2 0.225489 0.462569 0.262540 0.462569 0.262540 0.452818 0.225489 0.452818
3 0.267841 0.462569 0.267841 0.527930 0.274617 0.527930 0.274617 0.452818
3 0.497155 0.791131 0.497155 0.490347 0.490378 0.520682 0.490378 0.791131
2 0.497155 0.644731 0.497155 0.555806 0.490378 0.555806 0.490378 0.644731
3 0.497155 0.500097 0.825946 0.500097 0.825946 0.490347 0.497155 0.490347
3 0.308748 0.769463 0.308748 0.688978 0.315524 0.698728 0.315524 0.769463
2 0.308748 0.755206 0.308748 0.701892 0.315524 0.701892 0.315524 0.755206
3 0.308748 0.688978 0.497155 0.688978 0.497155 0.698728 0.315524 0.698728
3 0.384922 0.698728 0.384922 0.769463 0.491289 0.769463 0.491289 0.698728
3 0.015315 0.669465 0.172422 0.669465 0.179198 0.659715 0.015315 0.659715
2 0.124317 0.669465 0.168454 0.669465 0.168454 0.659715 0.124317 0.659715
3 0.172422 0.669465 0.172422 0.904152 0.179198 0.904152 0.179198 0.659715
3 0.022144 0.669465 0.022144 0.880317 0.060611 0.880317 0.060611 0.669465
3 0.062531 0.724816 0.062531 0.527930 0.055755 0.527930 0.055755 0.669465
2 0.062531 0.587474 0.062531 0.535351 0.055755 0.535351 0.055755 0.587474
2 0.062531 0.649780 0.062531 0.598860 0.055755 0.598860 0.055755 0.649780
3 0.055755 0.669465 0.022144 0.669465 0.022144 0.724816 0.062531 0.724816
3 0.179198 0.698728 0.217357 0.698728 0.217357 0.690061 0.179198 0.690061
3 0.497155 0.490347 0.384922 0.490347 0.384922 0.520682 0.490378 0.520682
2 0.485093 0.490347 0.391593 0.490347 0.391593 0.520682 0.485093 0.520682
