0 0.360706 0.873338 0.201330 0.873338 0.201330 0.683831 0.360706 0.683831
0 0.710785 0.668456 0.487674 0.668456 0.487674 0.222396 0.710785 0.222396
0 0.477512 0.668456 0.091231 0.668456 0.091231 0.222396 0.477512 0.222396
0 0.984757 0.873338 0.761824 0.873338 0.761824 0.797258 0.719253 0.797258 0.719253 0.222396 0.984757 0.222396
0 0.710785 0.797450 0.719253 0.797450 0.719253 0.797258 0.761824 0.797258 0.761824 0.873338 0.370868 0.873338 0.370868 0.683831 0.710785 0.683831
3 0.091231 0.222396 0.984757 0.222396 1.000000 0.176272 0.076834 0.176272
1 0.132599 0.222396 0.475183 0.222396 0.475183 0.176272 0.132599 0.176272
1 0.542643 0.222396 0.663708 0.222396 0.663708 0.176272 0.542643 0.176272
1 0.728179 0.222396 0.950061 0.222396 0.950061 0.176272 0.728179 0.176272
3 1.000000 0.176272 1.000000 0.896400 0.984757 0.873338 0.984757 0.222396
3 1.000000 0.896400 0.186933 0.896400 0.201330 0.873338 0.984757 0.873338
2 0.618639 0.896400 0.550163 0.896400 0.550163 0.873338 0.618639 0.873338
3 0.186933 0.896400 0.186933 0.705612 0.201330 0.668456 0.201330 0.873338
3 0.186933 0.705612 0.076834 0.705612 0.091231 0.668456 0.201330 0.668456
3 0.091231 0.668456 0.091231 0.222396 0.076834 0.176272 0.076834 0.705612
3 0.719253 0.797450 0.719253 0.176272 0.710785 0.176272 0.710785 0.797450
2 0.719253 0.781320 0.719253 0.688969 0.710785 0.688969 0.710785 0.781320
3 0.201330 0.668456 0.719253 0.668456 0.719253 0.683831 0.201330 0.683831
2 0.397104 0.668456 0.469729 0.668456 0.469729 0.683831 0.397104 0.683831
2 0.374213 0.668456 0.396562 0.668456 0.396562 0.683831 0.374213 0.683831
2 0.544193 0.668456 0.604310 0.668456 0.604310 0.683831 0.544193 0.683831
3 0.370868 0.896400 0.370868 0.668456 0.360706 0.668456 0.360706 0.896400
2 0.370868 0.816874 0.370868 0.749930 0.360706 0.749930 0.360706 0.816874
3 0.487674 0.683831 0.487674 0.176272 0.477512 0.176272 0.477512 0.683831
