0 0.856365 0.902525 0.732924 0.902525 0.732924 0.768123 0.856365 0.768123
0 0.863407 0.758780 0.630547 0.758780 0.630547 0.628084 0.863407 0.628084
0 0.863407 0.621077 0.630547 0.621077 0.630547 0.573920 0.620267 0.573920 0.620267 0.439658 0.863407 0.439658
0 0.620267 0.765009 0.714421 0.765320 0.714421 0.909859 0.472617 0.909859 0.472617 0.764269
0 0.863407 0.439658 0.620267 0.439658 0.620267 0.765009 0.472617 0.764269 0.472617 0.909859 0.252844 0.909859 0.252844 0.439580 0.863407 0.439580
0 0.251816 0.413109 0.251816 0.321068 0.248537 0.321123 0.248537 0.279159 0.481345 0.279159 0.547866 0.321411 0.548144 0.413109 0.251816 0.413109 0.251816 0.413109
3 0.252844 0.439580 0.863407 0.439580 0.882939 0.413109 0.233312 0.413109
2 0.419779 0.439580 0.511897 0.439580 0.511897 0.413109 0.419779 0.413109
1 0.284290 0.439580 0.416798 0.439580 0.416798 0.413109 0.284290 0.413109
1 0.601578 0.439580 0.790574 0.439580 0.790574 0.413109 0.601578 0.413109
3 0.252844 0.909859 0.252844 0.439580 0.233312 0.413109 0.233312 0.924651
3 0.732924 0.909859 0.732924 0.768123 0.714421 0.758780 0.714421 0.924651
3 0.732924 0.758780 0.630547 0.758780 0.620267 0.765009 0.714421 0.765009
2 0.709990 0.758780 0.635790 0.758780 0.635790 0.765009 0.709990 0.765009
3 0.630547 0.758780 0.630547 0.573920 0.620267 0.573920 0.620267 0.765009
3 0.882939 0.628084 0.620267 0.628084 0.620267 0.621077 0.882939 0.621077
3 0.714421 0.758780 0.856365 0.758780 0.856365 0.768123 0.732924 0.768123
2 0.736060 0.758780 0.802457 0.758780 0.802457 0.768123 0.736060 0.768123
3 0.882939 0.924651 0.732924 0.924651 0.732924 0.902525 0.856365 0.902525
3 0.732924 0.924651 0.233312 0.924651 0.252844 0.909859 0.732924 0.909859
2 0.671615 0.924651 0.572126 0.924651 0.572126 0.909859 0.671615 0.909859
3 0.882939 0.413109 0.882939 0.758780 0.863407 0.758780 0.863407 0.439580
3 0.882939 0.758780 0.882939 0.924651 0.856365 0.902525 0.856365 0.758780
3 0.568703 0.413109 0.568703 0.319426 0.548144 0.319426 0.548144 0.413109
3 0.233312 0.413109 0.233312 0.321068 0.251816 0.321068 0.251816 0.413109
