0 0.974283 0.743378 0.974283 0.956118 0.193229 0.956118 0.193491 0.743221 0.207909 0.743221 0.207909 0.117458 0.349311 0.117458 0.348813 0.742977 0.363231 0.742977 0.363231 0.716218 0.960219 0.716218 0.959865 0.743378 0.974283 0.743378 0.974283 0.743378
0 0.959865 0.700226 0.630359 0.700226 0.630359 0.429989 0.666457 0.429989 0.666457 0.298328 0.626886 0.298328 0.626886 0.118274 0.959865 0.118274
0 0.612468 0.411405 0.467474 0.412021 0.467500 0.414784 0.363231 0.414784 0.363231 0.118274 0.612468 0.118274
0 0.612468 0.568622 0.615941 0.568622 0.615941 0.700226 0.363231 0.700226 0.363231 0.430533 0.467527 0.430533 0.612468 0.429989
3 0.169478 0.102526 0.999515 0.102526 0.999515 0.118274 0.169478 0.118274
1 0.418440 0.102526 0.552777 0.102526 0.552777 0.118274 0.418440 0.118274
1 0.670743 0.102526 0.773243 0.102526 0.773243 0.118274 0.670743 0.118274
3 0.959865 0.074951 0.959865 0.743378 0.974283 0.743378 0.974283 0.074951
1 0.959865 0.617945 0.959865 0.669802 0.974283 0.669802 0.974283 0.617945
1 0.959865 0.574092 0.959865 0.617945 0.974283 0.617945 0.974283 0.574092
1 0.959865 0.529078 0.959865 0.574092 0.974283 0.574092 0.974283 0.529078
1 0.959865 0.484996 0.959865 0.529078 0.974283 0.529078 0.974283 0.484996
1 0.959865 0.431721 0.959865 0.484996 0.974283 0.484996 0.974283 0.431721
3 0.348813 0.742977 0.348813 0.075924 0.363231 0.075924 0.363231 0.742977
2 0.348813 0.558915 0.348813 0.459196 0.363231 0.459196 0.363231 0.558915
2 0.348813 0.388483 0.348813 0.289480 0.363231 0.289480 0.363231 0.388483
3 0.193491 0.075767 0.193491 0.743221 0.207909 0.743221 0.207909 0.075767
3 0.169203 0.715975 0.227531 0.715975 0.227531 0.700226 0.169203 0.700226
2 0.655814 0.715975 0.760804 0.715975 0.760804 0.700226 0.655814 0.700226
1 0.418675 0.715975 0.466360 0.715975 0.466360 0.700226 0.418675 0.700226
1 0.466360 0.715975 0.506718 0.715975 0.506718 0.700226 0.466360 0.700226
1 0.506927 0.715975 0.554625 0.715975 0.554625 0.700226 0.506927 0.700226
1 0.804740 0.715975 0.852215 0.715975 0.852215 0.700226 0.804740 0.700226
1 0.852424 0.715975 0.895587 0.715975 0.895587 0.700226 0.852424 0.700226
1 0.895587 0.715975 0.941764 0.715975 0.941764 0.700226 0.895587 0.700226
3 0.630359 0.715975 0.630359 0.568622 0.615941 0.568622 0.615941 0.715975
3 0.630359 0.568622 0.630359 0.411405 0.612468 0.429989 0.612468 0.568622
3 0.467527 0.430533 0.348813 0.430533 0.348813 0.414784 0.467500 0.414784
3 0.612468 0.429989 0.612468 0.298328 0.666457 0.298328 0.666457 0.429989
3 0.612468 0.298328 0.612468 0.102526 0.626886 0.102526 0.626886 0.298328
3 0.612468 0.429989 0.467527 0.430533 0.467474 0.412021 0.630359 0.411405
3 0.348813 0.430533 0.322572 0.430533 0.322572 0.414784 0.348813 0.414784
3 0.193491 0.927311 0.193491 1.000000 0.207909 1.000000 0.207909 0.927311
3 0.974283 0.927498 0.974283 0.999542 0.959865 0.999542 0.959865 0.927498
3 0.167394 0.972296 0.999620 0.972296 0.999620 0.956547 0.167394 0.956547
3 0.612468 0.102526 0.612468 0.075180 0.626886 0.075180 0.626886 0.102526
3 0.615941 0.715975 0.615941 0.743607 0.630359 0.743607 0.630359 0.715975
