0 0.199602 0.980050 0.101813 0.980050 0.101813 0.297255 0.199602 0.297255 0.199602 0.980050 0.199602 0.980050
0 0.545469 0.285705 0.641756 0.285705 0.641756 0.085533 0.545469 0.085533 0.545469 0.285705 0.545469 0.285705
0 0.446312 0.650108 0.446940 0.650108 0.446940 0.765629 0.217170 0.765629 0.217170 0.340305 0.446312 0.340305
0 0.386778 0.774029 0.446461 0.774029 0.446461 0.980050 0.217170 0.980050 0.217170 0.765629 0.386778 0.765629
0 0.922931 0.755423 0.988629 0.755423 0.988629 0.980050 0.838611 0.980050 0.838611 0.765178 0.684488 0.765178 0.684382 0.765629 0.446940 0.765629 0.446940 0.650108 0.870478 0.650108 0.870478 0.648901
0 0.657019 0.474947 0.689231 0.474947 0.689231 0.640658 0.451103 0.640658 0.451103 0.340305 0.657019 0.340305
0 0.865686 0.640658 0.694023 0.640658 0.694023 0.465497 0.661810 0.465497 0.661810 0.340305 0.865686 0.340305
0 0.988629 0.745973 0.924964 0.745973 0.870478 0.635062 0.870478 0.340305 0.988629 0.340305
0 0.684488 0.980050 0.684456 0.980050 0.684456 0.875848 0.680794 0.875848 0.680794 0.980050 0.520240 0.980050 0.520240 0.774029 0.684488 0.774029
0 0.834352 0.916357 0.831158 0.916357 0.831158 0.980050 0.803901 0.980050 0.803901 0.943615 0.778651 0.943615 0.778651 0.980050 0.766290 0.980050 0.766290 0.773578 0.834352 0.773578
0 0.515981 0.894580 0.496811 0.894580 0.496811 0.980050 0.451151 0.980050 0.451151 0.774029 0.515981 0.774029
0 0.760008 0.969949 0.689705 0.969949 0.689705 0.783143 0.760008 0.783143
3 1.000000 0.285705 0.199602 0.285705 0.217170 0.340305 0.988629 0.340305
2 0.614946 0.285705 0.572550 0.285705 0.572550 0.340305 0.614946 0.340305
1 0.978221 0.285705 0.912928 0.285705 0.912928 0.340305 0.978221 0.340305
1 0.820037 0.285705 0.732139 0.285705 0.732139 0.340305 0.820037 0.340305
1 0.528359 0.285705 0.461575 0.285705 0.461575 0.340305 0.528359 0.340305
3 0.199602 0.285705 0.199602 1.000000 0.217170 0.980050 0.217170 0.340305
2 0.199602 0.601840 0.199602 0.687352 0.217170 0.687352 0.217170 0.601840
1 0.199602 0.361011 0.199602 0.586426 0.217170 0.586426 0.217170 0.361011
1 0.199602 0.702346 0.199602 0.896638 0.217170 0.896638 0.217170 0.702346
3 1.000000 1.000000 1.000000 0.285705 0.988629 0.340305 0.988629 0.980050
3 0.838611 1.000000 0.838611 0.916357 0.831158 0.916357 0.831158 1.000000
3 0.838611 0.916357 0.838611 0.765178 0.834352 0.773578 0.834352 0.916357
3 0.451151 1.000000 0.451151 0.765629 0.446461 0.765629 0.446461 1.000000
3 0.520240 1.000000 0.520240 0.765629 0.515981 0.765629 0.515981 1.000000
3 0.766290 1.000000 0.766290 0.765629 0.760008 0.765629 0.760008 0.980050
3 0.689705 1.000000 0.689705 0.765629 0.684488 0.774029 0.684488 0.980050
2 0.689705 0.872120 0.689705 0.784036 0.684488 0.784036 0.684488 0.872120
3 0.689705 0.765629 0.386778 0.765629 0.386778 0.774029 0.684488 0.774029
2 0.678190 0.765629 0.633233 0.765629 0.633233 0.774029 0.678190 0.774029
2 0.487825 0.765629 0.453722 0.765629 0.453722 0.774029 0.487825 0.774029
3 0.838611 0.765178 0.766290 0.765178 0.766290 0.773578 0.834352 0.773578
2 0.816731 0.765178 0.784523 0.765178 0.784523 0.773578 0.816731 0.773578
3 0.766290 0.765178 0.684488 0.765178 0.689705 0.783143 0.766290 0.783143
3 0.199602 1.000000 0.689705 1.000000 0.689705 0.980050 0.217170 0.980050
3 0.689705 1.000000 0.766290 1.000000 0.766290 0.969949 0.689705 0.969949
3 0.766290 1.000000 1.000000 1.000000 0.988629 0.980050 0.766290 0.980050
2 0.899938 1.000000 0.948574 1.000000 0.948574 0.980050 0.899938 0.980050
3 0.684456 1.000000 0.684456 0.875848 0.680794 0.875848 0.680794 1.000000
3 0.803901 0.980050 0.803901 0.943615 0.778651 0.943615 0.778651 0.980050
3 1.000000 0.745973 0.924964 0.745973 0.922931 0.755423 1.000000 0.755423
3 0.924964 0.745973 0.865686 0.625318 0.865686 0.638894 0.922931 0.755423
2 0.905416 0.706189 0.874587 0.643430 0.871143 0.650003 0.901977 0.712762
3 0.870478 0.635062 0.870478 0.285705 0.865686 0.285705 0.865686 0.635062
3 0.865686 0.640658 0.451103 0.640658 0.446312 0.650108 0.870478 0.650108
2 0.744048 0.640658 0.699091 0.640658 0.699091 0.650108 0.744048 0.650108
2 0.651125 0.640658 0.606019 0.640658 0.606019 0.650108 0.651125 0.650108
3 0.451103 0.640658 0.451103 0.285705 0.446312 0.285705 0.446312 0.650108
3 0.694023 0.650108 0.694023 0.465497 0.689231 0.474947 0.689231 0.650108
3 0.694023 0.465497 0.661810 0.465497 0.657019 0.474947 0.689231 0.474947
3 0.661810 0.465497 0.661810 0.285705 0.657019 0.285705 0.657019 0.474947
3 0.199602 1.000000 0.095957 1.000000 0.095957 0.980050 0.199602 0.980050
3 0.515981 0.980659 0.515981 0.894580 0.496811 0.894580 0.496811 0.980659
