0 0.625743 0.636376 0.666460 0.636376 0.666460 0.849043 0.555502 0.849043 0.555502 0.622272 0.625743 0.622272
0 0.625743 0.622272 0.555502 0.622272 0.107806 0.622272 0.107806 0.165662 0.625743 0.165662
0 0.948216 0.622272 0.635057 0.622272 0.635057 0.509809 0.680702 0.509809 0.680702 0.165662 0.948216 0.165662
0 0.948216 0.773840 0.940128 0.773840 0.940128 0.849043 0.889562 0.849043 0.889562 0.773840 0.880249 0.773840 0.880249 0.849043 0.737663 0.849043 0.737663 0.775168 0.675773 0.775168 0.675773 0.636376 0.948216 0.636376
0 0.545288 0.849043 0.428191 0.849043 0.428191 0.636376 0.545288 0.636376
0 0.728349 0.849043 0.675773 0.849043 0.675773 0.789097 0.728349 0.789097
0 0.672552 0.245025 0.635057 0.245025 0.635057 0.165662 0.672552 0.165662
0 0.672552 0.412497 0.635057 0.412497 0.635057 0.342337 0.672552 0.342337
0 0.672552 0.328232 0.635057 0.328232 0.635057 0.259130 0.672552 0.259130
0 0.672552 0.495704 0.635057 0.495704 0.635057 0.426602 0.672552 0.426602
3 0.107806 0.622272 0.428191 0.622272 0.418101 0.649306 0.051924 0.649306
3 0.428191 0.622272 0.428191 0.849043 0.418101 0.895377 0.418101 0.649306
3 1.000000 0.895377 1.000000 0.139521 0.948216 0.165662 0.948216 0.849043
1 1.000000 0.771548 1.000000 0.643206 0.948216 0.643206 0.948216 0.771548
1 1.000000 0.516614 1.000000 0.266911 0.948216 0.266911 0.948216 0.516614
3 0.107806 0.165662 0.107806 0.622272 0.051924 0.649306 0.051924 0.139521
1 0.107806 0.347097 0.107806 0.594603 0.051924 0.594603 0.051924 0.347097
3 0.666460 0.895377 0.666460 0.622272 0.675773 0.622272 0.675773 0.895377
2 0.666460 0.774287 0.666460 0.681136 0.675773 0.681136 0.675773 0.774287
3 0.428191 0.849043 0.546188 0.849043 0.546188 0.895377 0.418101 0.895377
3 0.546188 0.849043 0.948216 0.849043 1.000000 0.895377 0.546188 0.895377
2 0.595148 0.849043 0.664232 0.849043 0.664232 0.895377 0.595148 0.895377
3 0.428191 0.622272 0.555502 0.622272 0.545288 0.636376 0.428191 0.636376
3 0.545288 0.895377 0.545288 0.636376 0.555502 0.622272 0.555502 0.895377
2 0.545288 0.769773 0.545288 0.696804 0.555502 0.696804 0.555502 0.769773
3 1.000000 0.139521 0.625743 0.139521 0.625743 0.165662 0.948216 0.165662
3 0.625743 0.139521 0.051924 0.139521 0.107806 0.165662 0.625743 0.165662
3 0.635057 0.622272 1.000000 0.622272 1.000000 0.636376 0.625743 0.636376
2 0.708503 0.622272 0.762942 0.622272 0.762942 0.636376 0.708503 0.636376
3 0.666460 0.775168 0.737663 0.775168 0.728349 0.789097 0.666460 0.789097
2 0.680112 0.775168 0.718849 0.775168 0.718849 0.789097 0.680112 0.789097
3 0.737663 0.775168 0.737663 0.895377 0.728349 0.895377 0.728349 0.789097
3 0.625743 0.509809 0.680702 0.509809 0.672552 0.495704 0.635057 0.495704
3 0.635057 0.426602 0.672552 0.426602 0.680702 0.412497 0.625743 0.412497
3 0.625743 0.342337 0.672552 0.342337 0.680702 0.328232 0.635057 0.328232
3 0.625743 0.259130 0.680702 0.259130 0.680702 0.245025 0.625743 0.245025
3 0.625743 0.636376 0.625743 0.495704 0.635057 0.509809 0.635057 0.622272
2 0.625743 0.613150 0.625743 0.519083 0.635057 0.519083 0.635057 0.613150
3 0.680702 0.509809 0.680702 0.412497 0.672552 0.426602 0.672552 0.495704
3 0.625743 0.509809 0.625743 0.412497 0.635057 0.426602 0.635057 0.495704
2 0.625743 0.492483 0.625743 0.431468 0.635057 0.431468 0.635057 0.492483
3 0.680702 0.412497 0.680702 0.328232 0.672552 0.342337 0.672552 0.412497
3 0.680702 0.328232 0.680702 0.139521 0.672552 0.139521 0.672552 0.328232
2 0.680702 0.320533 0.680702 0.264408 0.672552 0.264408 0.672552 0.320533
2 0.680702 0.238231 0.680702 0.179449 0.672552 0.179449 0.672552 0.238231
3 0.625743 0.342337 0.625743 0.139521 0.635057 0.139521 0.635057 0.328232
3 0.625743 0.426602 0.625743 0.328232 0.635057 0.328232 0.635057 0.426602
2 0.625743 0.408677 0.625743 0.348120 0.635057 0.348120 0.635057 0.408677
3 0.889562 0.849043 0.889562 0.773840 0.880249 0.773840 0.880249 0.849043
3 0.940128 0.849043 0.940128 0.773840 0.948216 0.773840 0.948216 0.849043
