0 0.653996 0.763416 0.573779 0.763416 0.573779 0.615961 0.653996 0.615961
0 0.621364 0.768515 0.653996 0.768515 0.653996 0.791397 0.738761 0.791397 0.738761 0.957025 0.621364 0.957025 0.621364 0.868283 0.573779 0.784658 0.573779 0.763416 0.621364 0.763416
0 0.843043 0.604064 0.843043 0.503132 0.742632 0.503132 0.742632 0.604064 0.843043 0.604064
0 0.169342 0.581544 0.250239 0.581544 0.250239 0.548733 0.291744 0.548733 0.291744 0.605887 0.224113 0.605887 0.224113 0.794294 0.197483 0.829791 0.197483 0.915614 0.022574 0.915614 0.022574 0.670468 0.055309 0.670468 0.055309 0.546969 0.078062 0.546969 0.100973 0.520697 0.169342 0.520697
0 0.554034 0.415507 0.293473 0.415507 0.293473 0.056657 0.554034 0.056657
0 0.289219 0.359645 0.204010 0.359645 0.204010 0.343460 0.180448 0.343460 0.180448 0.348134 0.200667 0.348134 0.200667 0.385399 0.169342 0.385399 0.169342 0.415639 0.141654 0.415639 0.141654 0.328079 0.115744 0.328079 0.115744 0.056657 0.289219 0.056657
0 0.819673 0.415507 0.646435 0.415507 0.646435 0.056657 0.819673 0.056657
0 0.994834 0.415507 0.823319 0.415507 0.823319 0.056657 0.994834 0.056657
0 0.642789 0.415507 0.557681 0.415507 0.557681 0.056657 0.642789 0.056657
0 0.615894 0.870956 0.615894 0.957025 0.472484 0.957025 0.472484 0.788040 0.568796 0.788040
0 0.839008 0.784598 0.742632 0.784598 0.742632 0.615961 0.839008 0.615961
0 0.568310 0.780391 0.472484 0.780391 0.472484 0.615961 0.568310 0.615961
0 0.246897 0.576870 0.172685 0.576870 0.172685 0.422863 0.246897 0.422863
0 0.790022 0.957025 0.742632 0.957025 0.742632 0.791397 0.790022 0.791397
0 0.291744 0.915614 0.200825 0.915614 0.200825 0.831792 0.227261 0.796610 0.291744 0.796610
0 0.098755 0.517111 0.095707 0.520697 0.076868 0.542295 0.022574 0.542295 0.022574 0.422731 0.098852 0.422731
0 0.738682 0.784598 0.659769 0.784598 0.659769 0.695406 0.700787 0.695406 0.717329 0.677798 0.738682 0.677798
0 0.291744 0.791936 0.227456 0.791936 0.227456 0.672130 0.291744 0.672130
0 0.291744 0.544059 0.250239 0.544059 0.250239 0.422863 0.291744 0.422863
0 0.141654 0.422863 0.169342 0.422863 0.169342 0.516023 0.101891 0.516023 0.101891 0.422731 0.141654 0.422731
0 0.738682 0.669912 0.716391 0.669912 0.700511 0.686814 0.659769 0.686814 0.659769 0.619263 0.738682 0.619263
0 0.051966 0.665794 0.022574 0.665794 0.022574 0.546969 0.051966 0.546969
0 0.291744 0.667456 0.227456 0.667456 0.227456 0.610561 0.291744 0.610561
0 0.839008 0.873820 0.793973 0.873820 0.793973 0.791397 0.839008 0.791397
0 0.110578 0.135095 0.064419 0.135095 0.064419 0.056657 0.110578 0.056657
0 0.839008 0.916107 0.815650 0.916107 0.815650 0.920781 0.839008 0.920781 0.839008 0.957025 0.793973 0.957025 0.793973 0.879344 0.839008 0.879344
0 0.246897 0.415639 0.204010 0.415639 0.204010 0.364744 0.246897 0.364744
0 0.289219 0.415639 0.250239 0.415639 0.250239 0.364744 0.289219 0.364744
0 0.138616 0.415507 0.115744 0.415507 0.115744 0.355421 0.138616 0.355421
0 0.200667 0.415639 0.172685 0.415639 0.172685 0.390073 0.200667 0.390073
0 0.138616 0.351172 0.115744 0.351172 0.115744 0.332328 0.138616 0.332328
3 0.839008 0.615961 0.839008 0.957025 0.847516 0.963824 0.847516 0.604064
1 0.839008 0.643831 0.839008 0.695924 0.847516 0.695924 0.847516 0.643831
1 0.839008 0.697943 0.839008 0.746922 0.847516 0.746922 0.847516 0.697943
3 0.839008 0.957025 0.472484 0.957025 0.463976 0.963824 0.847516 0.963824
2 0.783100 0.957025 0.757233 0.957025 0.757233 0.963824 0.783100 0.963824
3 0.472484 0.957025 0.472484 0.615961 0.463976 0.604064 0.463976 0.963824
1 0.472484 0.903181 0.472484 0.829621 0.463976 0.829621 0.463976 0.903181
1 0.472484 0.772603 0.472484 0.701703 0.463976 0.701703 0.463976 0.772603
3 0.659769 0.784598 0.659769 0.604064 0.653996 0.615961 0.653996 0.791397
3 0.738761 0.784598 0.738761 0.963824 0.742632 0.963824 0.742632 0.784598
2 0.738761 0.896268 0.738761 0.930260 0.742632 0.930260 0.742632 0.896268
3 0.793973 0.963824 0.793973 0.784598 0.790022 0.784598 0.790022 0.963824
2 0.793973 0.951268 0.793973 0.923857 0.790022 0.923857 0.790022 0.951268
2 0.793973 0.871449 0.793973 0.843439 0.790022 0.843439 0.790022 0.871449
3 0.790022 0.879344 0.847516 0.879344 0.847516 0.873820 0.790022 0.873820
3 0.742632 0.784598 0.742632 0.604064 0.738682 0.604064 0.738682 0.784598
2 0.742632 0.736673 0.742632 0.703590 0.738682 0.703590 0.738682 0.736673
3 0.700787 0.695406 0.717329 0.677798 0.716391 0.669912 0.700511 0.686814
2 0.703923 0.692070 0.717165 0.677972 0.714106 0.672346 0.700860 0.686445
3 0.717329 0.677798 0.742632 0.677798 0.742632 0.669912 0.716391 0.669912
3 0.621364 0.963824 0.621364 0.868283 0.615894 0.870956 0.615894 0.963824
3 0.621364 0.868283 0.573779 0.784658 0.568310 0.787330 0.615894 0.870956
2 0.596636 0.824828 0.582789 0.800494 0.578510 0.805257 0.592357 0.829591
3 0.573779 0.784658 0.573779 0.604064 0.568310 0.604064 0.568310 0.787330
2 0.573779 0.778883 0.573779 0.747300 0.568310 0.747300 0.568310 0.778883
3 0.573779 0.780391 0.463976 0.780391 0.463976 0.788040 0.573779 0.788040
3 0.659769 0.768515 0.621364 0.768515 0.621364 0.763416 0.659769 0.763416
3 0.847516 0.963824 0.847516 0.985286 0.839616 0.985286 0.839616 0.963824
3 0.463976 0.963824 0.463976 0.985286 0.471876 0.985286 0.471876 0.963824
3 0.472484 0.615961 0.659769 0.615961 0.659769 0.604064 0.463976 0.604064
3 0.659769 0.695406 0.700787 0.695406 0.700511 0.686814 0.659769 0.686814
3 0.847516 0.791397 0.742632 0.791397 0.742632 0.784598 0.847516 0.784598
2 0.788227 0.791397 0.766467 0.791397 0.766467 0.784598 0.788227 0.784598
3 0.738761 0.791397 0.653996 0.791397 0.659769 0.784598 0.742632 0.784598
3 0.659769 0.619263 0.742632 0.619263 0.742632 0.604064 0.659769 0.604064
1 0.687025 0.619263 0.706463 0.619263 0.706463 0.604064 0.687025 0.604064
3 0.742632 0.615961 0.839008 0.615961 0.847516 0.604064 0.742632 0.604064
2 0.783359 0.615961 0.803954 0.615961 0.803954 0.604064 0.783359 0.604064
3 0.847516 0.920781 0.815650 0.920781 0.815650 0.916107 0.847516 0.916107
3 0.115744 0.056657 0.994834 0.056657 1.000000 0.049434 0.110578 0.049434
3 1.000000 0.049434 1.000000 0.422731 0.994834 0.415507 0.994834 0.056657
3 1.000000 0.422731 0.296909 0.422731 0.291744 0.415507 0.994834 0.415507
2 0.946323 0.422731 0.925362 0.422731 0.925362 0.415507 0.946323 0.415507
2 0.905943 0.422731 0.826000 0.422731 0.826000 0.415507 0.905943 0.415507
2 0.728436 0.422731 0.649523 0.422731 0.649523 0.415507 0.728436 0.415507
2 0.551795 0.422731 0.473614 0.422731 0.473614 0.415507 0.551795 0.415507
2 0.377500 0.422731 0.309918 0.422731 0.309918 0.415507 0.377500 0.415507
3 0.291744 0.915614 0.022574 0.915614 0.017408 0.922837 0.296909 0.922837
3 0.022574 0.915614 0.022574 0.422731 0.017408 0.415507 0.017408 0.922837
2 0.022574 0.630701 0.022574 0.581327 0.017408 0.581327 0.017408 0.630701
3 0.022574 0.422731 0.115744 0.422731 0.110578 0.415507 0.017408 0.415507
3 0.115744 0.422731 0.115744 0.056657 0.110578 0.049434 0.110578 0.415507
2 0.115744 0.247954 0.115744 0.195878 0.110578 0.195878 0.110578 0.247954
3 0.110578 0.049434 0.059253 0.049434 0.064419 0.056657 0.110578 0.056657
2 0.097804 0.049434 0.076534 0.049434 0.076534 0.056657 0.097804 0.056657
3 0.064419 0.056657 0.064419 0.135095 0.059253 0.142318 0.059253 0.049434
3 0.064419 0.135095 0.115744 0.135095 0.115744 0.142318 0.059253 0.142318
3 0.296909 0.422731 0.296909 0.922837 0.291744 0.915614 0.291744 0.422731
2 0.296909 0.469432 0.296909 0.499176 0.291744 0.499176 0.291744 0.469432
3 0.289219 0.422731 0.289219 0.049434 0.293473 0.049434 0.293473 0.422731
2 0.289219 0.359003 0.289219 0.329315 0.293473 0.329315 0.293473 0.359003
3 0.823319 0.422731 0.823319 0.049434 0.819673 0.049434 0.819673 0.422731
3 0.646435 0.422731 0.646435 0.049434 0.642789 0.049434 0.642789 0.422731
3 0.557681 0.422731 0.557681 0.049434 0.554034 0.049434 0.554034 0.422731
3 0.293473 0.364744 0.200667 0.364744 0.204010 0.359645 0.293473 0.359645
3 0.204010 0.364744 0.204010 0.422731 0.200667 0.422731 0.200667 0.359645
3 0.200667 0.364744 0.200667 0.348134 0.204010 0.343460 0.204010 0.359645
3 0.204010 0.343460 0.180448 0.343460 0.180448 0.348134 0.200667 0.348134
3 0.204010 0.390073 0.172685 0.390073 0.169342 0.385399 0.204010 0.385399
3 0.172685 0.390073 0.172685 0.576870 0.169342 0.581544 0.169342 0.385399
3 0.172685 0.576870 0.246897 0.576870 0.250239 0.581544 0.169342 0.581544
3 0.250239 0.581544 0.250239 0.359645 0.246897 0.359645 0.246897 0.576870
3 0.246897 0.548733 0.296909 0.548733 0.296909 0.544059 0.246897 0.544059
3 0.296909 0.610561 0.227456 0.610561 0.224113 0.605887 0.296909 0.605887
3 0.227456 0.610561 0.227456 0.796296 0.224113 0.794294 0.224113 0.605887
3 0.227456 0.796296 0.200825 0.831792 0.197483 0.829791 0.224113 0.794294
3 0.200825 0.831792 0.200825 0.922837 0.197483 0.922837 0.197483 0.829791
3 0.224113 0.791936 0.296909 0.791936 0.296909 0.796610 0.224113 0.796610
3 0.224113 0.672130 0.296909 0.672130 0.296909 0.667456 0.224113 0.667456
3 0.172685 0.520697 0.100973 0.520697 0.099779 0.516023 0.172685 0.516023
2 0.165456 0.520697 0.130022 0.520697 0.130022 0.516023 0.165456 0.516023
3 0.100973 0.520697 0.078062 0.546969 0.076868 0.542295 0.099779 0.516023
3 0.078062 0.546969 0.017408 0.546969 0.017408 0.542295 0.076868 0.542295
3 0.055309 0.542295 0.055309 0.670468 0.051966 0.665794 0.051966 0.542295
2 0.055309 0.580987 0.055309 0.631547 0.051966 0.631547 0.051966 0.580987
3 0.051966 0.665794 0.017408 0.665794 0.017408 0.670468 0.055309 0.670468
3 0.141654 0.328079 0.110578 0.328079 0.110578 0.332328 0.138616 0.332328
3 0.141654 0.355421 0.110578 0.355421 0.110578 0.351172 0.141654 0.351172
3 0.302075 0.422863 0.141654 0.422863 0.138616 0.415639 0.296909 0.415639
2 0.169096 0.422863 0.141837 0.422863 0.141837 0.415639 0.169096 0.415639
3 0.141654 0.422731 0.115744 0.422731 0.115744 0.415507 0.138616 0.415507
3 0.141654 0.415639 0.141654 0.328079 0.138616 0.332328 0.138616 0.415639
3 0.098852 0.520697 0.098852 0.415507 0.101891 0.415507 0.101891 0.520697
