0 0.738109 0.139350 0.738109 0.408470 0.618033 0.408470 0.618033 0.349404 0.515218 0.349404 0.515218 0.139350 0.738109 0.139350 0.738109 0.139350
0 0.950040 0.139256 0.746644 0.139256 0.746644 0.408915 0.949926 0.408915 0.950040 0.139256 0.950040 0.139256
0 0.578410 0.734734 0.578410 0.839842 0.659455 0.839842 0.659455 0.734734 0.578410 0.734734 0.578410 0.734734
0 0.670030 0.717643 0.584036 0.717643 0.584036 0.569064 0.670030 0.569064
0 0.950040 0.556938 0.802717 0.556938 0.802717 0.422997 0.950040 0.422997
0 0.822595 0.993172 0.714610 0.993172 0.714610 0.734734 0.822595 0.734734
0 0.950040 0.717643 0.678565 0.717643 0.678565 0.569064 0.950040 0.569064
0 0.610942 0.418725 0.788492 0.418725 0.788492 0.558809 0.515218 0.558809 0.515218 0.359659 0.610942 0.359659
0 0.507821 0.569064 0.578617 0.569064 0.578617 0.717643 0.166156 0.717643 0.166156 0.508306 0.507821 0.508306
0 0.507821 0.498052 0.166156 0.498052 0.166156 0.139256 0.507821 0.139256
3 0.151932 0.734734 0.964861 0.734734 0.950040 0.717643 0.166156 0.717643
2 0.585750 0.734734 0.651923 0.734734 0.651923 0.717643 0.585750 0.717643
3 0.964861 0.122165 0.151932 0.122165 0.166156 0.139256 0.950040 0.139256
3 0.151932 0.122165 0.151932 0.734734 0.166156 0.717643 0.166156 0.139256
2 0.151932 0.375972 0.151932 0.448155 0.166156 0.448155 0.166156 0.375972
1 0.151932 0.187503 0.151932 0.351865 0.166156 0.351865 0.166156 0.187503
1 0.151932 0.524269 0.151932 0.666499 0.166156 0.666499 0.166156 0.524269
3 0.964861 0.408470 0.788492 0.408470 0.788492 0.422997 0.964861 0.422997
3 0.788492 0.408470 0.788492 0.558809 0.802717 0.569064 0.802717 0.422997
3 0.788492 0.569064 0.964861 0.569064 0.964861 0.556938 0.788492 0.556938
2 0.803719 0.569064 0.854010 0.569064 0.854010 0.556938 0.803719 0.556938
3 0.802717 0.569064 0.507821 0.569064 0.515218 0.558809 0.788492 0.558809
2 0.574854 0.569064 0.517956 0.569064 0.517956 0.558809 0.574854 0.558809
2 0.651062 0.569064 0.587813 0.569064 0.587813 0.558809 0.651062 0.558809
2 0.739204 0.569064 0.682555 0.569064 0.682555 0.558809 0.739204 0.558809
3 0.507821 0.569064 0.507821 0.122165 0.515218 0.122165 0.515218 0.558809
2 0.507821 0.494300 0.507821 0.416306 0.515218 0.416306 0.515218 0.494300
3 0.151932 0.498052 0.515218 0.498052 0.515218 0.508306 0.151932 0.508306
2 0.166661 0.498052 0.336736 0.498052 0.336736 0.508306 0.166661 0.508306
3 0.618033 0.408470 0.788492 0.408470 0.788492 0.418725 0.610942 0.418725
2 0.618716 0.408470 0.682292 0.408470 0.682292 0.418725 0.618716 0.418725
3 0.507821 0.349404 0.618033 0.349404 0.610942 0.359659 0.507821 0.359659
3 0.578617 0.734734 0.578617 0.558809 0.584036 0.558809 0.584036 0.734734
3 0.678565 0.734734 0.678565 0.558809 0.670030 0.558809 0.670030 0.734734
3 0.738109 0.122165 0.738109 0.418725 0.746644 0.418725 0.746644 0.122165
2 0.738109 0.299474 0.738109 0.405701 0.746644 0.405701 0.746644 0.299474
3 0.964861 0.122165 0.964861 0.734734 0.950040 0.717643 0.950040 0.139256
1 0.964861 0.268155 0.964861 0.403992 0.950040 0.403992 0.950040 0.268155
1 0.964861 0.488746 0.964861 0.546017 0.950040 0.546017 0.950040 0.488746
1 0.964861 0.575798 0.964861 0.637649 0.950040 0.637649 0.950040 0.575798
3 0.822595 0.993172 0.822595 0.734734 0.827574 0.734734 0.827574 1.000000
3 0.714610 1.000000 0.714610 0.734734 0.709631 0.734734 0.709631 1.000000
2 0.714610 0.980593 0.714610 0.920254 0.709631 0.920254 0.709631 0.980593
3 0.709802 1.000000 0.827574 1.000000 0.822595 0.993172 0.709802 0.993172
3 0.610942 0.359659 0.610942 0.418725 0.618033 0.408470 0.618033 0.349404
