0 0.543626 0.911120 0.543626 0.999850 0.710544 0.999850 0.710544 0.910924 0.543626 0.911120 0.543626 0.911120
0 0.324190 0.184324 0.324190 0.091820 0.429977 0.091820 0.429977 0.184473 0.324190 0.184324 0.324190 0.184324
0 0.335437 0.376869 0.325769 0.376869 0.325769 0.630220 0.158593 0.630220 0.158550 0.207023 0.335437 0.207023
0 0.917981 0.533446 0.335437 0.533446 0.335437 0.207023 0.917981 0.207023
0 0.469711 0.691043 0.531552 0.691043 0.531552 0.890134 0.158593 0.890134 0.158593 0.638189 0.469711 0.638189
0 0.697686 0.791525 0.541220 0.791525 0.541220 0.682615 0.478841 0.682615 0.478841 0.630238 0.478712 0.630220 0.478712 0.540937 0.697686 0.540937
0 0.917981 0.890134 0.707902 0.890134 0.707902 0.690565 0.917981 0.690565
0 0.911192 0.680124 0.795491 0.680124 0.795491 0.683073 0.707902 0.683073 0.707902 0.544178 0.911192 0.544178
0 0.697686 0.890134 0.541220 0.890134 0.541220 0.799017 0.697686 0.799017
0 0.469883 0.630220 0.335437 0.630220 0.335437 0.540937 0.469883 0.540937
3 0.135885 0.910736 0.936242 0.910736 0.917981 0.890134 0.158593 0.890134
2 0.564433 0.910736 0.648886 0.910736 0.648886 0.890134 0.564433 0.890134
2 0.649197 0.910736 0.691112 0.910736 0.691112 0.890134 0.649197 0.890134
1 0.708772 0.910736 0.743393 0.910736 0.743393 0.890134 0.708772 0.890134
1 0.265443 0.910736 0.429010 0.910736 0.429010 0.890134 0.265443 0.890134
1 0.219704 0.910736 0.265443 0.910736 0.265443 0.890134 0.219704 0.890134
3 0.936242 0.910736 0.936242 0.690565 0.917981 0.690565 0.917981 0.890134
3 0.936242 0.690565 0.936242 0.533446 0.911192 0.533446 0.911192 0.690565
3 0.936242 0.533446 0.936242 0.184408 0.917981 0.207023 0.917981 0.533446
3 0.936242 0.184408 0.135842 0.184408 0.158550 0.207023 0.917981 0.207023
2 0.421276 0.184408 0.336984 0.184408 0.336984 0.207023 0.421276 0.207023
1 0.331441 0.184408 0.272232 0.184408 0.272232 0.207023 0.331441 0.207023
1 0.599720 0.184408 0.425755 0.184408 0.425755 0.207023 0.599720 0.207023
1 0.770806 0.184408 0.599989 0.184408 0.599989 0.207023 0.770806 0.207023
1 0.814042 0.184408 0.771075 0.184408 0.771075 0.207023 0.814042 0.207023
3 0.135842 0.184408 0.135885 0.910736 0.158593 0.890134 0.158550 0.207023
3 0.135863 0.638189 0.469711 0.638189 0.478841 0.630220 0.135863 0.630220
2 0.400565 0.638189 0.464254 0.638189 0.464254 0.630220 0.400565 0.630220
3 0.469711 0.638189 0.469711 0.691043 0.478841 0.682615 0.478841 0.630220
3 0.469711 0.691043 0.531552 0.691043 0.541220 0.682615 0.478841 0.682615
3 0.541220 0.682615 0.541220 0.910736 0.531552 0.910736 0.531552 0.691043
2 0.541220 0.695126 0.541220 0.769097 0.531552 0.769097 0.531552 0.695126
3 0.325769 0.638189 0.325769 0.376869 0.335437 0.376869 0.335437 0.638189
3 0.936242 0.533446 0.697686 0.533446 0.707902 0.544178 0.936242 0.544178
3 0.697686 0.533446 0.325769 0.533446 0.325769 0.540937 0.697686 0.540937
2 0.673227 0.533446 0.579267 0.533446 0.579267 0.540937 0.673227 0.540937
3 0.478712 0.630220 0.478712 0.533446 0.469883 0.533446 0.469883 0.630220
3 0.697686 0.533446 0.697686 0.910736 0.707902 0.910736 0.707902 0.544178
2 0.697686 0.722002 0.697686 0.787002 0.707902 0.787002 0.707902 0.722002
3 0.531552 0.799017 0.707902 0.799017 0.707902 0.791525 0.531552 0.791525
2 0.567226 0.799017 0.655094 0.799017 0.655094 0.791525 0.567226 0.791525
2 0.655406 0.799017 0.692046 0.799017 0.692046 0.791525 0.655406 0.791525
3 0.936242 0.690565 0.795491 0.690565 0.795491 0.680124 0.936242 0.680124
3 0.795491 0.690565 0.697686 0.690565 0.697686 0.683073 0.795491 0.683073
2 0.787091 0.690565 0.714776 0.690565 0.714776 0.683073 0.787091 0.683073
