0 0.981852 0.556491 0.620626 0.556491 0.620626 0.453846 0.981852 0.453846
0 0.981852 0.675060 0.751802 0.675060 0.620626 0.674508 0.620626 0.556491 0.981852 0.556491
0 0.981852 0.453846 0.620626 0.453846 0.620626 0.261093 0.981852 0.261093
0 0.751802 0.675060 0.732755 0.675060 0.732755 0.818125 0.800876 0.818125 0.800876 0.895068 0.620626 0.895068 0.620626 0.674508
0 0.981852 0.915900 0.620626 0.915900 0.620626 1.000000 0.981852 1.000000 0.981852 0.915900 0.981852 0.915900
0 0.330622 0.605931 0.087110 0.605666 0.087110 0.915546 0.331224 0.915900 0.330622 0.605931 0.330622 0.605931
0 0.609902 0.483591 0.364221 0.483591 0.364221 0.261093 0.609902 0.261093
0 0.609902 0.895068 0.364221 0.895068 0.364221 0.681990 0.609902 0.681990
0 0.981852 0.813092 0.811600 0.813092 0.811600 0.810029 0.743479 0.810029 0.743479 0.682379 0.981852 0.682379
0 0.609902 0.584418 0.364221 0.584418 0.364221 0.490910 0.609902 0.490910
0 0.331224 0.594473 0.105258 0.594473 0.105258 0.510503 0.331224 0.510503
0 0.979353 0.893515 0.813835 0.893515 0.813835 0.822826 0.979353 0.822826
0 0.609902 0.674671 0.478948 0.674671 0.478948 0.591737 0.609902 0.591737
0 0.468225 0.674671 0.364221 0.674671 0.364221 0.591737 0.468225 0.591737
0 0.981852 0.241590 0.981852 0.071702 0.363396 0.071702 0.364221 0.241590 0.981852 0.241590 0.981852 0.241590
3 0.331224 0.241590 0.331224 0.915900 0.364221 0.895068 0.364221 0.261093
2 0.331224 0.608144 0.331224 0.655962 0.364221 0.655962 0.364221 0.608144
1 0.331224 0.316444 0.331224 0.427969 0.364221 0.427969 0.364221 0.316444
1 0.331224 0.261251 0.331224 0.282758 0.364221 0.282758 0.364221 0.261251
3 1.000000 0.241590 0.331224 0.241590 0.364221 0.261093 0.981852 0.261093
2 0.702275 0.241590 0.637437 0.241590 0.637437 0.261093 0.702275 0.261093
1 0.435006 0.241590 0.364938 0.241590 0.364938 0.261093 0.435006 0.261093
1 0.602156 0.241590 0.445300 0.241590 0.445300 0.261093 0.602156 0.261093
1 0.873303 0.241590 0.715441 0.241590 0.715441 0.261093 0.873303 0.261093
1 0.956486 0.241590 0.879894 0.241590 0.879894 0.261093 0.956486 0.261093
3 1.000000 0.241590 1.000000 0.071702 0.981852 0.071702 0.981852 0.241590
3 1.000000 0.915900 1.000000 1.000000 0.981852 1.000000 0.981852 0.915900
3 0.811600 0.810029 0.743479 0.810029 0.732755 0.818125 0.800876 0.818125
3 0.743479 0.810029 0.743479 0.682379 0.732755 0.675060 0.732755 0.818125
2 0.743479 0.770482 0.743479 0.724989 0.732755 0.724989 0.732755 0.770482
3 0.743479 0.682379 1.000000 0.682379 1.000000 0.675060 0.732755 0.675060
3 0.620626 0.915900 0.620626 0.241590 0.609902 0.241590 0.609902 0.915900
2 0.620626 0.768787 0.620626 0.723716 0.609902 0.723716 0.609902 0.768787
2 0.620626 0.639820 0.620626 0.595718 0.609902 0.595718 0.609902 0.639820
2 0.620626 0.328471 0.620626 0.261577 0.609902 0.261577 0.609902 0.328471
3 0.811600 0.822826 0.811600 0.822826 0.811600 0.813092 0.800876 0.813092
3 0.811600 0.822826 0.981852 0.822826 1.000000 0.813092 0.811600 0.813092
2 0.818768 0.822826 0.883738 0.822826 0.883738 0.813092 0.818768 0.813092
3 0.331224 0.915900 0.811600 0.915900 0.811600 0.895068 0.364221 0.895068
2 0.654422 0.915900 0.729497 0.915900 0.729497 0.895068 0.654422 0.895068
1 0.364682 0.915900 0.434849 0.915900 0.434849 0.895068 0.364682 0.895068
1 0.445152 0.915900 0.601678 0.915900 0.601678 0.895068 0.445152 0.895068
3 0.811600 0.915900 1.000000 0.915900 0.979353 0.893515 0.811600 0.893515
1 0.814198 0.915900 0.978429 0.915900 0.978429 0.893515 0.814198 0.893515
3 0.811666 0.822826 0.811666 0.893515 0.813835 0.893515 0.813835 0.822826
3 1.000000 0.915900 1.000000 0.822826 0.979353 0.822826 0.979353 0.893515
3 1.000000 0.822826 1.000000 0.241590 0.981852 0.261093 0.981852 0.822826
3 0.811600 0.915900 0.811600 0.822826 0.800876 0.813092 0.800876 0.895068
3 0.811600 0.822826 0.811600 0.810029 0.800876 0.818125 0.800876 0.822826
3 0.331224 0.681990 0.620626 0.681990 0.620626 0.674671 0.331224 0.674671
3 0.331224 0.591737 0.620626 0.591737 0.620626 0.584418 0.331224 0.584418
3 0.478948 0.681990 0.478948 0.584418 0.468225 0.584418 0.468225 0.681990
3 0.331224 0.490910 0.620626 0.490910 0.620626 0.483591 0.331224 0.483591
2 0.548455 0.490910 0.606743 0.490910 0.606743 0.483591 0.548455 0.483591
3 0.364221 0.498117 0.087110 0.498117 0.105258 0.510503 0.364221 0.510503
3 0.087110 0.498117 0.087110 0.605666 0.105258 0.594473 0.105258 0.510503
3 0.087110 0.605666 0.364221 0.605666 0.364221 0.594473 0.105258 0.594473
2 0.107502 0.605666 0.179112 0.605666 0.179112 0.594473 0.107502 0.594473
3 0.331224 0.241590 0.331224 0.071234 0.363396 0.071234 0.363396 0.241590
