0 0.166591 0.758228 0.049877 0.758228 0.049877 0.659375 0.166591 0.659375 0.166591 0.651707 0.041126 0.651707 0.041126 0.651624 0.166591 0.651624
0 0.166591 0.651624 0.041126 0.651624 0.041126 0.562862 0.166591 0.562862
0 0.474491 0.688515 0.252791 0.688515 0.252791 0.842248 0.174065 0.842248 0.174065 0.560306 0.258885 0.560306 0.258885 0.554554 0.474491 0.554554
0 0.474491 0.554554 0.041126 0.554554 0.041126 0.252170 0.474491 0.252170
0 0.262738 0.236194 0.262738 0.068798 0.480605 0.068798 0.480605 0.236194 0.262738 0.236194
0 0.474491 0.931483 0.260265 0.931483 0.260265 0.697462 0.474491 0.697462
0 0.167270 0.931483 0.041126 0.931483 0.041126 0.765257 0.167270 0.765257
0 0.252791 0.931483 0.174065 0.931483 0.174065 0.850555 0.252791 0.850555
3 0.041126 0.931483 0.474491 0.931483 0.489438 0.945541 0.027538 0.945541
2 0.190840 0.931483 0.248741 0.931483 0.248741 0.945541 0.190840 0.945541
1 0.262235 0.931483 0.432284 0.931483 0.432284 0.945541 0.262235 0.945541
1 0.084576 0.931483 0.129480 0.931483 0.129480 0.945541 0.084576 0.945541
3 0.474491 0.931483 0.474491 0.252170 0.489438 0.236194 0.489438 0.945541
3 0.474491 0.252170 0.041126 0.252170 0.027538 0.236194 0.489438 0.236194
1 0.259110 0.252170 0.043042 0.252170 0.043042 0.236194 0.259110 0.236194
2 0.326115 0.252170 0.264239 0.252170 0.264239 0.236194 0.326115 0.236194
1 0.470040 0.252170 0.329193 0.252170 0.329193 0.236194 0.470040 0.236194
3 0.027538 0.236194 0.027538 0.651707 0.041126 0.651707 0.041126 0.252170
3 0.027538 0.651707 0.027538 0.765257 0.049877 0.758228 0.049877 0.659375
3 0.027538 0.765257 0.027538 0.945541 0.041126 0.931483 0.041126 0.765257
3 0.027538 0.765257 0.167270 0.765257 0.174065 0.758228 0.049877 0.758228
2 0.121075 0.765257 0.163798 0.765257 0.163798 0.758228 0.121075 0.758228
3 0.174065 0.758228 0.174065 0.560306 0.166591 0.554554 0.166591 0.758228
2 0.174065 0.647885 0.174065 0.607703 0.166591 0.607703 0.166591 0.647885
3 0.174065 0.554554 0.027538 0.554554 0.027538 0.562862 0.174065 0.562862
3 0.166591 0.554554 0.258885 0.554554 0.258885 0.560306 0.174065 0.560306
3 0.474491 0.554554 0.345242 0.554554 0.345242 0.560306 0.474491 0.560306
3 0.027538 0.651707 0.166591 0.651707 0.166591 0.659375 0.049877 0.659375
3 0.474491 0.688515 0.252791 0.688515 0.260265 0.697462 0.474491 0.697462
3 0.252791 0.688515 0.252791 0.931483 0.260265 0.931483 0.260265 0.697462
2 0.252791 0.735337 0.252791 0.802417 0.260265 0.802417 0.260265 0.735337
3 0.174065 0.758228 0.174065 0.931483 0.167270 0.931483 0.167270 0.765257
2 0.174065 0.781297 0.174065 0.828796 0.167270 0.828796 0.167270 0.781297
3 0.174065 0.842248 0.252791 0.842248 0.252791 0.850555 0.174065 0.850555
2 0.189433 0.842248 0.247335 0.842248 0.247335 0.850555 0.189433 0.850555
0 0.674197 0.647969 0.538453 0.647969 0.538453 0.560197 0.674197 0.560197
0 0.975540 0.688547 0.683030 0.688547 0.683030 0.560197 0.975540 0.560197
0 0.975540 0.551890 0.538453 0.551890 0.538453 0.251166 0.975540 0.251166
0 0.674197 0.696855 0.750797 0.696855 0.750797 0.934173 0.538453 0.934173 0.538453 0.656915 0.674197 0.656915
0 0.975540 0.934173 0.756912 0.934173 0.756912 0.696855 0.975540 0.696855
3 0.538453 0.934173 0.975540 0.934173 0.989808 0.950149 0.524185 0.950149
1 0.539805 0.934173 0.749580 0.934173 0.749580 0.950149 0.539805 0.950149
1 0.759269 0.934173 0.974535 0.934173 0.974535 0.950149 0.759269 0.950149
3 0.975540 0.934173 0.975540 0.251166 0.989808 0.237747 0.989808 0.950149
3 0.975540 0.251166 0.538453 0.251166 0.524185 0.237747 0.989808 0.237747
3 0.538453 0.251166 0.538453 0.934173 0.524185 0.950149 0.524185 0.237747
3 0.538453 0.551890 0.975540 0.551890 0.975540 0.560197 0.538453 0.560197
3 0.683030 0.560197 0.683030 0.688547 0.674197 0.696855 0.674197 0.560197
2 0.683030 0.604431 0.683030 0.645336 0.674197 0.645336 0.674197 0.604431
3 0.674197 0.696855 0.975540 0.696855 0.975540 0.688547 0.683030 0.688547
2 0.688295 0.696855 0.745123 0.696855 0.745123 0.688547 0.688295 0.688547
2 0.762150 0.696855 0.818190 0.696855 0.818190 0.688547 0.762150 0.688547
3 0.674197 0.647969 0.538453 0.647969 0.538453 0.656915 0.674197 0.656915
3 0.756912 0.696855 0.756912 0.934173 0.750797 0.934173 0.750797 0.696855
