0 0.709299 0.281260 0.718910 0.281260 0.718910 0.455661 0.682846 0.455661 0.682846 0.519373 0.523142 0.519177 0.523142 0.433414 0.528882 0.433414 0.528882 0.181929 0.709299 0.181929
0 0.839110 0.281519 0.840433 0.519153 0.837872 0.519153 0.837872 0.519373 0.759309 0.519177 0.718935 0.518871 0.718935 0.455661 0.718910 0.455661 0.718910 0.281260 0.852766 0.281260
0 0.523142 0.519177 0.682846 0.519373 0.682846 0.814984 0.529202 0.815023 0.529202 0.519177 0.523142 0.519177
0 0.453255 0.691314 0.445172 0.691314 0.445172 0.815023 0.316826 0.815023 0.316826 0.620231 0.309964 0.620231 0.269393 0.573449 0.269393 0.529846 0.453681 0.529846
0 0.523142 0.691314 0.453255 0.691314 0.453681 0.529846 0.453741 0.529846 0.454108 0.433414 0.523142 0.433414
0 0.523334 0.423230 0.453741 0.423230 0.453741 0.324761 0.523334 0.324761
0 0.522715 0.815023 0.452854 0.815023 0.452854 0.703065 0.522715 0.703065
0 0.718910 0.529838 0.759292 0.530144 0.759309 0.530160 0.759309 0.594184 0.757602 0.594184 0.757602 0.657159 0.690100 0.657159 0.690100 0.582316 0.687540 0.582316 0.687540 0.529564 0.718910 0.529564
0 0.523334 0.314577 0.453741 0.314577 0.453741 0.181929 0.523334 0.181929
0 0.837872 0.661859 0.765284 0.661859 0.765284 0.530340 0.837872 0.530340
0 0.759736 0.693648 0.765284 0.693648 0.765284 0.671260 0.841286 0.671260 0.841286 0.815023 0.765284 0.815023 0.765284 0.765413 0.759736 0.765413 0.759736 0.815023 0.688820 0.815023 0.688820 0.671260 0.759736 0.671260
0 0.990612 0.385432 0.853235 0.385432 0.852766 0.281260 0.852766 0.173955 0.990612 0.173955
0 0.265126 0.577765 0.304958 0.623561 0.304958 0.815023 0.176539 0.815023 0.176112 0.529846 0.265126 0.529846
0 0.447340 0.518879 0.317457 0.518879 0.317457 0.181929 0.447340 0.181929
0 0.305935 0.518879 0.176112 0.518879 0.175685 0.181929 0.305935 0.181929
0 0.990612 0.822857 0.854089 0.822857 0.854089 0.519153 0.853235 0.395616 0.990612 0.395616
0 0.164411 0.181929 0.164590 0.181929 0.165017 0.518879 0.164961 0.518879 0.164961 0.529846 0.165017 0.529846 0.165443 0.823640 0.067852 0.823640 0.067835 0.174879 0.164411 0.174879
0 0.725942 0.152161 0.837830 0.152020 0.837830 0.252276 0.725942 0.252276 0.725942 0.152161 0.725942 0.152161
0 0.445172 0.845575 0.445172 1.000000 0.569883 1.000000 0.569883 0.845575 0.445172 0.845575 0.445172 0.845575
3 0.055886 0.152161 0.164411 0.152161 0.164411 0.174879 0.067835 0.174879
1 0.083786 0.152161 0.131773 0.152161 0.131773 0.174879 0.083786 0.174879
3 0.164411 0.152161 0.725942 0.152161 0.709299 0.181929 0.164411 0.181929
1 0.221628 0.152161 0.231362 0.152161 0.231362 0.181929 0.221628 0.181929
1 0.231362 0.152161 0.281718 0.152161 0.281718 0.181929 0.231362 0.181929
1 0.358497 0.152161 0.369208 0.152161 0.369208 0.181929 0.358497 0.181929
1 0.369208 0.152161 0.419977 0.152161 0.419977 0.181929 0.369208 0.181929
1 0.464487 0.152161 0.486882 0.152161 0.486882 0.181929 0.464487 0.181929
1 0.568249 0.152161 0.591894 0.152161 0.591894 0.181929 0.568249 0.181929
1 0.596627 0.152161 0.654348 0.152161 0.654348 0.181929 0.596627 0.181929
1 0.658522 0.152161 0.680081 0.152161 0.680081 0.181929 0.658522 0.181929
3 0.725942 0.152161 0.725942 0.252276 0.709299 0.281260 0.709299 0.181929
3 0.709299 0.281260 0.852766 0.281260 0.837830 0.252276 0.725942 0.252276
2 0.732634 0.281260 0.767396 0.281260 0.767396 0.252276 0.732634 0.252276
1 0.779255 0.281260 0.813177 0.281260 0.813177 0.252276 0.779255 0.252276
3 0.837830 0.252276 0.837830 0.152020 0.852766 0.173955 0.852766 0.281260
2 0.837830 0.247795 0.837830 0.183159 0.852766 0.183159 0.852766 0.247795
3 0.837830 0.152020 1.000000 0.152020 0.990612 0.173955 0.852766 0.173955
1 0.924689 0.152020 0.973448 0.152020 0.973448 0.173955 0.924689 0.173955
3 1.000000 0.152020 1.000000 0.845575 0.990612 0.822857 0.990612 0.173955
1 1.000000 0.424147 1.000000 0.513764 0.990612 0.513764 0.990612 0.424147
3 1.000000 0.845575 0.854089 0.845575 0.854089 0.822857 0.990612 0.822857
2 0.975112 0.845575 0.872566 0.845575 0.872566 0.822857 0.975112 0.822857
3 0.854089 0.845575 0.165443 0.845575 0.165443 0.815023 0.854089 0.815023
2 0.520893 0.845575 0.482478 0.845575 0.482478 0.815023 0.520893 0.815023
1 0.815498 0.845575 0.766009 0.845575 0.766009 0.815023 0.815498 0.815023
1 0.644964 0.845575 0.594139 0.845575 0.594139 0.815023 0.644964 0.815023
1 0.656780 0.845575 0.644964 0.845575 0.644964 0.815023 0.656780 0.815023
1 0.406215 0.845575 0.354494 0.845575 0.354494 0.815023 0.406215 0.815023
1 0.418253 0.845575 0.406215 0.845575 0.406215 0.815023 0.418253 0.815023
1 0.269560 0.845575 0.220075 0.845575 0.220075 0.815023 0.269560 0.815023
1 0.280706 0.845575 0.269560 0.845575 0.269560 0.815023 0.280706 0.815023
3 0.165443 0.845575 0.055907 0.845575 0.067852 0.823640 0.165443 0.823640
2 0.133570 0.845575 0.095304 0.845575 0.095304 0.823640 0.133570 0.823640
3 0.055907 0.845575 0.055886 0.152161 0.067835 0.174879 0.067852 0.823640
1 0.055895 0.545130 0.055895 0.461913 0.067843 0.461913 0.067843 0.545130
3 0.165443 0.859135 0.164411 0.152161 0.175506 0.152106 0.176539 0.859080
2 0.164850 0.452356 0.164752 0.385957 0.175847 0.385903 0.175945 0.452301
3 0.164961 0.529846 0.453741 0.529846 0.447340 0.518879 0.164961 0.518879
2 0.271096 0.529846 0.302602 0.529846 0.302602 0.518879 0.271096 0.518879
3 0.447340 0.518879 0.447340 0.152161 0.453741 0.152161 0.453741 0.529846
2 0.447340 0.515009 0.447340 0.450836 0.453741 0.450836 0.453741 0.515009
2 0.447340 0.292674 0.447340 0.234266 0.453741 0.234266 0.453741 0.292674
3 0.452854 0.845575 0.452854 0.703065 0.445172 0.691314 0.445172 0.845575
3 0.445172 0.691314 0.523142 0.691314 0.529117 0.703065 0.452854 0.703065
2 0.481974 0.691314 0.520893 0.691314 0.520893 0.703065 0.481974 0.703065
3 0.529117 0.691314 0.529117 0.845575 0.522715 0.845575 0.522715 0.703065
3 0.529117 0.703065 0.529117 0.529408 0.523142 0.519224 0.523142 0.691314
3 0.523142 0.519224 0.572448 0.519224 0.572448 0.529408 0.529117 0.529408
3 0.688820 0.845575 0.688820 0.657159 0.682846 0.657159 0.682846 0.845575
2 0.688820 0.761190 0.688820 0.696179 0.682846 0.696179 0.682846 0.761190
3 0.682846 0.671260 0.759736 0.671260 0.759736 0.657159 0.690100 0.657159
3 0.854089 0.845575 0.854089 0.661859 0.841286 0.671260 0.841286 0.845575
3 0.854089 0.671260 0.854089 0.519153 0.837872 0.519153 0.837872 0.671260
3 0.854089 0.519153 0.852766 0.281260 0.839110 0.281519 0.840433 0.519404
3 0.765284 0.671260 0.841286 0.671260 0.854089 0.661859 0.759736 0.661859
2 0.768232 0.671260 0.801894 0.671260 0.801894 0.661859 0.768232 0.661859
3 0.765284 0.661859 0.765284 0.594184 0.757602 0.594184 0.757602 0.661859
3 0.765284 0.594184 0.765284 0.530160 0.759309 0.530160 0.759309 0.594184
2 0.765284 0.590173 0.765284 0.534139 0.759309 0.534139 0.759309 0.590173
3 0.759309 0.519177 0.854089 0.519404 0.854080 0.530371 0.759292 0.530144
3 0.682846 0.671260 0.682846 0.582316 0.690100 0.582316 0.690100 0.657159
3 0.682846 0.582316 0.682846 0.518597 0.687540 0.518597 0.687540 0.582316
3 0.718935 0.518871 0.759309 0.519177 0.759292 0.530144 0.718910 0.529838
3 0.682846 0.529564 0.682846 0.455661 0.718935 0.455661 0.718935 0.529564
3 0.765284 0.671260 0.765284 0.693648 0.759736 0.693648 0.759736 0.661859
3 0.765284 0.765413 0.765284 0.845575 0.759736 0.845575 0.759736 0.765413
3 0.447340 0.433414 0.528882 0.433414 0.523334 0.423230 0.447340 0.423230
2 0.481176 0.433414 0.511569 0.433414 0.511569 0.423230 0.481176 0.423230
3 0.528882 0.433414 0.528882 0.324761 0.523334 0.324761 0.523334 0.423230
3 0.528882 0.314577 0.447340 0.314577 0.447340 0.324761 0.523334 0.324761
3 0.528882 0.324761 0.528882 0.152161 0.523334 0.152161 0.523334 0.324761
3 0.839746 0.395616 1.000000 0.395616 1.000000 0.385432 0.839746 0.385432
3 0.269393 0.518879 0.269393 0.573449 0.265126 0.577765 0.265126 0.518879
3 0.269393 0.573449 0.316791 0.628284 0.314517 0.634912 0.265126 0.577765
2 0.272299 0.576809 0.300315 0.609225 0.298040 0.615852 0.270025 0.583436
3 0.316826 0.845575 0.316826 0.620231 0.304958 0.620231 0.304958 0.845575
3 0.317457 0.529846 0.317457 0.152161 0.305935 0.152161 0.305935 0.529846
3 0.718910 0.455661 0.718910 0.281260 0.709095 0.281260 0.709095 0.455661
2 0.718910 0.454228 0.718910 0.281636 0.709095 0.281636 0.709095 0.454228
