0 0.439048 0.725608 0.081504 0.725608 0.081504 0.124868 0.439048 0.124868
0 0.981930 0.582015 0.644967 0.582015 0.644967 0.124868 0.981930 0.124868
0 0.764979 0.739142 0.845351 0.739142 0.845351 0.876916 0.450460 0.876916 0.450460 0.596779 0.764979 0.596779
0 0.634506 0.383782 0.450460 0.383782 0.450460 0.124868 0.634506 0.124868
0 0.634506 0.582015 0.450460 0.582015 0.450460 0.393624 0.634506 0.393624
0 0.981930 0.725608 0.775440 0.725608 0.775440 0.596779 0.981930 0.596779
3 0.081504 0.124868 0.981930 0.124868 1.000000 0.094343 0.062997 0.094343
1 0.157702 0.124868 0.332940 0.124868 0.332940 0.094343 0.157702 0.094343
1 0.480095 0.124868 0.538365 0.124868 0.538365 0.094343 0.480095 0.094343
1 0.686356 0.124868 0.862432 0.124868 0.862432 0.094343 0.686356 0.094343
3 0.981930 0.124868 0.981930 0.725608 1.000000 0.746524 1.000000 0.094343
3 0.981930 0.725608 0.845351 0.725608 0.861519 0.746524 1.000000 0.746524
3 0.845351 0.725608 0.845351 0.876916 0.861519 0.897832 0.861519 0.746524
3 0.845351 0.876916 0.450460 0.876916 0.434293 0.897832 0.861519 0.897832
2 0.839778 0.876916 0.760813 0.876916 0.760813 0.897832 0.839778 0.897832
3 0.450460 0.876916 0.450460 0.725608 0.434293 0.746524 0.434293 0.897832
3 0.450460 0.725608 0.081504 0.725608 0.062997 0.746524 0.434293 0.746524
3 0.081504 0.725608 0.081504 0.124868 0.062997 0.094343 0.062997 0.746524
3 0.450460 0.746524 0.450460 0.094343 0.439048 0.094343 0.439048 0.746524
2 0.450460 0.297768 0.450460 0.199218 0.439048 0.199218 0.439048 0.297768
2 0.450460 0.721585 0.450460 0.619467 0.439048 0.619467 0.439048 0.721585
3 0.439048 0.596779 1.000000 0.596779 1.000000 0.582015 0.439048 0.582015
2 0.683199 0.596779 0.760014 0.596779 0.760014 0.582015 0.683199 0.582015
2 0.833520 0.596779 0.887492 0.596779 0.887492 0.582015 0.833520 0.582015
2 0.464840 0.596779 0.531945 0.596779 0.531945 0.582015 0.464840 0.582015
3 0.861519 0.725608 0.775440 0.725608 0.764979 0.739142 0.861519 0.739142
3 0.775440 0.725608 0.775440 0.582015 0.764979 0.582015 0.764979 0.739142
3 0.634506 0.094343 0.634506 0.596779 0.644967 0.596779 0.644967 0.094343
3 0.439048 0.393624 0.644967 0.393624 0.644967 0.383782 0.439048 0.383782
