0 0.898703 0.638081 0.944810 0.638081 0.944810 0.717367 0.898703 0.717367 0.898703 0.638081 0.898703 0.638081
0 0.272737 0.494491 0.155754 0.494491 0.155754 0.402532 0.388556 0.402532 0.388556 0.223666 0.584276 0.223666 0.584276 0.157084 0.620569 0.157084 0.620569 0.416269 0.507049 0.416269 0.464044 0.422138 0.421250 0.429705 0.376817 0.444065 0.333607 0.461870 0.272737 0.494491 0.272737 0.494491
0 0.722688 0.920402 0.722688 0.999613 0.599254 0.999613 0.532603 0.920305 0.722688 0.920402 0.722688 0.920402
0 0.705511 0.803753 0.630323 0.803753 0.630323 0.782912 0.563453 0.782912 0.563453 0.735704 0.562933 0.735597 0.508468 0.735597 0.508468 0.674540 0.705511 0.674540
0 0.705511 0.674540 0.508468 0.674540 0.508468 0.735597 0.562933 0.735597 0.562933 0.735704 0.245066 0.735704 0.245066 0.510233 0.275697 0.510233 0.338425 0.475827 0.380622 0.458441 0.423896 0.444457 0.465728 0.437057 0.506876 0.431553 0.507788 0.673841 0.705333 0.673841 0.705333 0.431317 0.705511 0.431317
0 0.705333 0.673841 0.507788 0.673841 0.506876 0.431553 0.507788 0.431317 0.705333 0.431317
0 0.886841 0.243083 0.633344 0.243083 0.633344 0.043865 0.886841 0.043865
0 0.232748 0.905940 0.062166 0.905940 0.062166 0.628955 0.232748 0.628955
0 0.822598 0.422718 0.633344 0.422718 0.633344 0.256519 0.822598 0.256519
0 0.881850 0.612811 0.711898 0.612811 0.711898 0.534180 0.798299 0.534180 0.828986 0.497050 0.828986 0.431317 0.881850 0.431317
0 0.886841 0.903204 0.711898 0.903204 0.711898 0.741030 0.886841 0.741030
0 0.557978 0.903204 0.402508 0.903204 0.402508 0.742154 0.557978 0.742154
0 0.397033 0.903204 0.245066 0.903204 0.245066 0.742154 0.397033 0.742154
0 0.886841 0.733506 0.711898 0.733506 0.711898 0.620335 0.886841 0.620335
0 0.232748 0.622506 0.062166 0.622506 0.062166 0.510233 0.232748 0.510233
0 0.885121 0.422718 0.828986 0.422718 0.828986 0.256519 0.885121 0.256519
0 0.823967 0.494647 0.796178 0.528269 0.711898 0.528269 0.711898 0.431317 0.823967 0.431317
0 0.624849 0.903204 0.563453 0.903204 0.563453 0.789361 0.624849 0.789361
0 0.705511 0.903204 0.630323 0.903204 0.630323 0.810202 0.705511 0.810202
3 0.275697 0.510233 0.338425 0.475827 0.333607 0.461870 0.272869 0.495185
2 0.304741 0.494303 0.336481 0.476896 0.331089 0.463251 0.299349 0.480663
3 0.338425 0.475827 0.380622 0.458441 0.376817 0.444065 0.333607 0.461870
1 0.340706 0.474886 0.379541 0.458887 0.375325 0.444683 0.336491 0.460682
3 0.380622 0.458441 0.423896 0.444457 0.421250 0.429705 0.376817 0.444065
1 0.382429 0.457855 0.422007 0.445064 0.418626 0.430554 0.379048 0.443345
3 0.423896 0.444457 0.465728 0.437057 0.464044 0.422138 0.421250 0.429705
1 0.426204 0.444049 0.463588 0.437433 0.461690 0.422551 0.424306 0.429167
3 0.465728 0.437057 0.507788 0.431317 0.507049 0.416269 0.464044 0.422138
1 0.468593 0.436664 0.506387 0.431510 0.504918 0.416559 0.467124 0.421718
3 0.507788 0.431317 0.633344 0.431317 0.620569 0.416269 0.507049 0.416269
1 0.511005 0.431317 0.551614 0.431317 0.551614 0.416269 0.511005 0.416269
3 0.633344 0.043865 0.886841 0.043865 0.898703 0.032579 0.620569 0.032579
3 0.062166 0.905940 0.062166 0.510233 0.051217 0.495185 0.051217 0.920402
1 0.062166 0.737908 0.062166 0.678630 0.051217 0.678630 0.051217 0.737908
3 0.620569 0.256519 0.898703 0.256519 0.886841 0.243083 0.620569 0.243083
3 0.886841 0.043865 0.886841 0.256519 0.898703 0.256519 0.898703 0.032579
1 0.886841 0.164216 0.886841 0.195070 0.898703 0.195070 0.898703 0.164216
3 0.633344 0.431317 0.633344 0.256519 0.620569 0.256519 0.620569 0.416269
1 0.633344 0.363338 0.633344 0.277242 0.620569 0.277242 0.620569 0.363338
3 0.633344 0.256519 0.633344 0.043865 0.620569 0.032579 0.620569 0.256519
2 0.633344 0.214331 0.633344 0.167736 0.620569 0.167736 0.620569 0.214331
3 0.885121 0.256519 0.885121 0.431317 0.898703 0.431317 0.898703 0.256519
1 0.885121 0.348193 0.885121 0.377639 0.898703 0.377639 0.898703 0.348193
1 0.885121 0.285373 0.885121 0.314260 0.898703 0.314260 0.898703 0.285373
3 0.822598 0.243083 0.822598 0.431317 0.828986 0.431317 0.828986 0.243083
2 0.822598 0.383529 0.822598 0.415500 0.828986 0.415500 0.828986 0.383529
3 0.886841 0.903204 0.705511 0.903204 0.705511 0.920402 0.898703 0.920402
1 0.842299 0.903204 0.767695 0.903204 0.767695 0.920402 0.842299 0.920402
3 0.620569 0.431317 0.705511 0.431317 0.711898 0.422718 0.620569 0.422718
2 0.636533 0.431317 0.670577 0.431317 0.670577 0.422718 0.636533 0.422718
3 0.705511 0.431317 0.898703 0.431317 0.898703 0.422718 0.705511 0.422718
3 0.705511 0.431317 0.705511 0.920402 0.711898 0.920402 0.711898 0.422718
2 0.705511 0.657138 0.705511 0.698885 0.711898 0.698885 0.711898 0.657138
2 0.705511 0.746765 0.705511 0.787641 0.711898 0.787641 0.711898 0.746765
3 0.705511 0.741030 0.898703 0.741030 0.898703 0.733506 0.705511 0.733506
3 0.705511 0.620335 0.898703 0.620335 0.898703 0.612811 0.705511 0.612811
2 0.793719 0.620335 0.830154 0.620335 0.830154 0.612811 0.793719 0.612811
3 0.881850 0.431317 0.881850 0.620335 0.898703 0.620335 0.898703 0.431317
1 0.881850 0.498022 0.881850 0.559918 0.898703 0.559918 0.898703 0.498022
3 0.886841 0.620335 0.886841 0.903204 0.898703 0.920402 0.898703 0.620335
2 0.886841 0.657428 0.886841 0.699176 0.898703 0.699176 0.898703 0.657428
1 0.886841 0.633782 0.886841 0.652462 0.898703 0.652462 0.898703 0.633782
3 0.828986 0.422718 0.828986 0.497050 0.823967 0.494647 0.823967 0.422718
3 0.828986 0.497050 0.798299 0.534180 0.796178 0.528269 0.823967 0.494647
2 0.822567 0.504815 0.803975 0.527312 0.800380 0.523190 0.818971 0.500693
3 0.798299 0.534180 0.705511 0.534180 0.705511 0.528269 0.796178 0.528269
3 0.232748 0.510233 0.232748 0.920402 0.245066 0.903204 0.245066 0.495185
3 0.232748 0.742154 0.557978 0.742154 0.563453 0.735704 0.232748 0.735704
2 0.490073 0.742154 0.524559 0.742154 0.524559 0.735704 0.490073 0.735704
2 0.328265 0.742154 0.363459 0.742154 0.363459 0.735704 0.328265 0.735704
3 0.557978 0.742154 0.557978 0.920402 0.563453 0.920402 0.563453 0.735704
3 0.397033 0.735704 0.397033 0.920402 0.402508 0.920402 0.402508 0.735704
3 0.557978 0.789361 0.624849 0.789361 0.630323 0.782912 0.557978 0.782912
2 0.583048 0.789361 0.619237 0.789361 0.619237 0.782912 0.583048 0.782912
3 0.624849 0.789361 0.624849 0.920402 0.630323 0.920402 0.630323 0.782912
3 0.624849 0.810202 0.711898 0.810202 0.711898 0.803753 0.624849 0.803753
2 0.635096 0.810202 0.675746 0.810202 0.675746 0.803753 0.635096 0.803753
3 0.507788 0.572585 0.507788 0.673841 0.514175 0.667392 0.514175 0.572585
3 0.507788 0.673841 0.638955 0.673841 0.638955 0.667392 0.514175 0.667392
3 0.062166 0.510233 0.232748 0.510233 0.232748 0.495185 0.051217 0.495185
1 0.108114 0.510233 0.159759 0.510233 0.159759 0.495185 0.108114 0.495185
2 0.167433 0.510233 0.201674 0.510233 0.201674 0.495185 0.167433 0.495185
3 0.232748 0.510233 0.275697 0.510233 0.272869 0.495185 0.232748 0.495185
3 0.705511 0.903204 0.232748 0.903204 0.232748 0.920402 0.705511 0.920402
1 0.608082 0.903204 0.583299 0.903204 0.583299 0.920402 0.608082 0.920402
1 0.514399 0.903204 0.435585 0.903204 0.435585 0.920402 0.514399 0.920402
1 0.351583 0.903204 0.277463 0.903204 0.277463 0.920402 0.351583 0.920402
2 0.674505 0.903204 0.635839 0.903204 0.635839 0.920402 0.674505 0.920402
3 0.232748 0.905940 0.062166 0.905940 0.051217 0.920402 0.232748 0.920402
2 0.204028 0.905940 0.091831 0.905940 0.091831 0.920402 0.204028 0.920402
3 0.051217 0.622506 0.232748 0.622506 0.232748 0.628955 0.051217 0.628955
2 0.167214 0.622506 0.203088 0.622506 0.203088 0.628955 0.167214 0.628955
3 0.232748 0.622506 0.245066 0.622506 0.245066 0.628955 0.232748 0.628955
