0 0.953715 0.860548 0.731813 0.860548 0.731813 0.751711 0.953715 0.751711
0 0.953715 0.743345 0.731813 0.743345 0.731813 0.537681 0.953715 0.537681
0 0.465116 0.860548 0.080556 0.860548 0.080556 0.538305 0.465116 0.538305
0 0.474081 0.885808 0.474081 0.976048 0.726412 0.976048 0.726412 0.885778 0.474081 0.885808 0.474081 0.885808
0 0.716501 0.860548 0.480428 0.860548 0.480428 0.529938 0.716501 0.529390
0 0.953715 0.529314 0.716640 0.529314 0.953534 0.528630
0 0.953534 0.528630 0.716640 0.529314 0.716501 0.529390 0.479997 0.529938 0.080556 0.529938 0.080556 0.221058 0.953715 0.221058
0 0.586500 0.195829 0.586500 0.088612 0.333264 0.088612 0.333264 0.195722 0.586500 0.195829 0.586500 0.195829
3 0.051324 0.195958 0.051324 0.885649 0.080556 0.860548 0.080556 0.221058
3 0.051324 0.885649 1.000000 0.885649 0.953715 0.860548 0.080556 0.860548
2 0.567304 0.885649 0.694326 0.885649 0.694326 0.860548 0.567304 0.860548
1 0.201885 0.885649 0.410563 0.885649 0.410563 0.860548 0.201885 0.860548
3 1.000000 0.885649 1.000000 0.195958 0.953715 0.221058 0.953715 0.860548
1 1.000000 0.839723 1.000000 0.801836 0.953715 0.801836 0.953715 0.839723
1 1.000000 0.672158 1.000000 0.631648 0.953715 0.631648 0.953715 0.672158
3 1.000000 0.195958 0.051324 0.195958 0.051324 0.221058 0.953715 0.221058
2 0.572121 0.195958 0.448147 0.195958 0.448147 0.221058 0.572121 0.221058
1 0.815766 0.195958 0.603692 0.195958 0.603692 0.221058 0.815766 0.221058
1 0.428255 0.195958 0.213842 0.195958 0.213842 0.221058 0.428255 0.221058
3 0.480428 0.885649 0.480428 0.529938 0.465116 0.538305 0.465116 0.885649
2 0.480428 0.651249 0.480428 0.590050 0.465116 0.590050 0.465116 0.651249
3 0.480428 0.529938 0.051324 0.529938 0.051324 0.538305 0.465116 0.538305
3 0.731813 0.885649 0.731813 0.537681 0.716501 0.529314 0.716501 0.885649
2 0.731813 0.669915 0.731813 0.607240 0.716501 0.607240 0.716501 0.669915
3 0.731813 0.537681 1.000000 0.537681 1.000000 0.529314 0.716501 0.529314
3 0.716501 0.751711 1.000000 0.751711 1.000000 0.743345 0.716501 0.743345
2 0.831927 0.751711 0.946407 0.751711 0.946407 0.743345 0.831927 0.743345
3 0.076881 0.195958 0.076881 0.088665 0.057435 0.088665 0.057435 0.195958
