0 0.435501 0.699722 0.431078 0.699722 0.431078 0.719976 0.303963 0.719976 0.303963 0.597508 0.435501 0.597508
0 0.410239 0.724303 0.431078 0.724303 0.431078 0.816458 0.435501 0.816458 0.435501 0.854693 0.431078 0.854693 0.431078 0.906799 0.303963 0.906799 0.303963 0.724303 0.357357 0.724303 0.357357 0.719976 0.410239 0.719976
0 0.608680 0.744349 0.435619 0.744349 0.435619 0.699722 0.435501 0.699722 0.435501 0.597508 0.460057 0.597508 0.460057 0.541803 0.608680 0.541803
0 0.503916 0.772463 0.477627 0.799279 0.435689 0.799279 0.435619 0.772463 0.435619 0.748735 0.503916 0.748735
0 0.592171 0.906799 0.527253 0.906799 0.527253 0.843199 0.557056 0.843199 0.557056 0.873496 0.562645 0.873496 0.562645 0.836905 0.521664 0.836905 0.521664 0.882493 0.435689 0.882493 0.435689 0.803606 0.479108 0.803606 0.507758 0.774379 0.507758 0.748735 0.592171 0.748735
0 0.728872 0.744349 0.612522 0.744349 0.612522 0.597508 0.728872 0.597508
0 0.294531 0.818641 0.222239 0.818641 0.222239 0.503190 0.450626 0.503194 0.450626 0.586887 0.294531 0.586887 0.294531 0.818641
0 0.738276 0.917420 0.738276 0.999996 0.351496 0.998757 0.351496 0.917420 0.426188 0.917420 0.426188 0.952009 0.531095 0.952009 0.531095 0.917420 0.738276 0.917420
0 0.860124 0.999603 0.860124 0.684412 0.738303 0.684412 0.738276 0.999603 0.860124 0.999603
0 0.995459 0.684412 0.995459 0.609451 0.860124 0.609451 0.860124 0.684412 0.995459 0.684412
0 0.993363 0.992129 0.866761 0.992129 0.866761 0.766705 0.993363 0.766705
0 0.728872 0.827563 0.596014 0.827563 0.596014 0.748676 0.728872 0.748676
0 0.993363 0.761591 0.866761 0.761591 0.866761 0.691886 0.993363 0.691886
0 0.521664 0.941388 0.435619 0.941388 0.435619 0.887607 0.521664 0.887607
0 0.668145 0.906799 0.596014 0.906799 0.596014 0.831890 0.668145 0.831890
0 0.728872 0.906799 0.671988 0.906799 0.671988 0.831890 0.728872 0.831890
3 0.435619 0.941388 0.435619 0.906799 0.426188 0.917420 0.426188 0.952009
3 0.435619 0.906799 0.303963 0.906799 0.294531 0.917420 0.426188 0.917420
1 0.398617 0.906799 0.357214 0.906799 0.357214 0.917420 0.398617 0.917420
3 0.303963 0.906799 0.303963 0.597508 0.294531 0.586887 0.294531 0.917420
1 0.303963 0.687201 0.303963 0.641208 0.294531 0.641208 0.294531 0.687201
1 0.303963 0.803760 0.303963 0.782341 0.294531 0.782341 0.294531 0.803760
3 0.303963 0.597508 0.460057 0.597508 0.450626 0.586887 0.294531 0.586887
2 0.394118 0.597508 0.422143 0.597508 0.422143 0.586887 0.394118 0.586887
1 0.326734 0.597508 0.387335 0.597508 0.387335 0.586887 0.326734 0.586887
3 0.460057 0.597508 0.460057 0.541803 0.450626 0.531182 0.450626 0.586887
1 0.460057 0.574127 0.460057 0.551044 0.450626 0.551044 0.450626 0.574127
3 0.460057 0.541803 0.608680 0.541803 0.618111 0.531182 0.450626 0.531182
1 0.537432 0.541803 0.600537 0.541803 0.600537 0.531182 0.537432 0.531182
1 0.468870 0.541803 0.532713 0.541803 0.532713 0.531182 0.468870 0.531182
3 0.608680 0.541803 0.608680 0.597508 0.618111 0.586887 0.618111 0.531182
1 0.608680 0.553038 0.608680 0.575787 0.618111 0.575787 0.618111 0.553038
3 0.608680 0.597508 0.728872 0.597508 0.738303 0.586887 0.618111 0.586887
1 0.644033 0.597508 0.707725 0.597508 0.707725 0.586887 0.644033 0.586887
3 0.728872 0.597508 0.728872 0.906799 0.738303 0.917420 0.738303 0.586887
2 0.728872 0.776751 0.728872 0.808358 0.738303 0.808358 0.738303 0.776751
1 0.728872 0.697825 0.728872 0.719410 0.738303 0.719410 0.738303 0.697825
3 0.728872 0.906799 0.521664 0.906799 0.531095 0.917420 0.738303 0.917420
1 0.579352 0.906799 0.538218 0.906799 0.538218 0.917420 0.579352 0.917420
1 0.660300 0.906799 0.619428 0.906799 0.619428 0.917420 0.660300 0.917420
1 0.706695 0.906799 0.685904 0.906799 0.685904 0.917420 0.706695 0.917420
3 0.521664 0.906799 0.521664 0.941388 0.531095 0.952009 0.531095 0.917420
3 0.521664 0.941388 0.435619 0.941388 0.426188 0.952009 0.531095 0.952009
2 0.494540 0.941388 0.460714 0.941388 0.460714 0.952009 0.494540 0.952009
1 0.457004 0.941388 0.441345 0.941388 0.441345 0.952009 0.457004 0.952009
1 0.514461 0.941388 0.499867 0.941388 0.499867 0.952009 0.514461 0.952009
3 0.521664 0.906799 0.521664 0.836905 0.527253 0.843199 0.527253 0.906799
3 0.527253 0.843199 0.557056 0.843199 0.562645 0.836905 0.521664 0.836905
2 0.528870 0.843199 0.553877 0.843199 0.553877 0.836905 0.528870 0.836905
3 0.557056 0.843199 0.557056 0.873496 0.562645 0.873496 0.562645 0.836905
3 0.435619 0.906799 0.435619 0.882493 0.431078 0.882493 0.431078 0.906799
3 0.435619 0.887607 0.521664 0.887607 0.521664 0.882493 0.431078 0.882493
2 0.461353 0.887607 0.494107 0.887607 0.494107 0.882493 0.461353 0.882493
3 0.431078 0.882493 0.431078 0.854693 0.435619 0.854693 0.435619 0.882493
3 0.435619 0.816458 0.435619 0.699722 0.431078 0.699722 0.431078 0.816458
3 0.303963 0.724303 0.357357 0.724303 0.357357 0.719976 0.303963 0.719976
3 0.410239 0.724303 0.431078 0.724303 0.431078 0.719976 0.410239 0.719976
3 0.435619 0.748676 0.728872 0.748676 0.728872 0.744349 0.435619 0.744349
2 0.508408 0.748676 0.558991 0.748676 0.558991 0.744349 0.508408 0.744349
3 0.435619 0.803606 0.479108 0.803606 0.477627 0.799279 0.435619 0.799279
3 0.479108 0.803606 0.507758 0.774379 0.503916 0.772463 0.477627 0.799279
2 0.483132 0.799504 0.504702 0.777499 0.502120 0.774293 0.480551 0.796294
3 0.507758 0.774379 0.507758 0.748676 0.503916 0.748676 0.503916 0.772463
3 0.596014 0.906799 0.596014 0.748676 0.592171 0.748676 0.592171 0.906799
2 0.596014 0.809377 0.596014 0.774710 0.592171 0.774710 0.592171 0.809377
3 0.596014 0.831890 0.728872 0.831890 0.728872 0.827563 0.596014 0.827563
2 0.634455 0.831890 0.663042 0.831890 0.663042 0.827563 0.634455 0.827563
3 0.671988 0.906799 0.671988 0.831890 0.668145 0.831890 0.668145 0.906799
2 0.671988 0.860503 0.671988 0.836764 0.668145 0.836764 0.668145 0.860503
3 0.608680 0.597508 0.608680 0.744349 0.612522 0.744349 0.612522 0.597508
2 0.608680 0.687610 0.608680 0.734275 0.612522 0.734275 0.612522 0.687610
3 0.866761 0.992129 0.866761 0.691886 0.860124 0.684412 0.860124 0.999603
2 0.866761 0.807981 0.866761 0.775791 0.860124 0.775791 0.860124 0.807981
2 0.866761 0.752555 0.866761 0.720228 0.860124 0.720228 0.860124 0.752555
1 0.866761 0.971870 0.866761 0.937663 0.860124 0.937663 0.860124 0.971870
3 0.866761 0.691886 0.993363 0.691886 1.000000 0.684412 0.860124 0.684412
3 0.993363 0.691886 0.993363 0.992129 1.000000 0.999603 1.000000 0.684412
1 0.993363 0.699843 0.993363 0.721687 1.000000 0.721687 1.000000 0.699843
3 0.993363 0.992129 0.866761 0.992129 0.860124 0.999603 1.000000 0.999603
2 0.971874 0.992129 0.888065 0.992129 0.888065 0.999603 0.971874 0.999603
3 0.866761 0.766705 0.993363 0.766705 0.993363 0.761591 0.866761 0.761591
0 0.430904 0.244200 0.415789 0.244200 0.415789 0.331846 0.305636 0.331846 0.305636 0.098122 0.430904 0.098122
0 0.545466 0.212419 0.517815 0.244200 0.435330 0.244200 0.434980 0.098122 0.545466 0.098122
0 0.296554 0.189730 0.226700 0.189730 0.226696 0.315002 0.296554 0.315002 0.296554 0.189730
0 0.594208 0.407747 0.524102 0.407747 0.524102 0.443056 0.437013 0.443056 0.437013 0.407747 0.419981 0.407747 0.419981 0.248920 0.519582 0.248920 0.547876 0.216180 0.594208 0.216180
0 0.730549 0.256225 0.598399 0.256225 0.598399 0.216180 0.619676 0.216180 0.619676 0.098122 0.730549 0.098122
0 0.730549 0.407747 0.598399 0.407747 0.598399 0.260946 0.730549 0.260946
0 0.415789 0.407747 0.305636 0.407747 0.305636 0.336567 0.415789 0.336567
0 0.615484 0.211460 0.549657 0.211460 0.549657 0.098122 0.615484 0.098122
3 0.437013 0.443056 0.437013 0.407747 0.427931 0.417975 0.427931 0.453283
3 0.437013 0.407747 0.305636 0.407747 0.296554 0.417975 0.427931 0.417975
1 0.400843 0.407747 0.360470 0.407747 0.360470 0.417975 0.400843 0.417975
3 0.305636 0.407747 0.305636 0.098122 0.296554 0.087894 0.296554 0.417975
2 0.305636 0.238480 0.305636 0.207219 0.296554 0.207219 0.296554 0.238480
1 0.305636 0.165951 0.305636 0.142990 0.296554 0.142990 0.296554 0.165951
1 0.305636 0.297509 0.305636 0.254770 0.296554 0.254770 0.296554 0.297509
1 0.305636 0.362159 0.305636 0.338357 0.296554 0.338357 0.296554 0.362159
3 0.305636 0.098122 0.730549 0.098122 0.739631 0.087894 0.296554 0.087894
1 0.644951 0.098122 0.687158 0.098122 0.687158 0.087894 0.644951 0.087894
1 0.560542 0.098122 0.601830 0.098122 0.601830 0.087894 0.560542 0.087894
1 0.470627 0.098122 0.512376 0.098122 0.512376 0.087894 0.470627 0.087894
1 0.328037 0.098122 0.369761 0.098122 0.369761 0.087894 0.328037 0.087894
3 0.730549 0.098122 0.730549 0.407747 0.739631 0.417975 0.739631 0.087894
1 0.730549 0.118510 0.730549 0.141243 0.739631 0.141243 0.739631 0.118510
3 0.730549 0.407747 0.524102 0.407747 0.533184 0.417975 0.739631 0.417975
1 0.580728 0.407747 0.540051 0.407747 0.540051 0.417975 0.580728 0.417975
1 0.662078 0.407747 0.620332 0.407747 0.620332 0.417975 0.662078 0.417975
1 0.707495 0.407747 0.687462 0.407747 0.687462 0.417975 0.707495 0.417975
3 0.524102 0.407747 0.524102 0.443056 0.533184 0.453283 0.533184 0.417975
3 0.524102 0.443056 0.437013 0.443056 0.427931 0.453283 0.533184 0.453283
1 0.458090 0.443056 0.443409 0.443056 0.443409 0.453283 0.458090 0.453283
1 0.498152 0.443056 0.462065 0.443056 0.462065 0.453283 0.498152 0.453283
1 0.516044 0.443056 0.501516 0.443056 0.501516 0.453283 0.516044 0.453283
3 0.598399 0.407747 0.598399 0.216180 0.594208 0.211460 0.594208 0.407747
2 0.598399 0.296156 0.598399 0.265170 0.594208 0.265170 0.594208 0.296156
2 0.598399 0.253157 0.598399 0.221542 0.594208 0.221542 0.594208 0.253157
3 0.594208 0.216180 0.619676 0.216180 0.615484 0.211460 0.594208 0.211460
3 0.619676 0.216180 0.619676 0.098122 0.615484 0.098122 0.615484 0.211460
3 0.598399 0.260946 0.730549 0.260946 0.730549 0.256225 0.598399 0.256225
3 0.594208 0.211460 0.549657 0.211460 0.545466 0.216180 0.594208 0.216180
2 0.584053 0.211460 0.559679 0.211460 0.559679 0.216180 0.584053 0.216180
3 0.549657 0.211460 0.549657 0.098122 0.545466 0.098122 0.545466 0.216180
3 0.419981 0.407747 0.419981 0.248920 0.415789 0.244200 0.415789 0.407747
2 0.419981 0.283375 0.419981 0.253011 0.415789 0.253011 0.415789 0.283375
3 0.419981 0.248920 0.519582 0.248920 0.517815 0.244200 0.415789 0.244200
3 0.519582 0.248920 0.550206 0.213521 0.547202 0.210228 0.517815 0.244200
2 0.524462 0.243279 0.544407 0.220228 0.541403 0.216931 0.521458 0.239987
3 0.435095 0.244200 0.435095 0.098122 0.430904 0.098122 0.430904 0.244200
3 0.305636 0.336567 0.415789 0.336567 0.415789 0.331846 0.305636 0.331846
2 0.371588 0.336567 0.396874 0.336567 0.396874 0.331846 0.371588 0.331846
