0 0.106227 0.529512 0.024284 0.529512 0.024284 0.348846 0.106227 0.348846 0.106227 0.529512
0 0.557865 0.513600 0.121899 0.513600 0.121899 0.110027 0.557865 0.110027
0 0.963101 0.504487 0.982963 0.504487 0.982963 0.870773 0.692246 0.870773 0.692246 0.503978 0.708599 0.503978 0.708599 0.486708 0.963101 0.486708
0 0.982963 0.473978 0.692246 0.473978 0.692246 0.171755 0.736801 0.171755 0.736801 0.110027 0.982963 0.110027
0 0.684069 0.870773 0.566041 0.870773 0.566041 0.361576 0.684069 0.361576
0 0.684069 0.348846 0.566041 0.348846 0.566041 0.110027 0.684069 0.110027
3 0.121899 0.110027 0.982963 0.110027 0.999997 0.063351 0.106227 0.063351
3 0.982963 0.110027 0.982963 0.870773 0.999997 0.897293 0.999997 0.063351
1 0.982963 0.238352 0.982963 0.453176 0.999997 0.453176 0.999997 0.238352
1 0.982963 0.532015 0.982963 0.751761 0.999997 0.751761 0.999997 0.532015
3 0.982963 0.870773 0.566041 0.870773 0.549007 0.897293 0.999997 0.897293
2 0.656092 0.870773 0.590121 0.870773 0.590121 0.897293 0.656092 0.897293
3 0.566041 0.870773 0.566041 0.513600 0.549007 0.537998 0.549007 0.897293
3 0.566041 0.513600 0.121899 0.513600 0.106227 0.537998 0.549007 0.537998
3 0.121899 0.513600 0.121899 0.110027 0.106227 0.063351 0.106227 0.537998
1 0.121899 0.373478 0.121899 0.142933 0.106227 0.142933 0.106227 0.373478
2 0.121899 0.480014 0.121899 0.389358 0.106227 0.389358 0.106227 0.480014
3 0.566041 0.513600 0.566041 0.110027 0.557865 0.110027 0.557865 0.513600
2 0.566041 0.482773 0.566041 0.379896 0.557865 0.379896 0.557865 0.482773
3 0.566041 0.361576 0.684069 0.361576 0.692246 0.348846 0.566041 0.348846
2 0.582265 0.361576 0.635051 0.361576 0.635051 0.348846 0.582265 0.348846
3 0.692246 0.361576 0.692246 0.110027 0.684069 0.110027 0.684069 0.348846
3 0.692246 0.348846 0.692246 0.870773 0.684069 0.870773 0.684069 0.361576
2 0.692246 0.519731 0.692246 0.611576 0.684069 0.611576 0.684069 0.519731
2 0.692246 0.368980 0.692246 0.463805 0.684069 0.463805 0.684069 0.368980
3 0.692246 0.473978 0.708599 0.473978 0.708599 0.503978 0.692246 0.503978
3 0.708599 0.473978 0.963101 0.473978 0.963101 0.486708 0.708599 0.486708
3 0.963101 0.473978 0.982963 0.473978 0.982963 0.504487 0.963101 0.504487
3 0.736801 0.171755 0.692246 0.171755 0.692246 0.109740 0.736801 0.109740
