0 0.346571 0.495880 0.117294 0.495880 0.117294 0.287863 0.346571 0.287863
0 0.697739 0.448092 0.965100 0.448092 0.965100 0.448172 0.696302 0.448172 0.696302 0.495880 0.359959 0.495880 0.359959 0.287863 0.697739 0.287863
0 0.696302 0.578826 0.572422 0.578826 0.572422 0.495880 0.696302 0.495880
0 0.965100 0.448092 0.697739 0.448092 0.697739 0.287863 0.965100 0.287863
0 0.965100 0.678461 0.709690 0.678461 0.709690 0.515512 0.965100 0.515512
0 0.559034 0.578826 0.316601 0.578826 0.316601 0.578809 0.293922 0.578809 0.293922 0.502215 0.559034 0.502215
0 0.696302 0.678461 0.523887 0.678461 0.523887 0.585162 0.696302 0.585162
0 0.492649 0.678461 0.316601 0.678461 0.316601 0.594032 0.492649 0.594032
0 0.280534 0.578809 0.117294 0.578809 0.117294 0.502215 0.280534 0.502215
0 0.965100 0.509176 0.838872 0.509176 0.838872 0.454508 0.965100 0.454508
0 0.825484 0.509176 0.709690 0.509176 0.709690 0.454508 0.825484 0.454508
0 0.713867 0.999962 0.312602 1.000000 0.312602 0.759891 0.713867 0.759891
0 0.978300 0.812650 0.714019 0.812650 0.714019 0.999962 0.713867 0.999962 0.713867 0.759891 0.312602 0.759891 0.312602 0.694511 0.978300 0.694389
0 0.110341 0.271813 0.110341 0.154142 0.978416 0.154142 0.977890 0.271813 0.110341 0.271813 0.110341 0.271813
3 0.965100 0.678461 0.965100 0.287863 0.999016 0.271813 0.999016 0.694355
1 0.965100 0.535655 0.965100 0.516221 0.999016 0.516221 0.999016 0.535655
1 0.965100 0.447560 0.965100 0.386019 0.999016 0.386019 0.999016 0.447560
1 0.965100 0.381018 0.965100 0.319862 0.999016 0.319862 0.999016 0.381018
3 0.965100 0.287863 0.117294 0.287863 0.084271 0.271813 0.999016 0.271813
1 0.877330 0.287863 0.712341 0.287863 0.712341 0.271813 0.877330 0.271813
2 0.671303 0.287863 0.586693 0.287863 0.586693 0.271813 0.671303 0.271813
1 0.554964 0.287863 0.369241 0.287863 0.369241 0.271813 0.554964 0.271813
1 0.323982 0.287863 0.158992 0.287863 0.158992 0.271813 0.323982 0.271813
3 0.117294 0.287863 0.117294 0.578809 0.084271 0.594015 0.084271 0.271813
3 0.523887 0.578826 0.523887 0.678461 0.492649 0.678461 0.492649 0.594032
3 0.316601 0.578809 0.316601 0.678461 0.295181 0.694355 0.295181 0.594015
3 0.492649 0.578826 0.709690 0.578826 0.696302 0.585162 0.492649 0.585162
2 0.601196 0.578826 0.685369 0.578826 0.685369 0.585162 0.601196 0.585162
3 0.709690 0.578826 0.709690 0.678461 0.696302 0.678461 0.696302 0.585162
3 0.709690 0.585162 0.709690 0.454508 0.696302 0.448172 0.696302 0.585162
2 0.709690 0.554455 0.709690 0.518367 0.696302 0.518367 0.696302 0.554455
2 0.709690 0.505480 0.709690 0.470761 0.696302 0.470761 0.696302 0.505480
3 0.696302 0.448172 0.965100 0.448172 0.965100 0.454508 0.709690 0.454508
3 0.709690 0.515512 0.965100 0.515512 0.965100 0.509176 0.709690 0.509176
2 0.844504 0.515512 0.921287 0.515512 0.921287 0.509176 0.844504 0.509176
3 0.838872 0.509176 0.838872 0.454508 0.825484 0.454508 0.825484 0.509176
3 0.572422 0.578826 0.572422 0.495880 0.559034 0.502215 0.559034 0.578826
2 0.572422 0.576157 0.572422 0.539942 0.559034 0.539942 0.559034 0.576157
3 0.572422 0.495880 0.117294 0.495880 0.117294 0.502215 0.559034 0.502215
3 0.293922 0.502215 0.293922 0.578809 0.280534 0.578809 0.280534 0.502215
2 0.293922 0.548242 0.293922 0.575549 0.280534 0.575549 0.280534 0.548242
3 0.359959 0.495880 0.359959 0.287863 0.346571 0.287863 0.346571 0.495880
2 0.359959 0.356939 0.359959 0.321412 0.346571 0.321412 0.346571 0.356939
3 0.110341 0.271813 0.110341 0.154142 0.095169 0.154142 0.095169 0.271813
3 0.312602 0.694511 0.312602 1.000000 0.295645 1.000000 0.295645 0.694511
3 0.523887 0.578826 0.316601 0.578826 0.316601 0.594032 0.492649 0.594032
3 0.295181 0.594015 0.084271 0.594015 0.117294 0.578809 0.316601 0.578809
3 0.316601 0.678461 0.965100 0.678461 0.999016 0.694355 0.295181 0.694355
2 0.401148 0.678461 0.485071 0.678461 0.485071 0.694355 0.401148 0.694355
2 0.600893 0.678461 0.683138 0.678461 0.683138 0.694355 0.600893 0.694355
1 0.751397 0.678461 0.919243 0.678461 0.919243 0.694355 0.751397 0.694355
