0 0.294484 0.892885 0.294484 1.000000 0.476964 1.000000 0.476964 0.892878 0.294484 0.892885
0 0.659376 0.665437 0.453884 0.665437 0.453884 0.523542 0.659376 0.523542
0 0.659376 0.867144 0.453884 0.867144 0.453884 0.665437 0.659376 0.665437
0 0.659376 0.523542 0.453884 0.523542 0.453884 0.524647 0.325367 0.524647 0.325367 0.250093 0.659376 0.250093
0 0.453884 0.867144 0.453736 0.867144 0.453736 0.636614 0.446356 0.636614 0.446356 0.867144 0.325367 0.867144 0.325367 0.524647 0.453884 0.524647
0 0.895026 0.480030 0.773642 0.480030 0.773642 0.521192 0.666756 0.521192 0.666756 0.250093 0.895026 0.250093
0 0.317316 0.513068 0.124820 0.513068 0.124820 0.250093 0.317316 0.250093
0 0.317316 0.867144 0.124820 0.867144 0.124820 0.622635 0.317316 0.622635
0 0.785135 0.732334 0.895026 0.732334 0.895026 0.867144 0.666756 0.867144 0.666756 0.692935 0.785135 0.692935
0 0.773642 0.561030 0.785135 0.635963 0.785135 0.686348 0.666756 0.686348 0.666756 0.529243 0.773642 0.529243
0 0.895026 0.627912 0.791173 0.627912 0.781022 0.560357 0.781022 0.488081 0.895026 0.488081
0 0.317316 0.616048 0.214369 0.616048 0.214369 0.519655 0.317316 0.519655
0 0.895026 0.725014 0.795199 0.725014 0.795199 0.652782 0.792515 0.635963 0.895026 0.635963
0 0.207659 0.616048 0.124820 0.616048 0.124820 0.519655 0.207659 0.519655
3 0.124820 0.250093 0.895026 0.250093 0.918509 0.225208 0.101337 0.225208
1 0.203734 0.250093 0.299825 0.250093 0.299825 0.225208 0.203734 0.225208
1 0.394064 0.250093 0.470194 0.250093 0.470194 0.225208 0.394064 0.225208
1 0.476695 0.250093 0.553289 0.250093 0.553289 0.225208 0.476695 0.225208
2 0.561179 0.250093 0.615490 0.250093 0.615490 0.225208 0.561179 0.225208
1 0.722262 0.250093 0.816031 0.250093 0.816031 0.225208 0.722262 0.225208
3 0.895026 0.250093 0.895026 0.867144 0.918509 0.892761 0.918509 0.225208
1 0.895026 0.429587 0.895026 0.467060 0.918509 0.467060 0.918509 0.429587
1 0.895026 0.541503 0.895026 0.579482 0.918509 0.579482 0.918509 0.541503
2 0.895026 0.756648 0.895026 0.817455 0.918509 0.817455 0.918509 0.756648
3 0.895026 0.867144 0.124820 0.867144 0.101337 0.892761 0.918509 0.892761
2 0.389454 0.867144 0.329896 0.867144 0.329896 0.892761 0.389454 0.892761
1 0.266614 0.867144 0.191483 0.867144 0.191483 0.892761 0.266614 0.892761
1 0.555315 0.867144 0.479641 0.867144 0.479641 0.892761 0.555315 0.892761
1 0.780049 0.867144 0.706093 0.867144 0.706093 0.892761 0.780049 0.892761
3 0.124820 0.867144 0.124820 0.250093 0.101337 0.225208 0.101337 0.892761
1 0.124820 0.695131 0.124820 0.657108 0.101337 0.657108 0.101337 0.695131
1 0.124820 0.476956 0.124820 0.438560 0.101337 0.438560 0.101337 0.476956
3 0.325367 0.250093 0.325367 0.892761 0.317316 0.892761 0.317316 0.250093
2 0.325367 0.628681 0.325367 0.685535 0.317316 0.685535 0.317316 0.628681
2 0.325367 0.550783 0.325367 0.609483 0.317316 0.609483 0.317316 0.550783
2 0.325367 0.448894 0.325367 0.506854 0.317316 0.506854 0.317316 0.448894
3 0.325367 0.616048 0.101337 0.616048 0.101337 0.622635 0.325367 0.622635
3 0.101337 0.519655 0.325367 0.519655 0.325367 0.513068 0.101337 0.513068
2 0.162385 0.519655 0.202312 0.519655 0.202312 0.513068 0.162385 0.513068
3 0.207659 0.513068 0.207659 0.622635 0.214369 0.622635 0.214369 0.513068
3 0.446356 0.636614 0.446356 0.867144 0.453736 0.867144 0.453736 0.636614
3 0.666756 0.867144 0.666756 0.250093 0.659376 0.250093 0.659376 0.867144
2 0.666756 0.407805 0.666756 0.317670 0.659376 0.317670 0.659376 0.407805
2 0.666756 0.814951 0.666756 0.757065 0.659376 0.757065 0.659376 0.814951
3 0.666756 0.529243 0.773642 0.529243 0.781022 0.521192 0.666756 0.521192
3 0.781022 0.529243 0.781022 0.488081 0.773642 0.480030 0.773642 0.529243
3 0.781022 0.488081 0.895026 0.488081 0.895026 0.480030 0.773642 0.480030
3 0.781022 0.521192 0.781022 0.560357 0.773642 0.561030 0.773642 0.529243
3 0.785135 0.627912 0.895026 0.627912 0.895026 0.635963 0.795199 0.635963
3 0.785135 0.627912 0.785135 0.732334 0.795199 0.725014 0.795199 0.635963
3 0.785135 0.732334 0.895026 0.732334 0.895026 0.725014 0.795199 0.725014
2 0.802519 0.732334 0.848779 0.732334 0.848779 0.725014 0.802519 0.725014
3 0.666756 0.692935 0.785135 0.692935 0.785135 0.686348 0.666756 0.686348
2 0.726610 0.692935 0.778399 0.692935 0.778399 0.686348 0.726610 0.686348
3 0.781022 0.560357 0.795199 0.652782 0.785135 0.635963 0.773642 0.561030
2 0.781498 0.563482 0.790167 0.619971 0.782887 0.621303 0.774219 0.564814
