0 0.207889 0.651643 0.084449 0.651643 0.084449 0.558385 0.207889 0.558385
0 0.405187 0.653336 0.405003 0.651643 0.222668 0.651643 0.222668 0.558385 0.405003 0.558385
0 0.405003 0.886493 0.084449 0.886493 0.084449 0.660791 0.405003 0.660791 0.405003 0.653336 0.405187 0.653336
0 0.964284 0.886493 0.620897 0.886493 0.620897 0.794485 0.621439 0.794485 0.621439 0.886493 0.636218 0.886493 0.636218 0.589550 0.964284 0.589550
0 0.620897 0.886493 0.419782 0.886493 0.419782 0.794485 0.620897 0.794485
0 0.621439 0.580401 0.621439 0.785337 0.419782 0.785337 0.419782 0.580401
0 0.779241 0.580401 0.500018 0.580401 0.500018 0.236116 0.779241 0.236116
0 0.500018 0.580401 0.419782 0.580401 0.419782 0.549237 0.084449 0.549237 0.084449 0.236116 0.500018 0.236116
0 0.964284 0.475052 0.794020 0.475052 0.794020 0.475006 0.964284 0.475006 0.964284 0.465858 0.794020 0.465858 0.794020 0.236116 0.964284 0.236116
0 0.964284 0.580401 0.794020 0.580401 0.794020 0.475052 0.964284 0.475052
0 0.068438 0.910126 0.068438 1.000000 0.546794 1.000000 0.546794 0.910126 0.068438 0.910126 0.068438 0.910126
0 0.960996 0.215532 0.960996 0.057855 0.467394 0.057855 0.467394 0.215647 0.960996 0.215532 0.960996 0.215532
3 0.052428 0.215532 0.052428 0.910126 0.084449 0.886493 0.084449 0.236116
2 0.430533 0.910126 0.536682 0.910126 0.536682 0.886493 0.430533 0.886493
1 0.174772 0.910126 0.356688 0.910126 0.356688 0.886493 0.174772 0.886493
1 0.688227 0.910126 0.876128 0.910126 0.876128 0.886493 0.688227 0.886493
2 0.885402 0.215532 0.796667 0.215532 0.796667 0.236116 0.885402 0.236116
1 0.685949 0.215532 0.513985 0.215532 0.513985 0.236116 0.685949 0.236116
1 0.360075 0.215532 0.147271 0.215532 0.147271 0.236116 0.360075 0.236116
3 0.405003 0.886493 0.405003 0.558385 0.419782 0.549237 0.419782 0.886493
2 0.405003 0.766598 0.405003 0.702576 0.419782 0.702576 0.419782 0.766598
2 0.405003 0.615637 0.405003 0.562052 0.419782 0.562052 0.419782 0.615637
3 0.419782 0.549237 0.084449 0.549237 0.084449 0.558385 0.405003 0.558385
3 0.084449 0.660791 0.405003 0.660791 0.405003 0.651643 0.084449 0.651643
2 0.127308 0.660791 0.198616 0.660791 0.198616 0.651643 0.127308 0.651643
3 0.207889 0.558385 0.207889 0.651643 0.222668 0.651643 0.222668 0.558385
3 0.636218 0.886493 0.636218 0.589550 0.621439 0.580401 0.621439 0.886493
2 0.636218 0.697857 0.636218 0.642930 0.621439 0.642930 0.621439 0.697857
3 0.636218 0.589550 0.964284 0.589550 0.964284 0.580401 0.621439 0.580401
3 0.794020 0.580401 0.794020 0.236116 0.779241 0.236116 0.779241 0.580401
2 0.794020 0.363063 0.794020 0.294497 0.779241 0.294497 0.779241 0.363063
3 0.419782 0.794485 0.621439 0.794485 0.621439 0.785337 0.419782 0.785337
2 0.427811 0.794485 0.533961 0.794485 0.533961 0.785337 0.427811 0.785337
3 0.794020 0.475006 0.964284 0.475006 0.964284 0.465858 0.794020 0.465858
2 0.801039 0.475006 0.874207 0.475006 0.874207 0.465858 0.801039 0.465858
3 0.875229 0.386977 0.964284 0.386977 0.964284 0.377829 0.875229 0.377829
3 0.500647 0.386977 0.500647 0.483789 0.515425 0.483789 0.515425 0.386977
