0 0.958791 0.617928 0.368339 0.617928 0.368339 0.080428 0.957350 0.080428
0 0.958791 0.882576 0.368339 0.882576 0.368339 0.635124 0.958791 0.635124
0 0.352729 0.353858 0.079693 0.353858 0.079693 0.080428 0.352729 0.080428
0 0.313105 0.695777 0.352729 0.695777 0.352729 0.882576 0.079693 0.882576 0.079693 0.633810 0.313105 0.633810
0 0.352729 0.551244 0.313105 0.551244 0.313105 0.615386 0.079693 0.615386 0.079693 0.369826 0.352729 0.369826
3 0.975625 0.901000 0.062883 0.901000 0.079693 0.882576 0.958791 0.882576
2 0.531760 0.901000 0.434980 0.901000 0.434980 0.882576 0.531760 0.882576
1 0.902980 0.901000 0.687363 0.901000 0.687363 0.882576 0.902980 0.882576
1 0.313753 0.901000 0.277251 0.901000 0.277251 0.882576 0.313753 0.882576
1 0.276951 0.901000 0.158402 0.901000 0.158402 0.882576 0.276951 0.882576
3 0.062883 0.901000 0.062883 0.062004 0.079693 0.062004 0.079693 0.882576
1 0.062883 0.539146 0.062883 0.475692 0.079693 0.475692 0.079693 0.539146
1 0.062883 0.475668 0.062883 0.436018 0.079693 0.436018 0.079693 0.475668
1 0.062883 0.294028 0.062883 0.176309 0.079693 0.176309 0.079693 0.294028
1 0.062883 0.176591 0.062883 0.138907 0.079693 0.138907 0.079693 0.176591
3 0.062883 0.062004 0.974124 0.062004 0.957350 0.080428 0.062883 0.080428
1 0.417833 0.062004 0.533501 0.062004 0.533501 0.080428 0.417833 0.080428
1 0.533224 0.062004 0.570171 0.062004 0.570171 0.080428 0.533224 0.080428
3 0.974124 0.062004 0.975625 0.901000 0.958791 0.882576 0.957350 0.080428
1 0.974556 0.302995 0.974953 0.524861 0.958142 0.524885 0.957746 0.303031
1 0.975313 0.724519 0.975529 0.842042 0.958719 0.842067 0.958502 0.724544
1 0.975241 0.683728 0.975313 0.723586 0.958502 0.723610 0.958430 0.683765
3 0.975157 0.635124 0.337888 0.635124 0.337888 0.617928 0.975157 0.617928
2 0.610132 0.635124 0.518780 0.635124 0.518780 0.617928 0.610132 0.617928
1 0.855635 0.635124 0.690053 0.635124 0.690053 0.617928 0.855635 0.617928
3 0.368339 0.901000 0.368339 0.551244 0.352729 0.551244 0.352729 0.901000
2 0.368339 0.841575 0.368339 0.768443 0.352729 0.768443 0.352729 0.841575
3 0.368339 0.551244 0.368339 0.062004 0.352729 0.062004 0.352729 0.551244
2 0.368339 0.265298 0.368339 0.183298 0.352729 0.183298 0.352729 0.265298
2 0.368339 0.479795 0.368339 0.384307 0.352729 0.384307 0.352729 0.479795
3 0.062883 0.369826 0.368339 0.369826 0.368339 0.353858 0.062883 0.353858
3 0.062883 0.633810 0.324680 0.633810 0.324680 0.615386 0.062883 0.615386
3 0.368339 0.695777 0.368339 0.551244 0.313105 0.551244 0.313105 0.695777
3 0.062883 0.062004 0.062883 0.038482 0.079621 0.038482 0.079621 0.062004
3 0.079693 0.062004 0.039252 0.062004 0.039252 0.079200 0.062883 0.079200
3 0.352729 0.062004 0.352729 0.038261 0.368339 0.038261 0.368339 0.062004
3 0.621155 0.037807 0.621155 0.105854 0.638085 0.105854 0.638085 0.037807
3 0.974124 0.062004 0.974124 0.039772 0.958514 0.039772 0.958514 0.062004
3 0.974124 0.062004 0.996938 0.062004 0.996938 0.081595 0.974124 0.081595
3 0.975145 0.635124 0.998283 0.635124 0.998283 0.617928 0.975145 0.617928
3 0.975625 0.901000 1.000000 0.901000 1.000000 0.883804 0.975625 0.883804
3 0.975625 0.901000 0.975625 0.925320 0.958815 0.925320 0.958815 0.901000
3 0.620602 0.858550 0.620602 0.924718 0.637413 0.924718 0.637413 0.858550
3 0.352729 0.901000 0.352729 0.923404 0.368339 0.923404 0.368339 0.901000
3 0.062883 0.901000 0.062883 0.923416 0.078492 0.923416 0.078492 0.901000
3 0.062883 0.901000 0.038424 0.901000 0.038424 0.883349 0.062883 0.883349
3 0.062883 0.633810 0.038604 0.633810 0.038604 0.615386 0.062883 0.615386
3 0.062883 0.369826 0.038160 0.369826 0.038160 0.352630 0.062883 0.352630
3 0.368339 0.369826 0.392042 0.369826 0.392042 0.353858 0.368339 0.353858
