0 0.476364 0.466064 0.484163 0.466064 0.484163 0.536828 0.473764 0.536828 0.473764 0.545638 0.513081 0.545638 0.513081 0.627335 0.438393 0.627335 0.438393 0.670298 0.312618 0.670298 0.312618 0.366442 0.476364 0.366442
0 0.792725 0.536828 0.586625 0.536828 0.586625 0.546247 0.521400 0.545638 0.521400 0.536828 0.484163 0.536828 0.484163 0.214662 0.792725 0.214662
0 0.586625 0.546247 0.586625 0.594344 0.598064 0.594344 0.598064 0.547240 0.663096 0.547240 0.663096 0.594344 0.668815 0.594344 0.668815 0.547240 0.854212 0.547240 0.854212 0.692075 0.662056 0.692075 0.662056 0.725867 0.521400 0.725867 0.521400 0.545638
0 0.954178 0.692075 0.861199 0.692075 0.861199 0.595481 0.954178 0.595481
0 0.792725 0.981578 0.668815 0.981578 0.668815 0.702488 0.792725 0.702488
0 0.954178 0.981578 0.798964 0.981578 0.798964 0.702488 0.954178 0.702488
0 0.450352 0.879954 0.450352 1.000000 0.656857 1.000000 0.656857 0.879954 0.450352 0.879954
0 0.194001 0.351224 0.473764 0.351224 0.473764 0.198643 0.194001 0.198643 0.194001 0.351224
0 0.032844 0.526303 0.032844 0.675031 0.178715 0.675031 0.178507 0.526303 0.032844 0.526303 0.032844 0.526303
0 0.183082 0.507881 0.031804 0.507881 0.031804 0.093519 0.183082 0.093519
0 0.954178 0.585870 0.860971 0.585870 0.860971 0.536828 0.798964 0.536828 0.798964 0.214662 0.954178 0.214662
0 0.438393 0.981578 0.312618 0.981578 0.312618 0.681511 0.438393 0.681511
0 0.305339 0.670298 0.190465 0.670298 0.190465 0.507881 0.190361 0.507881 0.190361 0.366442 0.305339 0.366442
0 0.305339 0.981578 0.190465 0.981578 0.190465 0.822374 0.305339 0.822374
0 0.305339 0.779307 0.254006 0.779307 0.254006 0.810359 0.190465 0.810359 0.190465 0.681511 0.305339 0.681511
0 0.662056 0.861532 0.592474 0.861532 0.592474 0.736280 0.662056 0.736280
0 0.514121 0.861532 0.446192 0.861532 0.446192 0.736280 0.514121 0.736280
0 0.585715 0.861532 0.521400 0.861532 0.521400 0.736280 0.585715 0.736280
0 0.512561 0.722664 0.446192 0.722664 0.446192 0.640951 0.512561 0.640951
3 0.031804 0.093519 0.183082 0.093519 0.194001 0.081505 0.024005 0.081505
3 0.183082 0.093519 0.183082 0.366442 0.194001 0.351224 0.194001 0.081505
3 0.183082 0.366442 0.484163 0.366442 0.473764 0.351224 0.194001 0.351224
2 0.197692 0.366442 0.237347 0.366442 0.237347 0.351224 0.197692 0.351224
1 0.242256 0.366442 0.302744 0.366442 0.302744 0.351224 0.242256 0.351224
1 0.356333 0.366442 0.450669 0.366442 0.450669 0.351224 0.356333 0.351224
3 0.484163 0.366442 0.484163 0.214662 0.473764 0.198643 0.473764 0.351224
2 0.484163 0.342133 0.484163 0.271842 0.473764 0.271842 0.473764 0.342133
3 0.484163 0.214662 0.954178 0.214662 0.964577 0.198643 0.473764 0.198643
1 0.532776 0.214662 0.551270 0.214662 0.551270 0.198643 0.532776 0.198643
1 0.554717 0.214662 0.618024 0.214662 0.618024 0.198643 0.554717 0.198643
1 0.623036 0.214662 0.683524 0.214662 0.683524 0.198643 0.623036 0.198643
1 0.687907 0.214662 0.752784 0.214662 0.752784 0.198643 0.687907 0.198643
1 0.810137 0.214662 0.902274 0.214662 0.902274 0.198643 0.810137 0.198643
3 0.954178 0.214662 0.954178 0.981578 0.964577 1.000000 0.964577 0.198643
1 0.954178 0.596987 0.954178 0.648264 0.964577 0.648264 0.964577 0.596987
3 0.954178 0.981578 0.668815 0.981578 0.656857 1.000000 0.964577 1.000000
1 0.903475 0.981578 0.814167 0.981578 0.814167 1.000000 0.903475 1.000000
1 0.792085 0.981578 0.712666 0.981578 0.712666 1.000000 0.792085 1.000000
3 0.656857 1.000000 0.656857 0.879954 0.668815 0.861532 0.668815 0.981578
3 0.668815 0.861532 0.438393 0.861532 0.450352 0.879954 0.656857 0.879954
2 0.584597 0.861532 0.537076 0.861532 0.537076 0.879954 0.584597 0.879954
1 0.656010 0.861532 0.593915 0.861532 0.593915 0.879954 0.656010 0.879954
1 0.535906 0.861532 0.522289 0.861532 0.522289 0.879954 0.535906 0.879954
1 0.513570 0.861532 0.450955 0.861532 0.450955 0.879954 0.513570 0.879954
3 0.438393 0.861532 0.438393 0.981578 0.450352 1.000000 0.450352 0.879954
3 0.450352 1.000000 0.178507 1.000000 0.190465 0.981578 0.438393 0.981578
1 0.407551 1.000000 0.329895 1.000000 0.329895 0.981578 0.407551 0.981578
1 0.295585 1.000000 0.217928 1.000000 0.217928 0.981578 0.295585 0.981578
3 0.178507 1.000000 0.178507 0.526303 0.190465 0.507881 0.190465 0.981578
2 0.178507 0.665476 0.178507 0.593759 0.190465 0.593759 0.190465 0.665476
1 0.178507 0.807764 0.178507 0.706300 0.190465 0.706300 0.190465 0.807764
3 0.178507 0.526303 0.024005 0.526303 0.031804 0.507881 0.190465 0.507881
2 0.167869 0.526303 0.039036 0.526303 0.039036 0.507881 0.167869 0.507881
3 0.031804 0.507881 0.031804 0.093519 0.024005 0.081505 0.024005 0.526303
1 0.031804 0.360299 0.031804 0.257241 0.024005 0.257241 0.024005 0.360299
1 0.031804 0.248726 0.031804 0.152909 0.024005 0.152909 0.024005 0.248726
3 0.183082 0.366442 0.183082 0.522931 0.190361 0.522931 0.190361 0.366442
3 0.312618 0.981578 0.312618 0.366442 0.305339 0.366442 0.305339 0.981578
2 0.312618 0.942204 0.312618 0.888868 0.305339 0.888868 0.305339 0.942204
3 0.190465 0.681511 0.446192 0.681511 0.438393 0.670298 0.190465 0.670298
2 0.196216 0.681511 0.238715 0.681511 0.238715 0.670298 0.196216 0.670298
3 0.438393 0.681511 0.438393 0.861532 0.446192 0.861532 0.446192 0.670298
2 0.438393 0.761894 0.438393 0.823271 0.446192 0.823271 0.446192 0.761894
3 0.305339 0.822374 0.254006 0.822374 0.254006 0.779307 0.305339 0.779307
3 0.254006 0.822374 0.190465 0.822374 0.190465 0.810359 0.254006 0.810359
3 0.446192 0.681511 0.446192 0.640951 0.438393 0.627335 0.438393 0.670298
3 0.446192 0.640951 0.521400 0.640951 0.513081 0.627335 0.438393 0.627335
2 0.448059 0.640951 0.482390 0.640951 0.482390 0.627335 0.448059 0.627335
3 0.512561 0.640951 0.512561 0.736280 0.521400 0.736280 0.521400 0.627335
3 0.521400 0.736280 0.438393 0.736280 0.438393 0.722664 0.512561 0.722664
3 0.521400 0.736280 0.521400 0.861532 0.514121 0.861532 0.514121 0.725867
2 0.521400 0.764113 0.521400 0.824753 0.514121 0.824753 0.514121 0.764113
3 0.521400 0.736280 0.668815 0.736280 0.662056 0.725867 0.514121 0.725867
2 0.538516 0.736280 0.582434 0.736280 0.582434 0.725867 0.538516 0.725867
2 0.627076 0.736280 0.660673 0.736280 0.660673 0.725867 0.627076 0.725867
1 0.522778 0.736280 0.536894 0.736280 0.536894 0.725867 0.522778 0.725867
3 0.668815 0.725867 0.668815 0.861532 0.662056 0.861532 0.662056 0.725867
3 0.592474 0.861532 0.592474 0.736280 0.585715 0.736280 0.585715 0.861532
3 0.668815 0.736280 0.668815 0.702488 0.662056 0.692075 0.662056 0.725867
3 0.668815 0.702488 0.954178 0.702488 0.954178 0.692075 0.662056 0.692075
2 0.749248 0.702488 0.792163 0.702488 0.792163 0.692075 0.749248 0.692075
2 0.800191 0.702488 0.842726 0.702488 0.842726 0.692075 0.800191 0.692075
3 0.798964 0.702488 0.798964 0.981578 0.792725 0.981578 0.792725 0.702488
3 0.860971 0.692075 0.860971 0.536828 0.854212 0.547240 0.854212 0.692075
2 0.860971 0.647134 0.860971 0.600984 0.854212 0.600984 0.854212 0.647134
3 0.854212 0.547240 0.598064 0.547240 0.586625 0.536828 0.860971 0.536828
2 0.847536 0.547240 0.807590 0.547240 0.807590 0.536828 0.847536 0.536828
3 0.598064 0.547240 0.598064 0.594344 0.586625 0.594344 0.586625 0.536828
3 0.668815 0.547240 0.668815 0.594344 0.663096 0.594344 0.663096 0.547240
3 0.792725 0.536828 0.792725 0.214662 0.798964 0.214662 0.798964 0.536828
3 0.860971 0.595481 0.954178 0.595481 0.954178 0.585870 0.860971 0.585870
3 0.521400 0.640951 0.521400 0.536828 0.513081 0.545638 0.513081 0.627335
2 0.521400 0.613590 0.521400 0.550420 0.513081 0.550420 0.513081 0.613590
3 0.521400 0.536828 0.473764 0.536828 0.473764 0.545638 0.513081 0.545638
3 0.484163 0.366442 0.484163 0.466064 0.476364 0.466064 0.476364 0.366442
3 0.024005 0.526303 0.024005 0.675031 0.032844 0.675031 0.032844 0.526303
