0 0.295727 0.553170 0.295424 0.553170 0.295424 0.561251 0.191015 0.561251 0.191015 0.447893 0.295727 0.447893
0 0.295424 0.706348 0.191015 0.706348 0.191083 0.606106 0.191015 0.605805 0.191015 0.574452 0.295424 0.574452
0 0.295424 0.848134 0.191015 0.848134 0.191015 0.713132 0.295424 0.713132
0 0.566047 0.441221 0.404244 0.441221 0.404244 0.213984 0.566047 0.213984
0 0.173348 0.615153 0.173348 0.706348 0.173279 0.706348 0.173279 0.713132 0.173348 0.713132 0.173348 0.848850 0.048474 0.781794 0.109959 0.584101
0 0.434382 0.848134 0.300573 0.848134 0.300573 0.802020 0.334847 0.802020 0.334847 0.787343 0.300573 0.787343 0.300573 0.561463 0.434382 0.561463
0 0.981693 0.487154 0.816657 0.487154 0.816657 0.213984 0.981693 0.213984
0 0.399095 0.441221 0.300876 0.441221 0.300876 0.441108 0.191015 0.441108 0.191015 0.213984 0.399095 0.213984
0 0.981693 0.848134 0.816657 0.848134 0.816657 0.493637 0.981693 0.493637
0 0.571304 0.848134 0.571173 0.848134 0.571173 0.563219 0.566127 0.563219 0.566127 0.848134 0.438959 0.848134 0.438959 0.553170 0.300876 0.553170 0.300876 0.448006 0.571196 0.448006 0.571196 0.213984 0.571304 0.213984
0 0.811291 0.848134 0.571304 0.848134 0.571304 0.563219 0.811291 0.563219
0 0.811291 0.563219 0.571304 0.563219 0.571304 0.213984 0.811291 0.213984
0 0.444680 0.871029 0.571310 0.871044 0.571310 0.931293 0.444863 0.931293 0.444680 0.871029 0.444680 0.871029
0 0.606443 0.159864 0.704696 0.159864 0.704696 0.188338 0.606689 0.188338 0.606443 0.159864 0.606443 0.159864
0 0.606443 0.098703 0.606443 0.188353 0.365186 0.188353 0.365186 0.019548 0.750608 0.019548 0.750608 0.188277 0.704719 0.188277 0.704696 0.098703 0.606443 0.098703 0.606443 0.098703
3 0.173279 0.188353 1.000000 0.188353 0.981693 0.213984 0.191015 0.213984
2 0.642829 0.188353 0.691115 0.188353 0.691115 0.213984 0.642829 0.213984
1 0.847179 0.188353 0.912639 0.188353 0.912639 0.213984 0.847179 0.213984
1 0.709302 0.188353 0.774545 0.188353 0.774545 0.213984 0.709302 0.213984
1 0.469361 0.188353 0.535491 0.188353 0.535491 0.213984 0.469361 0.213984
1 0.260846 0.188353 0.328268 0.188353 0.328268 0.213984 0.260846 0.213984
3 1.000000 0.188353 1.000000 0.871044 0.981693 0.848134 0.981693 0.213984
1 1.000000 0.578628 1.000000 0.620211 0.981693 0.620211 0.981693 0.578628
1 1.000000 0.398598 1.000000 0.440279 0.981693 0.440279 0.981693 0.398598
3 1.000000 0.871044 0.173279 0.871044 0.191015 0.848134 0.981693 0.848134
2 0.560183 0.871044 0.507211 0.871044 0.507211 0.848134 0.560183 0.848134
1 0.261635 0.871044 0.229094 0.871044 0.229094 0.848134 0.261635 0.848134
1 0.399135 0.871044 0.366925 0.871044 0.366925 0.848134 0.399135 0.848134
1 0.707008 0.871044 0.641284 0.871044 0.641284 0.848134 0.707008 0.848134
1 0.911873 0.871044 0.846802 0.871044 0.846802 0.848134 0.911873 0.848134
3 0.173279 0.871044 0.173279 0.188353 0.191015 0.213984 0.191015 0.848134
3 0.571173 0.871044 0.571173 0.563219 0.566127 0.563219 0.566127 0.871044
3 0.816657 0.871044 0.816657 0.188353 0.811291 0.188353 0.811291 0.871044
2 0.816657 0.480957 0.816657 0.372378 0.811291 0.372378 0.811291 0.480957
2 0.816657 0.616246 0.816657 0.545880 0.811291 0.545880 0.811291 0.616246
3 1.000000 0.493637 0.811291 0.493637 0.811291 0.487154 1.000000 0.487154
3 0.438959 0.871044 0.438959 0.553170 0.434382 0.561463 0.434382 0.871044
2 0.438959 0.683822 0.438959 0.621131 0.434382 0.621131 0.434382 0.683822
3 0.438959 0.553170 0.295424 0.553170 0.300573 0.561463 0.434382 0.561463
3 0.300573 0.561463 0.300573 0.871044 0.295424 0.871044 0.295424 0.553170
2 0.300573 0.621953 0.300573 0.684448 0.295424 0.684448 0.295424 0.621953
3 0.295727 0.553170 0.295727 0.447893 0.300876 0.441108 0.300876 0.553170
2 0.295727 0.517007 0.295727 0.454700 0.300876 0.454700 0.300876 0.517007
3 0.300876 0.441108 0.173279 0.441108 0.173279 0.447893 0.295727 0.447893
3 0.300876 0.441221 0.404244 0.441221 0.404244 0.448006 0.300876 0.448006
2 0.305121 0.441221 0.353229 0.441221 0.353229 0.448006 0.305121 0.448006
3 0.404244 0.441221 0.404244 0.188353 0.399095 0.188353 0.399095 0.441221
3 0.404244 0.448006 0.571196 0.448006 0.566047 0.441221 0.404244 0.441221
2 0.408529 0.448006 0.462364 0.448006 0.462364 0.441221 0.408529 0.441221
3 0.571196 0.448006 0.571196 0.188353 0.566047 0.188353 0.566047 0.441221
3 0.300573 0.574452 0.173279 0.574452 0.173279 0.561251 0.300573 0.561251
3 0.300573 0.713132 0.173279 0.713132 0.173279 0.706348 0.300573 0.706348
2 0.290652 0.713132 0.242498 0.713132 0.242498 0.706348 0.290652 0.706348
3 0.109959 0.584101 0.048474 0.781794 0.030184 0.794497 0.102315 0.562571
3 0.102315 0.562571 0.191060 0.605805 0.186667 0.621478 0.109959 0.584101
3 0.173279 0.871044 0.030184 0.794497 0.048474 0.781794 0.179229 0.851745
2 0.136607 0.851429 0.092023 0.827576 0.097967 0.808277 0.142557 0.832122
1 0.074768 0.818349 0.044647 0.802239 0.050591 0.782933 0.080718 0.799043
3 0.295424 0.802020 0.334847 0.802020 0.334847 0.787343 0.295424 0.787343
