0 0.877928 0.670705 0.742815 0.670705 0.742815 0.678312 0.790376 0.678312 0.790376 0.924486 0.669420 0.924486 0.669420 0.779088 0.622227 0.779088 0.622227 0.714364 0.669868 0.714364 0.669868 0.670635 0.877928 0.670635
0 0.924465 0.654825 0.877928 0.654825 0.877928 0.670635 0.669868 0.670635 0.669868 0.467080 0.924465 0.467080
0 0.669868 0.714364 0.354677 0.714364 0.354677 0.467080 0.669868 0.467080
0 0.325813 0.465711 0.179514 0.465711 0.179514 0.714364 0.325813 0.714364 0.325813 0.465711
0 0.613568 0.786695 0.660761 0.786695 0.660761 0.924486 0.354677 0.924486 0.354677 0.721971 0.613568 0.721971
0 0.924465 0.819786 0.801200 0.819786 0.801200 0.678312 0.924465 0.678312
0 0.917249 0.923244 0.802643 0.923244 0.802643 0.828661 0.917249 0.828661
3 0.354677 0.924486 0.790376 0.924486 0.802643 0.939726 0.325813 0.939726
2 0.679183 0.924486 0.747794 0.924486 0.747794 0.939726 0.679183 0.939726
3 0.790376 0.923244 0.917249 0.923244 0.936011 0.939726 0.790376 0.939726
3 0.917249 0.923244 0.917249 0.819786 0.936011 0.819786 0.936011 0.939726
3 0.790376 0.924486 0.790376 0.819786 0.802643 0.819786 0.802643 0.939726
3 0.790376 0.819786 0.936011 0.819786 0.936011 0.828661 0.802643 0.828661
2 0.805017 0.819786 0.848068 0.819786 0.848068 0.828661 0.805017 0.828661
3 0.936011 0.819786 0.936011 0.445526 0.924465 0.467080 0.924465 0.819786
3 0.924465 0.467080 0.354677 0.467080 0.325813 0.445526 0.936011 0.445526
1 0.620690 0.467080 0.555782 0.467080 0.555782 0.445526 0.620690 0.445526
1 0.851626 0.467080 0.717147 0.467080 0.717147 0.445526 0.851626 0.445526
3 0.354677 0.467080 0.354677 0.924486 0.325813 0.939726 0.325813 0.445526
1 0.354677 0.484589 0.354677 0.615730 0.325813 0.615730 0.325813 0.484589
2 0.354677 0.620561 0.354677 0.675542 0.325813 0.675542 0.325813 0.620561
1 0.354677 0.758637 0.354677 0.876212 0.325813 0.876212 0.325813 0.758637
3 0.325813 0.714364 0.179514 0.714364 0.170133 0.722605 0.325813 0.722605
3 0.179514 0.714364 0.179514 0.524368 0.170133 0.524368 0.170133 0.722605
3 0.790376 0.819786 0.790376 0.670705 0.801200 0.678312 0.801200 0.819786
2 0.790376 0.774726 0.790376 0.722928 0.801200 0.722928 0.801200 0.774726
3 0.790376 0.670705 0.877928 0.670705 0.877928 0.678312 0.801200 0.678312
3 0.801200 0.670705 0.742815 0.670705 0.742815 0.678312 0.790376 0.678312
3 0.678527 0.675497 0.678527 0.599660 0.669868 0.599660 0.669868 0.675497
3 0.354677 0.714364 0.622227 0.714364 0.613568 0.721971 0.354677 0.721971
3 0.622227 0.714364 0.622227 0.779088 0.613568 0.786695 0.613568 0.721971
2 0.622227 0.724709 0.622227 0.777231 0.613568 0.777231 0.613568 0.724709
3 0.613568 0.786695 0.660761 0.786695 0.669420 0.779088 0.622227 0.779088
3 0.669420 0.779088 0.669420 0.924486 0.660761 0.924486 0.660761 0.786695
3 0.877928 0.654825 0.924465 0.654825 0.924465 0.678312 0.877928 0.678312
