0 0.121990 0.137826 0.606543 0.137826 0.606543 0.092319 0.964775 0.092319 0.964775 0.028724 0.121990 0.028724 0.121990 0.137826 0.121990 0.137826
0 0.401487 0.662953 0.463738 0.662953 0.463738 0.831122 0.132495 0.831122 0.132495 0.486132 0.401487 0.486132
0 0.607707 0.760206 0.479749 0.760206 0.479713 0.662953 0.479507 0.662714 0.463738 0.662714 0.463738 0.662953 0.401487 0.662953 0.401487 0.486132 0.607707 0.486132
0 0.607707 0.486132 0.132495 0.486132 0.132495 0.152316 0.607707 0.152316
0 0.951480 0.982952 0.627115 0.982952 0.627115 0.637357 0.951480 0.637357
0 0.951480 0.403240 0.627115 0.403240 0.627115 0.152316 0.627164 0.152316 0.627164 0.106809 0.951480 0.106809
0 0.951480 0.536966 0.627115 0.536966 0.627115 0.413469 0.951480 0.413469
0 0.951480 0.627981 0.627115 0.627981 0.627115 0.548047 0.951480 0.548047
0 0.607707 0.831122 0.479507 0.831122 0.479507 0.771287 0.607707 0.771287
3 0.627164 0.152316 0.627164 0.106809 0.606543 0.092319 0.606543 0.137826
1 0.627164 0.136215 0.627164 0.108061 0.606543 0.108061 0.606543 0.136215
3 1.000000 0.092319 1.000000 0.999999 0.951480 0.982952 0.951480 0.106809
3 1.000000 0.999999 0.594364 0.999999 0.627115 0.982952 0.951480 0.982952
1 0.952317 0.999999 0.627576 0.999999 0.627576 0.982952 0.952317 0.982952
3 0.594364 0.999999 0.594364 0.853283 0.627115 0.831122 0.627115 0.982952
3 0.627115 0.831122 0.132495 0.831122 0.098531 0.853283 0.594364 0.853283
1 0.459965 0.831122 0.134254 0.831122 0.134254 0.853283 0.459965 0.853283
2 0.588748 0.831122 0.482042 0.831122 0.482042 0.853283 0.588748 0.853283
3 0.132495 0.831122 0.132495 0.152316 0.098531 0.137826 0.098531 0.853283
3 0.627115 0.831122 0.627115 0.152316 0.607707 0.152316 0.607707 0.831122
2 0.627115 0.727595 0.627115 0.656177 0.607707 0.656177 0.607707 0.727595
2 0.627115 0.620838 0.627115 0.549786 0.607707 0.549786 0.607707 0.620838
2 0.627115 0.534367 0.627115 0.472426 0.607707 0.472426 0.607707 0.534367
2 0.627115 0.251342 0.627115 0.152486 0.607707 0.152486 0.607707 0.251342
3 0.607707 0.413469 1.000000 0.413469 1.000000 0.403240 0.607707 0.403240
3 0.607707 0.637357 1.000000 0.637357 1.000000 0.627981 0.607707 0.627981
3 0.607707 0.548047 1.000000 0.548047 1.000000 0.536966 0.607707 0.536966
3 0.479507 0.853283 0.479507 0.662714 0.463738 0.662714 0.463738 0.853283
2 0.479507 0.728584 0.479507 0.663047 0.463738 0.663047 0.463738 0.728584
3 0.627115 0.771287 0.463738 0.771287 0.463738 0.760206 0.627115 0.760206
2 0.594995 0.771287 0.484880 0.771287 0.484880 0.760206 0.594995 0.760206
3 0.401426 0.663089 0.401426 0.486012 0.385658 0.494536 0.385658 0.663089
3 0.401426 0.486012 0.205505 0.486012 0.205505 0.494536 0.385658 0.494536
2 0.311204 0.486012 0.205953 0.486012 0.205953 0.494536 0.311204 0.494536
3 0.606543 0.092319 1.000000 0.092319 0.951480 0.106809 0.627164 0.106809
1 0.629420 0.092319 0.948278 0.092319 0.948278 0.106809 0.629420 0.106809
3 0.132495 0.152316 0.627164 0.152316 0.606543 0.137826 0.098531 0.137826
1 0.132628 0.152316 0.479373 0.152316 0.479373 0.137826 0.132628 0.137826
2 0.488931 0.152316 0.598428 0.152316 0.598428 0.137826 0.488931 0.137826
3 0.121990 0.137826 0.121990 0.028724 0.106221 0.028724 0.106221 0.137826
3 0.964775 0.092319 0.964775 0.028724 0.984183 0.028724 0.984183 0.092319
