0 0.458135 0.901367 0.458135 0.972478 0.341814 0.972478 0.341814 0.948245 0.334719 0.948245 0.334719 0.900447
0 0.509609 0.715178 0.606188 0.715178 0.606188 0.824991 0.557149 0.824991 0.557149 0.755625 0.552170 0.755625 0.552170 0.865552 0.440395 0.865552 0.440395 0.869235 0.458135 0.869235 0.458135 0.898237 0.440395 0.898237 0.440395 0.900539 0.458135 0.900539 0.458135 0.901367 0.334719 0.900447 0.334719 0.815392 0.339259 0.815392 0.339259 0.717061 0.373346 0.717061 0.443646 0.651595
0 0.552170 0.900447 0.606188 0.900447 0.606188 0.972478 0.462118 0.972478 0.462118 0.869235 0.552170 0.869235
0 0.329242 0.945483 0.234998 0.945483 0.234998 0.865566 0.329242 0.865566
0 0.329242 0.860157 0.234998 0.860157 0.234998 0.815392 0.329242 0.815392
0 0.224542 0.945483 0.171952 0.945483 0.171952 0.863223 0.224542 0.863223
0 0.606188 0.895843 0.557149 0.895843 0.557149 0.828673 0.606188 0.828673
0 0.224542 0.858619 0.171952 0.858619 0.172032 0.815392 0.224542 0.815392
0 0.165071 0.797439 0.165071 0.558245 0.319841 0.558245 0.319841 0.797439 0.165071 0.797439 0.165071 0.797439
3 0.150532 0.965278 0.329242 0.965278 0.329242 0.945483 0.171952 0.945483
3 0.341814 0.948245 0.341814 0.972478 0.319906 0.992733 0.319906 0.965278
3 0.319906 0.992733 0.620777 0.992733 0.620777 0.972478 0.341814 0.972478
3 0.606188 0.972478 0.606188 0.710382 0.623615 0.710382 0.623615 0.972478
3 0.606188 0.710382 0.606188 0.715178 0.621125 0.696304 0.621125 0.710382
3 0.621125 0.696304 0.515549 0.696304 0.509609 0.715178 0.606188 0.715178
1 0.588896 0.696304 0.572529 0.696304 0.572529 0.715178 0.588896 0.715178
3 0.515549 0.696304 0.443596 0.626938 0.443646 0.651595 0.509609 0.715178
1 0.487103 0.668886 0.457234 0.640086 0.443940 0.651876 0.473814 0.680671
1 0.513139 0.693979 0.490872 0.672513 0.477578 0.684303 0.499845 0.705769
3 0.443596 0.626938 0.368566 0.696806 0.373346 0.717061 0.443646 0.651595
1 0.391769 0.675202 0.370792 0.694734 0.384151 0.706998 0.405128 0.687465
1 0.429789 0.639796 0.396006 0.671256 0.409365 0.683520 0.443148 0.652060
3 0.368566 0.696806 0.319841 0.696806 0.339259 0.717061 0.373346 0.717061
3 0.319841 0.696806 0.319841 0.797439 0.339259 0.815392 0.339259 0.717061
3 0.339259 0.815392 0.172032 0.815392 0.150632 0.797439 0.319841 0.797439
2 0.218392 0.815392 0.176454 0.815392 0.176454 0.797439 0.218392 0.797439
2 0.314006 0.815392 0.268572 0.815392 0.268572 0.797439 0.314006 0.797439
3 0.150632 0.797439 0.150532 0.965278 0.171952 0.945483 0.172032 0.815392
3 0.329242 0.965278 0.329242 0.815392 0.334719 0.815392 0.334719 0.948245
2 0.329242 0.937206 0.329242 0.906708 0.334719 0.906708 0.334719 0.937206
2 0.329242 0.856483 0.329242 0.817837 0.334719 0.817837 0.334719 0.856483
3 0.224542 0.797439 0.224542 0.965278 0.234998 0.965278 0.234998 0.797439
3 0.150592 0.863223 0.234998 0.863223 0.234998 0.858619 0.150592 0.858619
2 0.174915 0.863223 0.217655 0.863223 0.217655 0.858619 0.174915 0.858619
3 0.334719 0.860157 0.234998 0.860157 0.234998 0.865566 0.334719 0.865566
3 0.552170 0.755625 0.552170 0.900447 0.557149 0.895843 0.557149 0.755625
3 0.552170 0.900447 0.623615 0.900447 0.623615 0.895843 0.557149 0.895843
2 0.559723 0.900447 0.591958 0.900447 0.591958 0.895843 0.559723 0.895843
3 0.552170 0.828673 0.623615 0.828673 0.623615 0.824991 0.552170 0.824991
3 0.557149 0.865552 0.458135 0.865552 0.462118 0.869235 0.557149 0.869235
2 0.516594 0.865552 0.480187 0.865552 0.480187 0.869235 0.516594 0.869235
3 0.458135 0.865552 0.458135 0.992733 0.462118 0.992733 0.462118 0.869235
2 0.458135 0.903724 0.458135 0.938048 0.462118 0.938048 0.462118 0.903724
3 0.462118 0.869235 0.440395 0.869235 0.440395 0.865552 0.462118 0.865552
3 0.334719 0.865566 0.393213 0.865552 0.393223 0.900539 0.334729 0.900553
3 0.440395 0.900539 0.462118 0.900539 0.462118 0.898237 0.440395 0.898237
3 0.150632 0.797439 0.150632 0.735899 0.165071 0.735899 0.165071 0.797439
0 0.580038 0.451844 0.580038 0.524363 0.696986 0.524358 0.697041 0.451844 0.580038 0.451844 0.580038 0.451844
0 0.334878 0.168249 0.372639 0.168249 0.442665 0.102806 0.513622 0.168268 0.550338 0.168415 0.549914 0.307487 0.555889 0.307487 0.555889 0.356984 0.589767 0.356984 0.589767 0.438277 0.333319 0.438277 0.334878 0.168249 0.334878 0.168249
0 0.840683 0.144923 0.840683 0.203190 0.904066 0.203038 0.904066 0.144923 0.840095 0.144923 0.840683 0.144923
0 0.987207 0.325362 0.984717 0.325362 0.984717 0.372396 0.933224 0.372396 0.933224 0.374238 0.691066 0.374238 0.691066 0.233817 0.840683 0.233817 0.840683 0.210555 0.987207 0.210555
0 0.327857 0.323659 0.327927 0.323659 0.327927 0.357720 0.327947 0.357720 0.327947 0.408124 0.333424 0.408129 0.164469 0.408129 0.163533 0.268619 0.327857 0.268619
0 0.832716 0.226451 0.691066 0.226451 0.690568 0.168268 0.691290 0.168268 0.691290 0.149987 0.832716 0.149987
0 0.682602 0.438494 0.595020 0.438494 0.595020 0.415849 0.682602 0.415849
0 0.682602 0.226451 0.682423 0.226451 0.682423 0.229213 0.608075 0.229213 0.608075 0.168268 0.682104 0.168268
0 0.601602 0.330656 0.605088 0.330656 0.605088 0.233817 0.608075 0.233817 0.608075 0.234369 0.682602 0.234369 0.682602 0.410325 0.589767 0.410325 0.589767 0.356984 0.555889 0.356984 0.555889 0.168268 0.601602 0.168268
0 0.152987 0.068417 0.319846 0.068417 0.319846 0.255076 0.152151 0.255076 0.152151 0.067032 0.152987 0.068417
3 0.148506 0.255269 0.320414 0.255269 0.334853 0.268619 0.163533 0.268619
2 0.274860 0.255269 0.317436 0.255269 0.317436 0.268619 0.274860 0.268619
1 0.184535 0.255269 0.216017 0.255269 0.216017 0.268619 0.184535 0.268619
1 0.219891 0.255269 0.268666 0.255269 0.268666 0.268619 0.219891 0.268619
3 0.334853 0.268619 0.334853 0.168249 0.320414 0.154899 0.320414 0.255269
3 0.320414 0.154899 0.366615 0.154899 0.372639 0.168249 0.334853 0.168249
3 0.366615 0.154899 0.442595 0.083885 0.442665 0.102806 0.372639 0.168249
1 0.370030 0.151704 0.391858 0.131301 0.402125 0.140692 0.380297 0.161091
1 0.395384 0.128010 0.428649 0.096922 0.438911 0.106309 0.405651 0.137396
3 0.442595 0.083885 0.519597 0.154917 0.513622 0.168268 0.442665 0.102806
1 0.455899 0.096158 0.490579 0.128148 0.480377 0.137599 0.445702 0.105609
1 0.494213 0.131504 0.516893 0.152427 0.506696 0.161878 0.484016 0.140955
3 0.519597 0.154917 0.682328 0.154917 0.691290 0.168268 0.513622 0.168268
1 0.569711 0.154917 0.586426 0.154917 0.586426 0.168268 0.569711 0.168268
1 0.650606 0.154917 0.667132 0.154917 0.667132 0.168268 0.650606 0.168268
3 0.691290 0.168268 0.691290 0.149987 0.682328 0.141701 0.682328 0.154917
3 0.682328 0.141701 0.840683 0.141701 0.832716 0.149987 0.691290 0.149987
1 0.699959 0.141701 0.762397 0.141701 0.762397 0.149987 0.699959 0.149987
1 0.762397 0.141701 0.827523 0.141701 0.827523 0.149987 0.762397 0.149987
3 0.840683 0.141701 0.840683 0.203190 0.832716 0.210555 0.832716 0.149987
2 0.840683 0.162080 0.840683 0.198830 0.832716 0.198830 0.832716 0.162080
3 0.832716 0.210555 0.987207 0.210555 0.995173 0.203190 0.840683 0.203190
1 0.872549 0.210555 0.910201 0.210555 0.910201 0.203190 0.872549 0.203190
1 0.910201 0.210555 0.949431 0.210555 0.949431 0.203190 0.910201 0.203190
3 0.995173 0.203190 0.995173 0.325362 0.987207 0.325362 0.987207 0.210555
1 0.995173 0.211421 0.995173 0.241703 0.987207 0.241703 0.987207 0.211421
1 0.995173 0.241855 0.995173 0.273679 0.987207 0.273679 0.987207 0.241855
3 0.995173 0.325362 0.995173 0.382064 0.984717 0.372396 0.984717 0.325362
3 0.995173 0.382064 0.933224 0.382064 0.933224 0.372396 0.984717 0.372396
3 0.933224 0.382064 0.697041 0.382064 0.682602 0.374238 0.933224 0.374238
3 0.682602 0.374238 0.682602 0.438494 0.697041 0.451844 0.697041 0.382064
1 0.682602 0.422308 0.682602 0.437168 0.697041 0.437168 0.697041 0.422308
3 0.697041 0.451844 0.318985 0.451844 0.333424 0.438494 0.682602 0.438494
2 0.647639 0.451844 0.599949 0.451844 0.599949 0.438494 0.647639 0.438494
1 0.551294 0.451844 0.480725 0.451844 0.480725 0.438494 0.551294 0.438494
1 0.469338 0.451844 0.454401 0.451844 0.454401 0.438494 0.469338 0.438494
1 0.443760 0.451844 0.366286 0.451844 0.366286 0.438494 0.443760 0.438494
3 0.318985 0.451844 0.318985 0.421939 0.333424 0.408129 0.333424 0.438494
3 0.333424 0.408129 0.164469 0.408129 0.149626 0.421939 0.318985 0.421939
1 0.299108 0.408129 0.286302 0.408129 0.286302 0.421939 0.299108 0.421939
1 0.274566 0.408129 0.196962 0.408129 0.196962 0.421939 0.274566 0.421939
3 0.149626 0.421939 0.148506 0.255269 0.163533 0.268619 0.164469 0.408129
1 0.149532 0.407641 0.149422 0.391929 0.164359 0.391846 0.164469 0.407558
3 0.682328 0.154917 0.682602 0.382064 0.691066 0.382055 0.690792 0.154913
2 0.682428 0.236441 0.682472 0.274194 0.690937 0.274185 0.690892 0.236432
3 0.840683 0.203190 0.840683 0.233817 0.832716 0.226451 0.832716 0.203190
3 0.840683 0.233817 0.682423 0.233817 0.682423 0.226451 0.832716 0.226451
2 0.829425 0.233817 0.792918 0.233817 0.792918 0.226451 0.829425 0.226451
3 0.682423 0.233817 0.605088 0.233817 0.605088 0.229213 0.682423 0.229213
2 0.642326 0.233817 0.610624 0.233817 0.610624 0.229213 0.642326 0.229213
3 0.601602 0.233817 0.601602 0.154917 0.608075 0.154917 0.608075 0.233817
3 0.334853 0.268619 0.334853 0.323659 0.327857 0.323659 0.327857 0.268619
2 0.334853 0.269190 0.334853 0.308757 0.327857 0.308757 0.327857 0.269190
3 0.327927 0.323659 0.327927 0.357720 0.392112 0.357720 0.392112 0.323659
3 0.589045 0.451844 0.589045 0.410325 0.595020 0.415849 0.595020 0.451844
3 0.589045 0.410325 0.697041 0.410325 0.697041 0.415849 0.595020 0.415849
2 0.599501 0.410325 0.647997 0.410325 0.647997 0.415849 0.599501 0.415849
3 0.555889 0.154917 0.555889 0.307487 0.549914 0.307487 0.549914 0.154917
3 0.333424 0.408129 0.333469 0.357720 0.327992 0.357716 0.327947 0.408124
