0 0.391530 0.585501 0.387768 0.585501 0.387768 0.770450 0.183391 0.770450 0.183391 0.542143 0.391530 0.542143
0 0.608295 0.642937 0.400936 0.642937 0.400936 0.585501 0.391530 0.585501 0.391530 0.394832 0.608295 0.394832
0 0.372586 0.784198 0.372586 0.890866 0.505702 0.890866 0.505702 0.782354 0.370865 0.782354 0.372586 0.784198
0 0.454410 0.394832 0.454410 0.402148 0.400936 0.402148 0.400936 0.521518 0.391530 0.521518 0.391530 0.394832
0 0.878222 0.394319 0.618641 0.394319 0.618641 0.101854 0.878222 0.101854
0 0.878222 0.854554 0.526659 0.854554 0.526659 0.653180 0.878222 0.653180
0 0.878222 0.509673 0.725514 0.509673 0.725514 0.553426 0.618641 0.553426 0.618641 0.404563 0.878222 0.404563
0 0.732982 0.989757 0.522896 0.989757 0.522896 0.861870 0.732982 0.861870
0 0.878222 0.989757 0.742388 0.989757 0.742388 0.861870 0.878222 0.861870
0 0.878222 0.642937 0.742445 0.642937 0.742445 0.522842 0.878222 0.522842
0 0.516312 0.770450 0.400936 0.770450 0.400936 0.653180 0.516312 0.653180
0 0.725514 0.642937 0.618641 0.642937 0.618641 0.563669 0.725514 0.563669
0 0.618641 0.082831 0.618641 0.003058 0.478885 0.003058 0.478885 0.082348 0.618641 0.082831 0.618641 0.082831
0 0.391530 0.542143 0.183391 0.542143 0.183391 0.394832 0.391530 0.394832
0 0.608295 0.394832 0.183391 0.394832 0.183928 0.101854 0.608295 0.101854
3 0.166065 0.082831 0.907381 0.082831 0.878222 0.101854 0.183928 0.101854
2 0.509906 0.082831 0.578233 0.082831 0.578233 0.101854 0.509906 0.101854
1 0.209014 0.082831 0.370969 0.082831 0.370969 0.101854 0.209014 0.101854
1 0.397400 0.082831 0.479327 0.082831 0.479327 0.101854 0.397400 0.101854
1 0.638479 0.082831 0.795063 0.082831 0.795063 0.101854 0.638479 0.101854
3 0.907381 0.082831 0.907381 1.000000 0.878222 0.989757 0.878222 0.101854
2 0.907381 0.895154 0.907381 0.946816 0.878222 0.946816 0.878222 0.895154
1 0.907381 0.689141 0.907381 0.794719 0.878222 0.794719 0.878222 0.689141
3 0.907381 1.000000 0.505965 1.000000 0.522896 0.989757 0.878222 0.989757
3 0.505965 1.000000 0.505965 0.861870 0.522896 0.861870 0.522896 0.989757
2 0.505965 0.945235 0.505965 0.893361 0.522896 0.893361 0.522896 0.945235
3 0.505965 0.861870 0.505965 0.784351 0.526659 0.770450 0.526659 0.861870
3 0.526659 0.770450 0.183391 0.770450 0.165510 0.784351 0.505965 0.784351
2 0.494781 0.770450 0.424000 0.770450 0.424000 0.784351 0.494781 0.784351
1 0.339806 0.770450 0.207170 0.770450 0.207170 0.784351 0.339806 0.784351
3 0.165510 0.784351 0.166065 0.082831 0.183928 0.101854 0.183391 0.770450
3 0.387768 0.784351 0.387768 0.585501 0.400936 0.585501 0.400936 0.784351
3 0.400936 0.642937 0.907381 0.642937 0.907381 0.653180 0.400936 0.653180
2 0.532246 0.642937 0.604485 0.642937 0.604485 0.653180 0.532246 0.653180
2 0.424273 0.642937 0.497697 0.642937 0.497697 0.653180 0.424273 0.653180
3 0.526659 0.784351 0.526659 0.642937 0.516312 0.642937 0.516312 0.784351
3 0.618641 0.653180 0.618641 0.082831 0.608295 0.082831 0.608295 0.653180
2 0.618641 0.638715 0.618641 0.590455 0.608295 0.590455 0.608295 0.638715
2 0.618641 0.490554 0.618641 0.440004 0.608295 0.440004 0.608295 0.490554
2 0.618641 0.250198 0.618641 0.143866 0.608295 0.143866 0.608295 0.250198
3 0.608295 0.394319 0.907381 0.394319 0.907381 0.404563 0.608295 0.404563
3 0.725514 0.653180 0.725514 0.509673 0.742445 0.522842 0.742445 0.653180
3 0.725514 0.509673 0.907381 0.509673 0.907381 0.522842 0.742445 0.522842
2 0.746565 0.509673 0.808495 0.509673 0.808495 0.522842 0.746565 0.522842
3 0.608295 0.563669 0.742445 0.563669 0.742445 0.553426 0.608295 0.553426
3 0.505965 0.861870 0.907381 0.861870 0.907381 0.854554 0.505965 0.854554
3 0.742388 0.854554 0.742388 1.000000 0.732982 1.000000 0.732982 0.854554
3 0.400936 0.521518 0.400936 0.402148 0.391530 0.394832 0.391530 0.521518
3 0.391530 0.394832 0.454410 0.394832 0.454410 0.402148 0.400936 0.402148
