0 0.119407 0.667604 0.119407 0.325729 0.293131 0.325729 0.293131 0.667604 0.119407 0.667604 0.119407 0.667604
0 0.119407 0.679193 0.293131 0.679193 0.293131 0.955561 0.119407 0.955561 0.119407 0.679193
0 0.529891 0.444258 0.464912 0.444258 0.464912 0.332805 0.529891 0.332805
0 0.529891 0.580016 0.464912 0.580016 0.464912 0.453529 0.529891 0.453529
0 0.559907 0.887620 0.464912 0.887620 0.464912 0.826007 0.559907 0.826007
0 0.986564 0.617216 0.905676 0.617216 0.905676 0.462576 0.986564 0.462576
0 0.897518 0.659137 0.809629 0.659137 0.809629 0.507803 0.897518 0.507803
0 0.986564 0.453576 0.897518 0.453576 0.897518 0.498532 0.809629 0.498532 0.809629 0.332805 0.899918 0.332805 0.899918 0.378612 0.905676 0.378612 0.905676 0.332805 0.986564 0.332805
0 0.458193 0.946336 0.306568 0.946336 0.306568 0.676102 0.458193 0.676102
0 0.458193 0.667604 0.306568 0.667604 0.306568 0.332805 0.458193 0.332805
0 0.986564 0.946336 0.809629 0.946336 0.809629 0.673043 0.905676 0.673043 0.905676 0.626487 0.986564 0.626487
0 0.802911 0.533051 0.784484 0.533051 0.784484 0.489918 0.771527 0.489918 0.771527 0.533051 0.727552 0.533051 0.727552 0.489918 0.714115 0.489918 0.714115 0.539232 0.802911 0.539232 0.802911 0.580016 0.535727 0.580016 0.535727 0.332805 0.802911 0.332805
0 0.802911 0.946336 0.567585 0.946336 0.567585 0.694853 0.566323 0.694853 0.566323 0.589287 0.714115 0.589287 0.714115 0.580016 0.802911 0.580016
0 0.566323 0.694853 0.559907 0.694853 0.559907 0.815191 0.464912 0.815191 0.464912 0.589287 0.566323 0.589287
0 0.471126 0.909252 0.471126 1.000000 0.555632 1.000000 0.555632 0.909252 0.471126 0.909252 0.471126 0.909252
0 0.194632 0.311173 0.194632 0.223701 0.261627 0.223701 0.261627 0.311173 0.194632 0.311173 0.194632 0.311173
0 0.832927 0.311173 0.832927 0.224613 0.891045 0.224613 0.891045 0.311173 0.832927 0.311173 0.832927 0.311173
3 0.986564 0.332805 0.986564 0.946336 1.000000 0.967969 1.000000 0.311173
3 0.119407 0.955561 0.119407 0.325729 0.110054 0.311173 0.110054 0.967969
3 0.119407 0.325729 0.293131 0.325729 0.293131 0.311173 0.110054 0.311173
2 0.203025 0.325729 0.251368 0.325729 0.251368 0.311173 0.203025 0.311173
3 0.293131 0.332805 0.986564 0.332805 1.000000 0.311173 0.293131 0.311173
2 0.838772 0.332805 0.883458 0.332805 0.883458 0.311173 0.838772 0.311173
1 0.359291 0.332805 0.434051 0.332805 0.434051 0.311173 0.359291 0.311173
1 0.582447 0.332805 0.673230 0.332805 0.673230 0.311173 0.582447 0.311173
1 0.920279 0.332805 0.974802 0.332805 0.974802 0.311173 0.920279 0.311173
3 0.471126 0.967969 0.471126 0.909252 0.458193 0.887620 0.458193 0.946336
3 0.471126 0.909252 0.555632 0.909252 0.567585 0.887620 0.458193 0.887620
2 0.479658 0.909252 0.528221 0.909252 0.528221 0.887620 0.479658 0.887620
3 0.555632 0.909252 0.555632 0.967969 0.567585 0.946336 0.567585 0.887620
3 0.986564 0.946336 0.567585 0.946336 0.555632 0.967969 1.000000 0.967969
1 0.943850 0.946336 0.858317 0.946336 0.858317 0.967969 0.943850 0.967969
1 0.762942 0.946336 0.674333 0.946336 0.674333 0.967969 0.762942 0.967969
1 0.663407 0.946336 0.590063 0.946336 0.590063 0.967969 0.663407 0.967969
3 0.458193 0.946336 0.306568 0.946336 0.293131 0.967969 0.471126 0.967969
1 0.410695 0.946336 0.337327 0.946336 0.337327 0.967969 0.410695 0.967969
3 0.293131 0.676102 0.458193 0.676102 0.464912 0.667604 0.293131 0.667604
3 0.306568 0.955561 0.119407 0.955561 0.110054 0.967969 0.306568 0.967969
2 0.288980 0.955561 0.123462 0.955561 0.123462 0.967969 0.288980 0.967969
3 0.567585 0.909252 0.567585 0.694853 0.559907 0.694853 0.559907 0.909252
3 0.458193 0.815191 0.567585 0.815191 0.567585 0.826007 0.458193 0.826007
2 0.480316 0.815191 0.528005 0.815191 0.528005 0.826007 0.480316 0.826007
3 0.802911 0.311173 0.802911 0.967969 0.809629 0.967969 0.809629 0.311173
2 0.802911 0.387937 0.802911 0.453807 0.809629 0.453807 0.809629 0.387937
2 0.802911 0.677864 0.802911 0.745133 0.809629 0.745133 0.809629 0.677864
3 0.802911 0.673043 0.905676 0.673043 0.897518 0.659137 0.802911 0.659137
3 0.905676 0.673043 0.905676 0.462576 0.897518 0.453576 0.897518 0.659137
2 0.905676 0.567964 0.905676 0.509626 0.897518 0.509626 0.897518 0.567964
3 0.897518 0.453576 1.000000 0.453576 1.000000 0.462576 0.905676 0.462576
2 0.905993 0.453576 0.953112 0.453576 0.953112 0.462576 0.905993 0.462576
3 0.802911 0.507803 0.905676 0.507803 0.905676 0.498532 0.802911 0.498532
3 0.897518 0.626487 1.000000 0.626487 1.000000 0.617216 0.897518 0.617216
3 0.905676 0.311173 0.905676 0.378612 0.899918 0.378612 0.899918 0.311173
3 0.458193 0.589287 0.714115 0.589287 0.714115 0.580016 0.464912 0.580016
2 0.487734 0.589287 0.529047 0.589287 0.529047 0.580016 0.487734 0.580016
2 0.566712 0.589287 0.644001 0.589287 0.644001 0.580016 0.566712 0.580016
3 0.529891 0.311173 0.529891 0.589287 0.535650 0.589287 0.535650 0.311173
3 0.458193 0.453529 0.535650 0.453529 0.535650 0.444258 0.458193 0.444258
3 0.714115 0.489918 0.714115 0.539232 0.727552 0.533051 0.727552 0.489918
3 0.727552 0.533051 0.809629 0.533051 0.809629 0.539232 0.714115 0.539232
3 0.771527 0.539232 0.771527 0.489918 0.784484 0.489918 0.784484 0.539232
3 0.464912 0.589287 0.293131 0.589287 0.306568 0.577699 0.464912 0.577699
2 0.406665 0.589287 0.364109 0.589287 0.364109 0.577699 0.406665 0.577699
3 0.458193 0.589287 0.458193 0.311173 0.464912 0.311173 0.464912 0.580016
2 0.458193 0.443594 0.458193 0.379786 0.464912 0.379786 0.464912 0.443594
3 0.293131 0.311173 0.293131 0.589287 0.306568 0.577699 0.306568 0.311173
3 0.458193 0.909252 0.458193 0.676102 0.464912 0.667604 0.464912 0.909252
2 0.458193 0.746979 0.458193 0.679471 0.464912 0.679471 0.464912 0.746979
3 0.293131 0.667604 0.293131 0.967969 0.306568 0.946336 0.306568 0.676102
3 0.293131 0.667604 0.119407 0.667604 0.119407 0.679193 0.293131 0.679193
