0 0.248931 0.809099 0.177491 0.809099 0.177491 0.751801 0.248931 0.751801
0 0.168978 0.809099 0.054640 0.809099 0.054640 0.751801 0.168978 0.751801
0 0.166715 0.991820 0.024823 0.991820 0.024823 0.823417 0.166715 0.823417
0 0.485318 0.809099 0.257444 0.809099 0.257444 0.579339 0.485318 0.579339
0 0.268624 0.825073 0.268624 0.900979 0.175824 0.900979 0.176037 0.825578 0.268624 0.825073 0.268624 0.825073
0 0.248931 0.744330 0.054640 0.744330 0.054640 0.641842 0.248931 0.641842
0 0.485318 0.571869 0.248931 0.571869 0.248931 0.641842 0.155889 0.641842 0.155903 0.635617 0.156074 0.635610 0.054640 0.635449 0.054626 0.635610 0.054640 0.512155 0.227932 0.512155 0.227932 0.308797 0.485318 0.308797
0 0.227932 0.512155 0.161813 0.512155 0.161813 0.505668 0.054640 0.505668 0.054640 0.308797 0.227932 0.308797
0 0.478494 0.294821 0.478494 0.190552 0.222072 0.190552 0.222072 0.294628 0.461971 0.294628 0.478494 0.294821
3 0.485318 0.308797 0.485318 0.809099 0.501635 0.825578 0.501635 0.294479
3 0.485318 0.809099 0.166715 0.809099 0.176037 0.825578 0.501635 0.825578
2 0.243163 0.809099 0.187743 0.809099 0.187743 0.825578 0.243163 0.825578
1 0.417363 0.809099 0.375996 0.809099 0.375996 0.825578 0.417363 0.825578
1 0.375996 0.809099 0.311225 0.809099 0.311225 0.825578 0.375996 0.825578
2 0.166715 0.883430 0.166715 0.935736 0.176037 0.935736 0.176037 0.883430
3 0.015955 0.809099 0.038323 0.809099 0.054640 0.823417 0.024823 0.823417
3 0.054640 0.823417 0.054640 0.308797 0.038323 0.294479 0.038323 0.809099
3 0.054640 0.308797 0.485318 0.308797 0.501635 0.294479 0.038323 0.294479
2 0.233110 0.308797 0.287140 0.308797 0.287140 0.294479 0.233110 0.294479
1 0.120177 0.308797 0.184940 0.308797 0.184940 0.294479 0.120177 0.294479
1 0.077342 0.308797 0.120177 0.308797 0.120177 0.294479 0.077342 0.294479
1 0.380841 0.308797 0.444243 0.308797 0.444243 0.294479 0.380841 0.294479
1 0.314453 0.308797 0.380841 0.308797 0.380841 0.294479 0.314453 0.294479
3 0.166715 0.809099 0.054640 0.809099 0.054640 0.823417 0.166715 0.823417
3 0.501635 0.571869 0.248931 0.571869 0.257444 0.579339 0.501635 0.579339
3 0.248931 0.571869 0.248931 0.825578 0.257444 0.825578 0.257444 0.579339
2 0.248931 0.638648 0.248931 0.691769 0.257444 0.691769 0.257444 0.638648
3 0.257444 0.744330 0.038323 0.744330 0.038323 0.751801 0.257444 0.751801
2 0.243163 0.744330 0.187743 0.744330 0.187743 0.751801 0.243163 0.751801
2 0.156542 0.744330 0.100660 0.744330 0.100660 0.751801 0.156542 0.751801
3 0.168978 0.744330 0.168978 0.825578 0.177491 0.825578 0.177491 0.744330
3 0.038323 0.512155 0.161813 0.512155 0.161813 0.505668 0.038323 0.505668
3 0.155903 0.635617 0.054640 0.635449 0.054626 0.641674 0.155889 0.641842
3 0.213835 0.512155 0.227932 0.512155 0.220837 0.504859 0.213835 0.504859
3 0.227932 0.512155 0.227932 0.491860 0.220837 0.491860 0.220837 0.504859
3 0.227932 0.294479 0.227932 0.325637 0.220837 0.325637 0.220837 0.294479
0 0.688037 0.704283 0.643613 0.742674 0.553211 0.742674 0.553211 0.639122 0.688037 0.639122
0 0.688541 0.505083 0.553211 0.505083 0.553211 0.308517 0.688541 0.308517
0 0.804248 0.632896 0.553211 0.632896 0.553211 0.510063 0.804248 0.510063
0 0.804248 0.807804 0.553211 0.807804 0.553211 0.748900 0.646521 0.748900 0.695131 0.706891 0.695131 0.639122 0.804248 0.639122
0 0.985811 0.505083 0.694216 0.505083 0.694216 0.308517 0.985811 0.308517
0 0.985811 0.807804 0.809923 0.807804 0.809923 0.510063 0.985811 0.510063
3 0.985811 0.308517 0.985811 0.807804 1.000000 0.825173 1.000000 0.294883
3 0.985811 0.807804 0.553211 0.807804 0.539022 0.825173 1.000000 0.825173
1 0.743479 0.807804 0.698813 0.807804 0.698813 0.825173 0.743479 0.825173
1 0.698813 0.807804 0.658631 0.807804 0.658631 0.825173 0.698813 0.825173
1 0.920736 0.807804 0.876304 0.807804 0.876304 0.825173 0.920736 0.825173
1 0.876304 0.807804 0.812257 0.807804 0.812257 0.825173 0.876304 0.825173
3 0.553211 0.807804 0.553211 0.308517 0.539022 0.294883 0.539022 0.825173
3 0.553211 0.308517 0.985811 0.308517 1.000000 0.294883 0.539022 0.294883
1 0.898176 0.308517 0.943381 0.308517 0.943381 0.294883 0.898176 0.294883
1 0.812917 0.308517 0.898176 0.308517 0.898176 0.294883 0.812917 0.294883
1 0.616520 0.308517 0.681673 0.308517 0.681673 0.294883 0.616520 0.294883
1 0.575217 0.308517 0.616520 0.308517 0.616520 0.294883 0.575217 0.294883
3 1.000000 0.505083 0.539022 0.505083 0.539022 0.510063 1.000000 0.510063
2 0.798197 0.505083 0.741294 0.505083 0.741294 0.510063 0.798197 0.510063
3 0.694216 0.505083 0.694216 0.294883 0.688541 0.294883 0.688541 0.505083
2 0.694216 0.462464 0.694216 0.409704 0.688541 0.409704 0.688541 0.462464
3 0.804248 0.505083 0.804248 0.825173 0.809923 0.825173 0.809923 0.505083
2 0.804248 0.564535 0.804248 0.615073 0.809923 0.615073 0.809923 0.564535
3 0.809923 0.632896 0.539022 0.632896 0.539022 0.639122 0.809923 0.639122
2 0.756376 0.632896 0.698097 0.632896 0.698097 0.639122 0.756376 0.639122
3 0.688037 0.632896 0.688037 0.704283 0.695131 0.706891 0.695131 0.632896
3 0.688037 0.704283 0.643613 0.742674 0.646521 0.748900 0.695131 0.706891
2 0.686178 0.705889 0.646401 0.740265 0.651381 0.744698 0.691158 0.710321
3 0.643613 0.742674 0.539022 0.742674 0.539022 0.748900 0.646521 0.748900
