0 0.095170 0.153256 0.095170 0.045994 0.450669 0.045994 0.450669 0.153263 0.095170 0.153256 0.095170 0.153256
0 0.478866 0.179817 0.478866 0.446076 0.495472 0.446076 0.495472 0.546832 0.482055 0.546832 0.482055 0.598221 0.064362 0.598221 0.064362 0.179450
0 0.689426 0.781790 0.495472 0.781790 0.495472 0.446076 0.689426 0.446076
0 0.695133 0.892812 0.695133 0.997100 0.475057 0.997100 0.475057 0.890530 0.692192 0.890530 0.695133 0.892812
0 0.482055 0.869312 0.064362 0.869312 0.064362 0.606721 0.482055 0.606721
0 0.885670 0.180019 0.885670 0.437576 0.492283 0.437576 0.492283 0.179817
0 0.885670 0.736699 0.701811 0.736699 0.701811 0.535141 0.885670 0.535141
0 0.885670 0.869312 0.701811 0.869312 0.701811 0.744545 0.885670 0.744545
0 0.689426 0.869312 0.495472 0.869312 0.495472 0.789637 0.689426 0.789637
0 0.885670 0.527294 0.701811 0.527294 0.701811 0.446076 0.885670 0.446076
3 0.031335 0.150529 0.031335 0.896121 0.064362 0.869312 0.064362 0.179450
3 0.031335 0.896121 0.913537 0.896121 0.885670 0.869312 0.064362 0.869312
1 0.766710 0.896121 0.843694 0.896121 0.843694 0.869312 0.766710 0.869312
1 0.163455 0.896121 0.375480 0.896121 0.375480 0.869312 0.163455 0.869312
2 0.509251 0.896121 0.621575 0.896121 0.621575 0.869312 0.509251 0.869312
3 0.913537 0.896121 0.913537 0.151138 0.885670 0.180019 0.885670 0.869312
3 0.913537 0.151138 0.031335 0.150529 0.064362 0.179450 0.885670 0.180019
1 0.331956 0.150739 0.124276 0.150595 0.124224 0.179496 0.331915 0.179640
2 0.446953 0.150817 0.341513 0.150745 0.341472 0.179647 0.446912 0.179719
1 0.783399 0.151053 0.543352 0.150883 0.543300 0.179784 0.783358 0.179947
3 0.478866 0.150843 0.478866 0.446076 0.492283 0.437576 0.492283 0.150843
3 0.478866 0.446076 0.913537 0.446076 0.913537 0.437576 0.492283 0.437576
2 0.568091 0.446076 0.661043 0.446076 0.661043 0.437576 0.568091 0.437576
3 0.482055 0.546832 0.482055 0.896121 0.495472 0.896121 0.495472 0.546832
2 0.482055 0.664256 0.482055 0.727636 0.495472 0.727636 0.495472 0.664256
3 0.031335 0.606721 0.495472 0.606721 0.495472 0.598221 0.031335 0.598221
3 0.689426 0.437576 0.689426 0.896121 0.701811 0.896121 0.701811 0.437576
2 0.689426 0.575420 0.689426 0.623329 0.701811 0.623329 0.701811 0.575420
2 0.689426 0.477103 0.689426 0.525516 0.701811 0.525516 0.701811 0.477103
3 0.482055 0.789637 0.701811 0.789637 0.701811 0.781790 0.482055 0.781790
2 0.507156 0.789637 0.612957 0.789637 0.612957 0.781790 0.507156 0.781790
3 0.689426 0.744545 0.913537 0.744545 0.913537 0.736699 0.689426 0.736699
2 0.708303 0.744545 0.772118 0.744545 0.772118 0.736699 0.708303 0.736699
3 0.689426 0.535141 0.913537 0.535141 0.913537 0.527294 0.689426 0.527294
3 0.031335 0.150529 0.031335 0.045588 0.051977 0.045588 0.051977 0.150529
