0 0.820570 0.754048 0.758964 0.754048 0.758964 0.862783 0.923564 0.862783 0.923499 0.821091 0.820570 0.821091 0.820570 0.754048 0.820570 0.754048
0 0.664244 0.645137 0.664244 0.747980 0.509848 0.747980 0.509880 0.644686
0 0.664568 0.644862 0.664244 0.645137 0.509880 0.644686 0.509848 0.555124 0.664568 0.555124
0 0.923499 0.749129 0.670723 0.749129 0.670723 0.644862 0.664568 0.644862 0.664568 0.555124 0.923499 0.555124
0 0.752485 0.900757 0.670723 0.900757 0.670723 0.853839 0.635057 0.853839 0.635057 0.803612 0.670723 0.803612 0.670723 0.749129 0.752485 0.749129
0 0.679793 0.957192 0.679793 0.999998 0.742767 0.999998 0.742767 0.957192 0.679793 0.957192 0.679793 0.957192
0 0.628578 0.858347 0.664244 0.858347 0.664244 0.989178 0.509848 0.989178 0.509848 0.803612 0.628578 0.803612
0 0.923499 0.989178 0.758964 0.989178 0.758964 0.867170 0.923499 0.867170
0 0.913943 0.812512 0.827049 0.812512 0.827049 0.785173 0.829414 0.785173 0.829414 0.755567 0.913943 0.755567
0 0.594843 0.799104 0.509848 0.799104 0.509848 0.752488 0.594843 0.752488
0 0.752485 0.951371 0.670723 0.951371 0.670723 0.905265 0.752485 0.905265
0 0.664244 0.799104 0.601322 0.799104 0.601322 0.752488 0.664244 0.752488
3 0.493651 0.544255 0.493651 0.999998 0.509848 0.989178 0.509848 0.555124
3 0.937752 0.544255 0.493651 0.544255 0.509848 0.555124 0.923499 0.555124
1 0.656048 0.544255 0.554966 0.544255 0.554966 0.555124 0.656048 0.555124
2 0.725300 0.544255 0.678057 0.544255 0.678057 0.555124 0.725300 0.555124
1 0.911487 0.544255 0.728325 0.544255 0.728325 0.555124 0.911487 0.555124
3 0.679793 0.999998 0.679793 0.957192 0.664244 0.951371 0.664244 0.989178
3 0.679793 0.957192 0.742767 0.957192 0.758964 0.951371 0.664244 0.951371
2 0.687431 0.957192 0.739799 0.957192 0.739799 0.951371 0.687431 0.951371
3 0.742767 0.957192 0.742767 0.999998 0.758964 0.989178 0.758964 0.951371
3 0.493651 0.999998 0.679793 0.999998 0.664244 0.989178 0.509848 0.989178
1 0.548753 0.999998 0.650288 0.999998 0.650288 0.989178 0.548753 0.989178
3 0.742767 0.999998 0.937752 0.999998 0.923499 0.989178 0.758964 0.989178
1 0.794357 0.999998 0.878646 0.999998 0.878646 0.989178 0.794357 0.989178
3 0.758964 0.951371 0.758964 0.754048 0.752485 0.749129 0.752485 0.951371
2 0.758964 0.898376 0.758964 0.869077 0.752485 0.869077 0.752485 0.898376
2 0.758964 0.811159 0.758964 0.784736 0.752485 0.784736 0.752485 0.811159
3 0.664244 0.951371 0.664244 0.858347 0.670723 0.853839 0.670723 0.951371
2 0.664244 0.889833 0.664244 0.859736 0.670723 0.859736 0.670723 0.889833
3 0.670723 0.853839 0.635057 0.853839 0.628578 0.858347 0.664244 0.858347
3 0.635057 0.853839 0.635057 0.803612 0.628578 0.799104 0.628578 0.858347
3 0.628578 0.799104 0.493651 0.799104 0.493651 0.803612 0.628578 0.803612
2 0.588934 0.799104 0.552945 0.799104 0.552945 0.803612 0.588934 0.803612
3 0.664244 0.905265 0.758964 0.905265 0.758964 0.900757 0.664244 0.900757
2 0.687690 0.905265 0.739650 0.905265 0.739650 0.900757 0.687690 0.900757
3 0.635057 0.803612 0.670723 0.803612 0.664244 0.799104 0.628578 0.799104
3 0.670723 0.803612 0.670723 0.644862 0.664244 0.644862 0.664244 0.799104
2 0.670723 0.781521 0.670723 0.754409 0.664244 0.754409 0.664244 0.781521
3 0.670723 0.747980 0.493651 0.747980 0.493651 0.752488 0.670723 0.752488
3 0.601322 0.803612 0.601322 0.747980 0.594843 0.747980 0.594843 0.803612
3 0.752485 0.867170 0.937752 0.867170 0.937752 0.862662 0.752485 0.862662
3 0.820570 0.754048 0.820570 0.821091 0.827049 0.812512 0.827049 0.749129
2 0.820570 0.785538 0.820570 0.811272 0.827049 0.811272 0.827049 0.785538
3 0.820570 0.821091 0.923499 0.821091 0.923499 0.812512 0.827049 0.812512
3 0.937752 0.999998 0.937752 0.821091 0.923499 0.821091 0.923499 0.989178
3 0.937752 0.821091 0.937752 0.753638 0.913943 0.753638 0.913943 0.821091
3 0.937752 0.753638 0.937752 0.544255 0.923499 0.555124 0.923499 0.753638
3 0.826511 0.755567 0.826511 0.785173 0.829414 0.785173 0.829414 0.755567
3 0.758964 0.754048 0.820570 0.754048 0.827049 0.749129 0.752485 0.749129
3 0.827049 0.755567 0.923499 0.755567 0.923499 0.749129 0.827049 0.749129
