0 0.277903 0.861958 0.277903 1.000000 0.457528 1.000000 0.457528 0.861958 0.277903 0.861958 0.277903 0.861958
0 0.858128 0.540420 0.945755 0.540420 0.946111 0.822402 0.858128 0.822484 0.858128 0.540420 0.858128 0.540420
0 0.636046 0.448313 0.612438 0.448313 0.612438 0.543787 0.409729 0.543787 0.409729 0.521197 0.337681 0.521197 0.337681 0.511186 0.302397 0.511186 0.302397 0.186572 0.636046 0.186572
0 0.636046 0.833743 0.416325 0.833743 0.416325 0.573385 0.409729 0.573385 0.409729 0.543787 0.636046 0.543787
0 0.409729 0.573385 0.409589 0.573385 0.409589 0.734682 0.243365 0.734682 0.243365 0.521197 0.409729 0.521197
0 0.295988 0.511186 0.236956 0.511186 0.236956 0.511204 0.101162 0.511204 0.100609 0.186572 0.295988 0.186572
0 0.840066 0.448313 0.641873 0.448313 0.641873 0.186572 0.840066 0.186572
0 0.236956 0.833743 0.101162 0.833743 0.101162 0.521216 0.236956 0.521216
0 0.744095 0.686162 0.840066 0.686162 0.840066 0.833743 0.642455 0.833743 0.642455 0.631571 0.744095 0.631571
0 0.840066 0.675240 0.751087 0.675240 0.751087 0.459234 0.840066 0.459234
0 0.744095 0.522881 0.738852 0.522881 0.738852 0.617009 0.645368 0.617009 0.645368 0.532702 0.641873 0.532702 0.641873 0.459234 0.744095 0.459234
0 0.340536 0.833743 0.243947 0.833743 0.243947 0.745604 0.340536 0.745604
0 0.409589 0.833743 0.347528 0.833743 0.347528 0.745604 0.409589 0.745604
3 0.082524 0.158357 0.858128 0.158357 0.840066 0.186572 0.100609 0.186572
1 0.149777 0.158357 0.219221 0.158357 0.219221 0.186572 0.149777 0.186572
1 0.219221 0.158357 0.254522 0.158357 0.254522 0.186572 0.219221 0.186572
1 0.395222 0.158357 0.465102 0.158357 0.465102 0.186572 0.395222 0.186572
1 0.465330 0.158357 0.533445 0.158357 0.533445 0.186572 0.465330 0.186572
1 0.533620 0.158357 0.566107 0.158357 0.566107 0.186572 0.533620 0.186572
1 0.654288 0.158357 0.723511 0.158357 0.723511 0.186572 0.654288 0.186572
1 0.723185 0.158357 0.757799 0.158357 0.757799 0.186572 0.723185 0.186572
3 0.858128 0.158357 0.858128 0.861958 0.840066 0.833743 0.840066 0.186572
2 0.858128 0.698813 0.858128 0.770196 0.840066 0.770196 0.840066 0.698813
1 0.858128 0.585773 0.858128 0.640837 0.840066 0.640837 0.840066 0.585773
3 0.858128 0.861958 0.083124 0.861958 0.101162 0.833743 0.840066 0.833743
2 0.405435 0.861958 0.354362 0.861958 0.354362 0.833743 0.405435 0.833743
1 0.728516 0.861958 0.658769 0.861958 0.658769 0.833743 0.728516 0.833743
1 0.763765 0.861958 0.728516 0.861958 0.728516 0.833743 0.763765 0.833743
1 0.550767 0.861958 0.483566 0.861958 0.483566 0.833743 0.550767 0.833743
1 0.585864 0.861958 0.550767 0.861958 0.550767 0.833743 0.585864 0.833743
1 0.323669 0.861958 0.290069 0.861958 0.290069 0.833743 0.323669 0.833743
1 0.166015 0.861958 0.131214 0.861958 0.131214 0.833743 0.166015 0.833743
1 0.234264 0.861958 0.166015 0.861958 0.166015 0.833743 0.234264 0.833743
3 0.083124 0.861958 0.082524 0.158357 0.100609 0.186572 0.101162 0.833743
3 0.416325 0.861958 0.416325 0.573385 0.409589 0.573385 0.409589 0.861958
3 0.416325 0.745604 0.236956 0.745604 0.243365 0.734682 0.416325 0.734682
2 0.404188 0.745604 0.352579 0.745604 0.352579 0.734682 0.404188 0.734682
2 0.313648 0.745604 0.280432 0.745604 0.280432 0.734682 0.313648 0.734682
3 0.236956 0.734682 0.236956 0.861958 0.243947 0.861958 0.243947 0.745604
3 0.347528 0.734682 0.347528 0.861958 0.340536 0.861958 0.340536 0.734682
3 0.236956 0.745604 0.236956 0.511186 0.243365 0.521197 0.243365 0.734682
2 0.236956 0.586610 0.236956 0.525739 0.243365 0.525739 0.243365 0.586610
3 0.243365 0.521197 0.082833 0.521216 0.082833 0.511204 0.243365 0.511186
3 0.236956 0.511186 0.337681 0.511186 0.337681 0.521197 0.243365 0.521197
2 0.247204 0.511186 0.293296 0.511186 0.293296 0.521197 0.247204 0.521197
3 0.302397 0.521197 0.302397 0.158357 0.295988 0.158357 0.295988 0.521197
3 0.636046 0.861958 0.636046 0.617009 0.642455 0.631571 0.642455 0.861958
2 0.636046 0.771288 0.636046 0.708661 0.642455 0.708661 0.642455 0.771288
3 0.636046 0.631571 0.636046 0.532702 0.645368 0.532702 0.645368 0.631571
3 0.636046 0.532702 0.636046 0.158357 0.641873 0.158357 0.641873 0.532702
2 0.636046 0.389344 0.636046 0.315849 0.641873 0.315849 0.641873 0.389344
3 0.642455 0.631571 0.744095 0.631571 0.751087 0.617009 0.636046 0.617009
3 0.751087 0.631571 0.751087 0.522881 0.738852 0.522881 0.738852 0.631571
3 0.751087 0.522881 0.751087 0.448313 0.744095 0.459234 0.744095 0.522881
2 0.751087 0.518658 0.751087 0.465078 0.744095 0.465078 0.744095 0.518658
3 0.751087 0.459234 0.858128 0.459234 0.858128 0.448313 0.744095 0.448313
3 0.751087 0.617009 0.751087 0.675240 0.744095 0.686162 0.744095 0.631571
3 0.744095 0.686162 0.858128 0.686162 0.858128 0.675240 0.751087 0.675240
2 0.753977 0.686162 0.793193 0.686162 0.793193 0.675240 0.753977 0.675240
3 0.751087 0.448313 0.612438 0.448313 0.636046 0.459234 0.744095 0.459234
3 0.636046 0.459234 0.636046 0.543787 0.612438 0.543787 0.612438 0.448313
