0 0.206952 0.450727 0.090886 0.450727 0.090886 0.178615 0.206952 0.178615
0 0.512219 0.983623 0.345834 0.983623 0.345834 0.823701 0.512219 0.823701
0 0.452810 0.593177 0.347563 0.593177 0.347563 0.509382 0.345253 0.509382 0.345253 0.328954 0.452810 0.328954
0 0.340937 0.385236 0.211267 0.385236 0.211267 0.178615 0.340937 0.178615
0 0.206952 0.509382 0.206037 0.509382 0.206037 0.614441 0.090886 0.614441 0.090886 0.456292 0.206952 0.456292
0 0.340937 0.509382 0.211267 0.509382 0.211267 0.392788 0.340937 0.392788
0 0.452810 0.321402 0.345253 0.321402 0.345253 0.178615 0.452810 0.178615
0 0.465659 0.813765 0.345834 0.813765 0.345834 0.717092 0.465659 0.717092
0 0.283329 0.637824 0.213077 0.637824 0.213077 0.521703 0.283329 0.521703
0 0.452810 0.707155 0.384466 0.707155 0.384466 0.598741 0.452810 0.598741
0 0.340522 0.637824 0.286055 0.637824 0.286055 0.521703 0.340522 0.521703
0 0.512219 0.813765 0.470655 0.813765 0.470655 0.717092 0.512219 0.717092
0 0.512219 0.707155 0.455536 0.707155 0.455536 0.641314 0.512219 0.641314
0 0.381741 0.664761 0.347563 0.664761 0.347563 0.598741 0.381741 0.598741
0 0.381741 0.707155 0.347563 0.707155 0.347563 0.669531 0.381741 0.669531
3 0.090886 0.178615 0.452810 0.178615 0.459692 0.165896 0.083491 0.165896
3 0.452810 0.178615 0.452810 0.641314 0.459692 0.627800 0.459692 0.165896
3 0.452810 0.641314 0.512219 0.641314 0.519714 0.627800 0.459692 0.627800
3 0.512219 0.983623 0.345834 0.983623 0.340610 0.995150 0.519714 0.995150
3 0.340610 0.646966 0.207854 0.646966 0.213077 0.637824 0.347563 0.637824
3 0.213077 0.637824 0.213077 0.614441 0.207854 0.626763 0.207854 0.646966
3 0.213077 0.614441 0.090886 0.614441 0.083491 0.626763 0.207854 0.626763
3 0.090886 0.614441 0.090886 0.178615 0.083491 0.165896 0.083491 0.626763
3 0.512219 0.641314 0.512219 0.717092 0.519714 0.717092 0.519714 0.627800
3 0.512219 0.717092 0.512219 0.983623 0.519714 0.995150 0.519714 0.717092
3 0.345834 0.983623 0.345834 0.717092 0.340610 0.717092 0.340610 0.995150
3 0.347563 0.717092 0.347563 0.637824 0.340610 0.646966 0.340610 0.717092
3 0.340610 0.717092 0.519714 0.717092 0.519714 0.707155 0.340610 0.707155
2 0.422980 0.717092 0.442258 0.717092 0.442258 0.707155 0.422980 0.707155
3 0.340610 0.823701 0.519714 0.823701 0.519714 0.813765 0.340610 0.813765
2 0.423429 0.823701 0.440614 0.823701 0.440614 0.813765 0.423429 0.813765
3 0.465659 0.707155 0.465659 0.823701 0.470655 0.823701 0.470655 0.707155
2 0.465659 0.749311 0.465659 0.786446 0.470655 0.786446 0.470655 0.749311
3 0.347563 0.646966 0.347563 0.509382 0.340522 0.521703 0.340522 0.646966
2 0.347563 0.576443 0.347563 0.537455 0.340522 0.537455 0.340522 0.576443
3 0.347563 0.509382 0.206037 0.509382 0.213077 0.521703 0.340522 0.521703
3 0.213077 0.521703 0.213077 0.626763 0.206037 0.626763 0.206037 0.509382
2 0.213077 0.547201 0.213077 0.587230 0.206037 0.587230 0.206037 0.547201
3 0.283329 0.509382 0.283329 0.646966 0.286055 0.646966 0.286055 0.509382
3 0.340937 0.165896 0.340937 0.521703 0.345253 0.521703 0.345253 0.165896
2 0.340937 0.401445 0.340937 0.435703 0.345253 0.435703 0.345253 0.401445
3 0.206952 0.165896 0.206952 0.521703 0.211267 0.521703 0.211267 0.165896
2 0.206952 0.399358 0.206952 0.437790 0.211267 0.437790 0.211267 0.399358
2 0.206952 0.461026 0.206952 0.497072 0.211267 0.497072 0.211267 0.461026
3 0.206952 0.392788 0.345253 0.392788 0.345253 0.385236 0.206952 0.385236
2 0.266933 0.392788 0.288724 0.392788 0.288724 0.385236 0.266933 0.385236
3 0.340937 0.328954 0.459692 0.328954 0.459692 0.321402 0.340937 0.321402
2 0.348864 0.328954 0.369678 0.328954 0.369678 0.321402 0.348864 0.321402
3 0.090886 0.456292 0.211267 0.456292 0.211267 0.450727 0.090886 0.450727
3 0.340522 0.598741 0.459692 0.598741 0.459692 0.593177 0.340522 0.593177
2 0.363948 0.598741 0.379787 0.598741 0.379787 0.593177 0.363948 0.593177
2 0.388161 0.598741 0.409382 0.598741 0.409382 0.593177 0.388161 0.593177
3 0.381741 0.593177 0.381741 0.717092 0.384466 0.717092 0.384466 0.593177
2 0.381741 0.671904 0.381741 0.701455 0.384466 0.701455 0.384466 0.671904
3 0.340610 0.669531 0.384466 0.669531 0.384466 0.664761 0.340610 0.664761
3 0.452810 0.626763 0.452810 0.717092 0.455536 0.717092 0.455536 0.626763
2 0.452810 0.671645 0.452810 0.700672 0.455536 0.700672 0.455536 0.671645
0 0.854340 0.642379 0.856839 0.642379 0.856839 0.586396 0.888870 0.586396 0.888870 0.618869 0.932853 0.618869 0.932853 0.642379 0.991142 0.642379 0.991142 0.818304 0.827862 0.818304 0.827862 0.510543 0.735097 0.510543 0.735097 0.469090 0.827862 0.469090 0.827862 0.463526 0.689868 0.463526 0.854340 0.463450
0 0.854340 0.463450 0.689868 0.463526 0.689868 0.333032 0.854340 0.333032
0 0.686006 0.613376 0.570261 0.613376 0.570261 0.333032 0.686006 0.333032
0 0.991142 0.980523 0.827862 0.980523 0.827862 0.823868 0.991142 0.823868
0 0.716839 0.327468 0.675027 0.327468 0.675027 0.248538 0.673210 0.248538 0.673210 0.273253 0.632334 0.273253 0.632334 0.327468 0.570261 0.327468 0.570261 0.175817 0.673210 0.175817 0.673210 0.199816 0.675027 0.199816 0.675027 0.175817 0.716839 0.175817
0 0.934499 0.299355 0.854340 0.299355 0.854340 0.327468 0.825761 0.327468 0.825761 0.175817 0.934499 0.175817
0 0.822581 0.327468 0.752615 0.327468 0.752615 0.175817 0.822581 0.175817
0 0.932853 0.403695 0.856839 0.403695 0.856839 0.333032 0.932853 0.333032
0 0.934499 0.327468 0.856839 0.327468 0.856839 0.303727 0.934499 0.303727
0 0.932853 0.511644 0.891595 0.511644 0.891595 0.408464 0.932853 0.408464
0 0.888870 0.580831 0.856839 0.580831 0.856839 0.469090 0.888870 0.469090
0 0.932853 0.614099 0.891595 0.614099 0.891595 0.516016 0.932853 0.516016
0 0.749663 0.254512 0.719791 0.254512 0.719791 0.175817 0.749663 0.175817
0 0.672075 0.327468 0.634833 0.327468 0.634833 0.278420 0.672075 0.278420
0 0.888870 0.463526 0.856839 0.463526 0.856839 0.408464 0.888870 0.408464
0 0.749663 0.327468 0.735551 0.327468 0.735551 0.259679 0.749663 0.259679
0 0.733053 0.510543 0.701830 0.510543 0.701830 0.469090 0.733053 0.469090
0 0.699786 0.510543 0.689868 0.510543 0.689868 0.469090 0.699786 0.469090
0 0.733053 0.327468 0.719791 0.327468 0.719791 0.294589 0.733053 0.294589
0 0.733053 0.290217 0.719791 0.290217 0.719791 0.259679 0.733053 0.259679
3 0.570261 0.175817 0.934499 0.175817 0.941995 0.160713 0.562312 0.160713
2 0.687535 0.175817 0.714161 0.175817 0.714161 0.160713 0.687535 0.160713
1 0.757832 0.175817 0.798969 0.175817 0.798969 0.160713 0.757832 0.160713
3 0.932853 0.642379 0.991142 0.642379 1.000000 0.626878 0.941995 0.626878
3 0.991142 0.642379 0.991142 0.980523 1.000000 0.994435 1.000000 0.626878
1 0.991142 0.854688 0.991142 0.914706 1.000000 0.914706 1.000000 0.854688
1 0.991142 0.702465 0.991142 0.766040 1.000000 0.766040 1.000000 0.702465
3 0.991142 0.980523 0.827862 0.980523 0.819458 0.994435 1.000000 0.994435
1 0.871016 0.980523 0.835745 0.980523 0.835745 0.994435 0.871016 0.994435
1 0.963417 0.980523 0.928038 0.980523 0.928038 0.994435 0.963417 0.994435
3 0.827862 0.980523 0.827862 0.510543 0.819458 0.525249 0.819458 0.994435
2 0.827862 0.959326 0.827862 0.846818 0.819458 0.846818 0.819458 0.959326
2 0.827862 0.626063 0.827862 0.587851 0.819458 0.587851 0.819458 0.626063
1 0.827862 0.732029 0.827862 0.628230 0.819458 0.628230 0.819458 0.732029
1 0.827862 0.811706 0.827862 0.738261 0.819458 0.738261 0.819458 0.811706
3 0.827862 0.510543 0.686006 0.510543 0.693956 0.525249 0.819458 0.525249
2 0.725569 0.510543 0.704274 0.510543 0.704274 0.525249 0.725569 0.525249
1 0.773370 0.510543 0.738674 0.510543 0.738674 0.525249 0.773370 0.525249
1 0.817301 0.510543 0.777095 0.510543 0.777095 0.525249 0.817301 0.525249
3 0.686006 0.510543 0.686006 0.613376 0.693956 0.627288 0.693956 0.525249
3 0.686006 0.613376 0.570261 0.613376 0.562312 0.627288 0.693956 0.627288
1 0.676656 0.613376 0.635342 0.613376 0.635342 0.627288 0.676656 0.627288
3 0.570261 0.613376 0.570261 0.175817 0.562312 0.160713 0.562312 0.627288
1 0.570261 0.322269 0.570261 0.237866 0.562312 0.237866 0.562312 0.322269
1 0.570261 0.428095 0.570261 0.353621 0.562312 0.353621 0.562312 0.428095
1 0.570261 0.506794 0.570261 0.435250 0.562312 0.435250 0.562312 0.506794
3 0.562312 0.333032 0.941995 0.333032 0.941995 0.327468 0.562312 0.327468
2 0.832579 0.333032 0.851826 0.333032 0.851826 0.327468 0.832579 0.327468
2 0.757326 0.333032 0.777549 0.333032 0.777549 0.327468 0.757326 0.327468
2 0.690099 0.333032 0.715035 0.333032 0.715035 0.327468 0.690099 0.327468
2 0.570377 0.333032 0.621780 0.333032 0.621780 0.327468 0.570377 0.327468
3 0.822581 0.160713 0.822581 0.333032 0.825761 0.333032 0.825761 0.160713
3 0.856839 0.327468 0.856839 0.303727 0.854340 0.299355 0.854340 0.327468
3 0.856839 0.303727 0.941995 0.303727 0.941995 0.299355 0.854340 0.299355
2 0.859185 0.303727 0.893290 0.303727 0.893290 0.299355 0.859185 0.299355
2 0.895979 0.303727 0.931361 0.303727 0.931361 0.299355 0.895979 0.299355
3 0.749663 0.160713 0.749663 0.333032 0.752615 0.333032 0.752615 0.160713
2 0.749663 0.261273 0.749663 0.290229 0.752615 0.290229 0.752615 0.261273
2 0.749663 0.295277 0.749663 0.324379 0.752615 0.324379 0.752615 0.295277
3 0.716839 0.160713 0.716839 0.333032 0.719791 0.333032 0.719791 0.160713
2 0.716839 0.261162 0.716839 0.289501 0.719791 0.289501 0.719791 0.261162
2 0.716839 0.295793 0.716839 0.322929 0.719791 0.322929 0.719791 0.295793
2 0.716839 0.211116 0.716839 0.239961 0.719791 0.239961 0.719791 0.211116
3 0.716839 0.259679 0.752615 0.259679 0.752615 0.254512 0.716839 0.254512
3 0.733053 0.254512 0.733053 0.333032 0.735551 0.333032 0.735551 0.254512
3 0.716839 0.294589 0.735551 0.294589 0.735551 0.290217 0.716839 0.290217
3 0.634833 0.333032 0.634833 0.278420 0.632334 0.273253 0.632334 0.333032
3 0.634833 0.278420 0.672075 0.278420 0.675027 0.273253 0.632334 0.273253
3 0.672075 0.273253 0.672075 0.333032 0.675027 0.333032 0.675027 0.273253
2 0.672075 0.294653 0.672075 0.323851 0.675027 0.323851 0.675027 0.294653
3 0.686006 0.525249 0.686006 0.327468 0.689868 0.327468 0.689868 0.525249
2 0.686006 0.406409 0.686006 0.333342 0.689868 0.333342 0.689868 0.406409
3 0.686006 0.469090 0.827862 0.469090 0.827862 0.463526 0.686006 0.463526
2 0.703679 0.469090 0.724974 0.469090 0.724974 0.463526 0.703679 0.463526
3 0.699786 0.463526 0.699786 0.525249 0.701830 0.525249 0.701830 0.463526
2 0.699786 0.476165 0.699786 0.505093 0.701830 0.505093 0.701830 0.476165
3 0.733053 0.463526 0.733053 0.525249 0.735097 0.525249 0.735097 0.463526
3 0.854340 0.327468 0.854340 0.642379 0.856839 0.642379 0.856839 0.327468
2 0.854340 0.537737 0.854340 0.566522 0.856839 0.566522 0.856839 0.537737
2 0.854340 0.479218 0.854340 0.509926 0.856839 0.509926 0.856839 0.479218
2 0.854340 0.411855 0.854340 0.441077 0.856839 0.441077 0.856839 0.411855
2 0.854340 0.370001 0.854340 0.399966 0.856839 0.399966 0.856839 0.370001
3 0.854340 0.408464 0.941995 0.408464 0.941995 0.403695 0.854340 0.403695
3 0.934499 0.175817 0.934499 0.333032 0.941995 0.333032 0.941995 0.160713
1 0.934499 0.216697 0.934499 0.290996 0.941995 0.290996 0.941995 0.216697
3 0.932853 0.333032 0.932853 0.642379 0.941995 0.626878 0.941995 0.333032
1 0.932853 0.530174 0.932853 0.574666 0.941995 0.574666 0.941995 0.530174
1 0.932853 0.432905 0.932853 0.481941 0.941995 0.481941 0.941995 0.432905
1 0.932853 0.338299 0.932853 0.387088 0.941995 0.387088 0.941995 0.338299
3 0.888870 0.403695 0.888870 0.618869 0.891595 0.614099 0.891595 0.403695
2 0.888870 0.550238 0.888870 0.576701 0.891595 0.576701 0.891595 0.550238
2 0.888870 0.479464 0.888870 0.507701 0.891595 0.507701 0.891595 0.479464
3 0.888870 0.618869 0.941995 0.618869 0.941995 0.614099 0.891595 0.614099
3 0.854340 0.586396 0.891595 0.586396 0.891595 0.580831 0.854340 0.580831
3 0.854340 0.469090 0.891595 0.469090 0.891595 0.463526 0.854340 0.463526
3 0.888870 0.516016 0.941995 0.516016 0.941995 0.511644 0.888870 0.511644
3 0.819458 0.823868 1.000000 0.823868 1.000000 0.818304 0.819458 0.818304
2 0.831051 0.823868 0.848199 0.823868 0.848199 0.818304 0.831051 0.818304
3 0.819458 0.994435 0.797634 0.994435 0.797634 0.980523 0.819458 0.980523
