0 0.635609 0.885670 0.119403 0.885670 0.119403 0.714581 0.425138 0.714581 0.425138 0.704218 0.635609 0.704039
0 0.972421 0.885670 0.635609 0.885670 0.635609 0.704039 0.425138 0.704218 0.425138 0.246181 0.972421 0.246181
0 0.425138 0.224043 0.425138 0.062062 0.973873 0.062062 0.973873 0.224043 0.425138 0.224043 0.425138 0.224043
0 0.407719 0.488388 0.119403 0.488388 0.119403 0.246181 0.407719 0.246181
0 0.407719 0.704039 0.136589 0.704039 0.136589 0.496822 0.407719 0.496822
3 0.119403 0.246181 0.972421 0.246181 1.000000 0.224043 0.094727 0.224043
1 0.195492 0.246181 0.322166 0.246181 0.322166 0.224043 0.195492 0.224043
2 0.518093 0.246181 0.636175 0.246181 0.636175 0.224043 0.518093 0.224043
1 0.644086 0.246181 0.873659 0.246181 0.873659 0.224043 0.644086 0.224043
3 1.000000 0.224043 1.000000 0.906754 0.972421 0.885670 0.972421 0.246181
3 1.000000 0.906754 0.094727 0.906754 0.119403 0.885670 0.972421 0.885670
2 0.364856 0.906754 0.236468 0.906754 0.236468 0.885670 0.364856 0.885670
3 0.425138 0.224043 0.425138 0.714581 0.407719 0.704039 0.407719 0.224043
2 0.425138 0.337824 0.425138 0.418852 0.407719 0.418852 0.407719 0.337824
3 0.425138 0.714581 0.136589 0.714581 0.136589 0.704039 0.407719 0.704039
2 0.323197 0.714581 0.222722 0.714581 0.222722 0.704039 0.323197 0.704039
3 0.425138 0.488388 0.119403 0.488388 0.094727 0.496822 0.425138 0.496822
3 1.000000 0.224043 1.000000 0.051520 0.973873 0.051520 0.973873 0.224043
3 0.425138 0.224043 0.425138 0.051520 0.399010 0.051520 0.399010 0.224043
3 0.119403 0.488388 0.119403 0.246181 0.094727 0.224043 0.094727 0.488388
3 0.119403 0.885670 0.119403 0.714581 0.094727 0.714581 0.094727 0.906754
3 0.136589 0.714581 0.136589 0.488388 0.094727 0.488388 0.094727 0.714581
