0 0.888025 0.340962 0.887827 0.718150 0.662670 0.718150 0.662670 0.597785 0.665994 0.597785 0.665994 0.340977 0.887341 0.340977 0.888025 0.340962
0 0.521052 0.598108 0.521052 0.705664 0.572722 0.705664 0.572722 0.795649 0.656118 0.795649 0.656559 0.706041 0.663315 0.704416 0.663315 0.597993 0.521052 0.598108 0.521052 0.598108
0 0.659601 0.229662 0.659245 0.329407 0.890851 0.329407 0.890851 0.229662 0.659601 0.229662 0.659601 0.229662
0 0.742409 0.717912 0.742409 0.718197 0.888025 0.719452 0.888025 0.901642 0.663908 0.901642 0.663908 0.717650
0 0.888025 0.719452 0.742658 0.718197 0.888025 0.718197
0 0.659335 0.588580 0.374390 0.588580 0.374390 0.340962 0.659335 0.340962
0 0.236338 0.901642 0.094895 0.901642 0.095460 0.532017 0.236338 0.532017
0 0.365910 0.520463 0.095460 0.520463 0.095455 0.340962 0.365910 0.340962
0 0.565164 0.901642 0.374390 0.901642 0.374390 0.714730 0.565164 0.714730
0 0.365910 0.901642 0.242557 0.901642 0.242557 0.714730 0.365910 0.714730
0 0.365910 0.706257 0.242557 0.706257 0.242557 0.532017 0.365910 0.532017
0 0.513595 0.705487 0.433913 0.705487 0.433913 0.598593 0.513595 0.598593
0 0.656559 0.901642 0.571947 0.901642 0.571947 0.803815 0.656559 0.803815
0 0.427694 0.705487 0.374390 0.705487 0.374390 0.598593 0.427694 0.598593
0 0.543105 0.913196 0.543105 1.000000 0.677001 1.000000 0.677001 0.913204 0.543105 0.913196 0.543105 0.913196
3 0.086986 0.329407 0.896505 0.329407 0.888025 0.340962 0.095455 0.340962
1 0.199649 0.329407 0.266928 0.329407 0.266928 0.340962 0.199649 0.340962
1 0.402130 0.329407 0.472010 0.329407 0.472010 0.340962 0.402130 0.340962
1 0.558487 0.329407 0.630984 0.329407 0.630984 0.340962 0.558487 0.340962
2 0.729395 0.329407 0.773688 0.329407 0.773688 0.340962 0.729395 0.340962
1 0.801847 0.329407 0.868125 0.329407 0.868125 0.340962 0.801847 0.340962
3 0.896505 0.329407 0.896505 0.913196 0.888025 0.901642 0.888025 0.340962
3 0.896505 0.913196 0.086404 0.913196 0.094895 0.901642 0.888025 0.901642
1 0.802079 0.913196 0.728903 0.913196 0.728903 0.901642 0.802079 0.901642
2 0.638633 0.913196 0.581852 0.913196 0.581852 0.901642 0.638633 0.901642
1 0.485996 0.913196 0.413573 0.913196 0.413573 0.901642 0.485996 0.901642
2 0.217869 0.913196 0.102583 0.913196 0.102583 0.901642 0.217869 0.901642
3 0.086404 0.913196 0.086986 0.329407 0.095455 0.340962 0.094895 0.901642
1 0.086500 0.821500 0.086590 0.727764 0.095070 0.727779 0.094980 0.821516
1 0.086590 0.727764 0.086686 0.632602 0.095166 0.632617 0.095070 0.727779
3 0.365910 0.329407 0.365910 0.913196 0.374390 0.913196 0.374390 0.329407
2 0.365910 0.453817 0.365910 0.512275 0.374390 0.512275 0.374390 0.453817
3 0.086800 0.520463 0.374390 0.520463 0.374390 0.532017 0.086800 0.532017
2 0.245259 0.520463 0.292407 0.520463 0.292407 0.532017 0.245259 0.532017
3 0.365910 0.705487 0.571947 0.705487 0.565164 0.714730 0.365910 0.714730
3 0.571947 0.705487 0.571947 0.913196 0.565164 0.913196 0.565164 0.714730
2 0.571947 0.720484 0.571947 0.773496 0.565164 0.773496 0.565164 0.720484
3 0.365910 0.588580 0.659335 0.588580 0.666684 0.598593 0.365910 0.598593
2 0.570252 0.588580 0.615161 0.588580 0.615161 0.598593 0.570252 0.598593
3 0.666684 0.598593 0.666684 0.507221 0.659335 0.507221 0.659335 0.588580
3 0.666684 0.507221 0.666684 0.329407 0.659335 0.329407 0.659335 0.507221
3 0.656559 0.901642 0.656559 0.706041 0.663908 0.706041 0.663908 0.901642
3 0.888025 0.708183 0.742409 0.708183 0.742409 0.718197 0.888025 0.718197
3 0.236338 0.520463 0.236338 0.913196 0.242557 0.913196 0.242557 0.520463
3 0.365910 0.714730 0.236338 0.714730 0.236338 0.706257 0.365910 0.706257
2 0.292006 0.714730 0.245587 0.714730 0.245587 0.706257 0.292006 0.706257
3 0.427694 0.588580 0.427694 0.714730 0.433913 0.714730 0.433913 0.588580
2 0.427694 0.650527 0.427694 0.699371 0.433913 0.699371 0.433913 0.650527
3 0.513595 0.588580 0.513595 0.714730 0.521509 0.714730 0.521509 0.588580
2 0.513595 0.648840 0.513595 0.702175 0.521509 0.702175 0.521509 0.648840
3 0.565164 0.796112 0.663908 0.796112 0.663908 0.803815 0.565164 0.803815
2 0.581852 0.796112 0.636716 0.796112 0.636716 0.803815 0.581852 0.803815
3 0.666684 0.438350 0.666684 0.512660 0.684209 0.512660 0.684209 0.438350
