0 0.517738 0.146999 0.559727 0.209647 0.623604 0.209647 0.623604 0.321555 0.455775 0.321555 0.455822 0.057223 0.517738 0.057223
0 0.623899 0.057258 0.623604 0.209647 0.559727 0.209647 0.517738 0.146999 0.517738 0.057223
0 0.444610 0.449192 0.195516 0.449192 0.195516 0.057258 0.444610 0.057258
0 0.632627 0.466772 0.573450 0.466772 0.573450 0.864690 0.453338 0.864690 0.453338 0.449192 0.444610 0.449192 0.444610 0.336690 0.632627 0.336690
0 0.980509 0.466772 0.632627 0.466772 0.632627 0.057258 0.980509 0.057258
0 0.176046 0.035137 0.029897 0.035137 0.029897 0.495634 0.176046 0.495634 0.176046 0.035137 0.176046 0.035137
0 0.444610 0.864690 0.195516 0.864690 0.195516 0.464327 0.444610 0.464327
3 0.195516 0.057258 0.195516 0.864690 0.176046 0.887976 0.176046 0.035137
1 0.195516 0.199483 0.195516 0.342791 0.176046 0.342791 0.176046 0.199483
2 0.195516 0.352186 0.195516 0.444069 0.176046 0.444069 0.176046 0.352186
1 0.195516 0.659910 0.195516 0.793799 0.176046 0.793799 0.176046 0.659910
3 0.195516 0.864690 0.573450 0.864690 0.586878 0.887976 0.176046 0.887976
2 0.489298 0.864690 0.553899 0.864690 0.553899 0.887976 0.489298 0.887976
3 0.573450 0.864690 0.573450 0.466772 0.586878 0.490057 0.586878 0.887976
3 0.453338 0.887976 0.453338 0.449192 0.444610 0.464327 0.444610 0.887976
2 0.453338 0.789550 0.453338 0.695001 0.444610 0.695001 0.444610 0.789550
3 0.453338 0.449192 0.176046 0.449192 0.176046 0.464327 0.444610 0.464327
3 0.623899 0.035137 0.623899 0.321555 0.632627 0.336690 0.632627 0.035137
3 0.623899 0.321555 0.455775 0.321555 0.444610 0.336690 0.632627 0.336690
2 0.568173 0.321555 0.526627 0.321555 0.526627 0.336690 0.568173 0.336690
3 0.444610 0.057258 0.195516 0.057258 0.176046 0.035137 0.455822 0.035137
3 0.444610 0.336690 0.444610 0.194244 0.455775 0.194244 0.455775 0.321555
3 0.444610 0.194244 0.444610 0.057258 0.455822 0.035137 0.455822 0.194244
3 0.567133 0.057223 0.444610 0.057223 0.444610 0.035137 0.567133 0.035137
3 0.517738 0.035137 0.517738 0.146999 0.526466 0.140048 0.526466 0.035137
3 0.517738 0.146999 0.559727 0.209647 0.562970 0.194512 0.526466 0.140048
2 0.523747 0.155952 0.555356 0.203116 0.561043 0.191648 0.529441 0.144484
3 0.559727 0.209647 0.632627 0.209647 0.632627 0.194512 0.562970 0.194512
