0 0.320446 0.606422 0.327383 0.606422 0.327383 0.693867 0.239920 0.693867 0.215039 0.606422 0.215039 0.599509 0.100869 0.599509 0.100869 0.496007 0.193720 0.496007 0.193720 0.419734 0.320446 0.419734
0 0.186783 0.489093 0.100869 0.489093 0.100869 0.419734 0.186783 0.419734
0 0.239920 0.693867 0.239897 0.693867 0.239897 0.776517 0.239902 0.776517 0.239897 0.913506 0.100869 0.913506 0.100869 0.606422 0.215039 0.606422
0 0.556683 0.776517 0.327383 0.776517 0.327383 0.548547 0.332672 0.548547 0.332672 0.485572 0.556683 0.485572
0 0.357183 0.142151 0.166845 0.142151 0.166845 0.018109 0.357183 0.018109 0.357183 0.142151 0.357183 0.142151
0 0.257817 0.794378 0.257817 0.931367 0.481834 0.930105 0.481834 0.794545 0.257817 0.794378 0.257817 0.794378
0 0.556683 0.478658 0.327383 0.478658 0.327383 0.419734 0.369010 0.419734 0.369010 0.300106 0.453011 0.300106 0.453011 0.267224 0.556683 0.267224
0 0.258384 0.412820 0.100869 0.412820 0.100869 0.160012 0.258384 0.160012
0 0.362073 0.412820 0.265321 0.412820 0.265321 0.160012 0.362073 0.160012
0 0.446074 0.293192 0.369010 0.293192 0.369010 0.160012 0.446074 0.160012
0 0.556683 0.260310 0.453011 0.260310 0.453011 0.160012 0.556683 0.160012
0 0.148924 0.154458 0.089544 0.154458 0.089544 0.154429 0.042338 0.154429 0.042338 0.060601 0.148924 0.060601
0 0.320446 0.776517 0.246834 0.776517 0.246834 0.700781 0.320446 0.700781
3 0.257817 0.794378 0.257817 0.931367 0.239897 0.913506 0.239897 0.776517
1 0.257817 0.825226 0.257817 0.901804 0.239897 0.901804 0.239897 0.825226
3 0.257817 0.931367 0.089544 0.931367 0.100869 0.913506 0.239897 0.913506
1 0.225774 0.931367 0.174678 0.931367 0.174678 0.913506 0.225774 0.913506
1 0.167660 0.931367 0.115009 0.931367 0.115009 0.913506 0.167660 0.913506
3 0.100869 0.913506 0.100869 0.160012 0.089544 0.154458 0.089544 0.931367
3 0.100869 0.160012 0.166845 0.160012 0.166845 0.154458 0.089544 0.154458
3 0.148924 0.160012 0.556683 0.160012 0.574604 0.142151 0.166845 0.142151
1 0.484065 0.160012 0.517964 0.160012 0.517964 0.142151 0.484065 0.142151
1 0.391706 0.160012 0.426096 0.160012 0.426096 0.142151 0.391706 0.142151
2 0.309913 0.160012 0.354148 0.160012 0.354148 0.142151 0.309913 0.142151
1 0.267511 0.160012 0.300156 0.160012 0.300156 0.142151 0.267511 0.142151
1 0.169591 0.160012 0.256227 0.160012 0.256227 0.142151 0.169591 0.142151
3 0.556683 0.160012 0.556683 0.776517 0.574604 0.794378 0.574604 0.142151
1 0.556683 0.701610 0.556683 0.768474 0.574604 0.768474 0.574604 0.701610
1 0.556683 0.505076 0.556683 0.538856 0.574604 0.538856 0.574604 0.505076
1 0.556683 0.322928 0.556683 0.425260 0.574604 0.425260 0.574604 0.322928
3 0.574604 0.794378 0.257817 0.794378 0.239897 0.776517 0.556683 0.776517
2 0.311185 0.794378 0.262823 0.794378 0.262823 0.776517 0.311185 0.776517
1 0.471481 0.794378 0.368519 0.794378 0.368519 0.776517 0.471481 0.776517
1 0.550261 0.794378 0.478891 0.794378 0.478891 0.776517 0.550261 0.776517
3 0.166845 0.142151 0.166845 0.042740 0.148924 0.060601 0.148924 0.160012
1 0.166845 0.104931 0.166845 0.069963 0.148924 0.069963 0.148924 0.104931
3 0.166845 0.042740 0.024418 0.042740 0.042338 0.060601 0.148924 0.060601
3 0.024418 0.042740 0.024418 0.160012 0.042338 0.154429 0.042338 0.060601
2 0.024418 0.072337 0.024418 0.116396 0.042338 0.116396 0.042338 0.072337
3 0.024418 0.160012 0.089544 0.160012 0.089544 0.154429 0.042338 0.154429
3 0.239897 0.776517 0.239897 0.693867 0.246834 0.700781 0.246834 0.776517
3 0.239897 0.693867 0.327383 0.693867 0.320446 0.700781 0.246834 0.700781
2 0.260546 0.693867 0.309393 0.693867 0.309393 0.700781 0.260546 0.700781
3 0.327383 0.693867 0.327383 0.776517 0.320446 0.776517 0.320446 0.700781
3 0.100869 0.419734 0.369010 0.419734 0.362073 0.412820 0.100869 0.412820
2 0.206987 0.419734 0.250435 0.419734 0.250435 0.412820 0.206987 0.412820
2 0.271327 0.419734 0.307416 0.419734 0.307416 0.412820 0.271327 0.412820
3 0.369010 0.419734 0.369010 0.160012 0.362073 0.160012 0.362073 0.412820
2 0.369010 0.261572 0.369010 0.223972 0.362073 0.223972 0.362073 0.261572
3 0.369010 0.300106 0.453011 0.300106 0.446074 0.293192 0.369010 0.293192
3 0.453011 0.300106 0.453011 0.160012 0.446074 0.160012 0.446074 0.293192
2 0.453011 0.249928 0.453011 0.218193 0.446074 0.218193 0.446074 0.249928
3 0.453011 0.267224 0.556683 0.267224 0.556683 0.260310 0.453011 0.260310
3 0.327383 0.606422 0.327383 0.419734 0.320446 0.419734 0.320446 0.606422
2 0.327383 0.467585 0.327383 0.424344 0.320446 0.424344 0.320446 0.467585
3 0.327383 0.478658 0.556683 0.478658 0.556683 0.485572 0.332672 0.485572
3 0.100869 0.496007 0.193720 0.496007 0.186783 0.489093 0.100869 0.489093
3 0.193720 0.496007 0.193720 0.419734 0.186783 0.419734 0.186783 0.489093
2 0.193720 0.456131 0.193720 0.424632 0.186783 0.424632 0.186783 0.456131
3 0.265321 0.160012 0.265321 0.412820 0.258384 0.412820 0.258384 0.160012
3 0.100869 0.606422 0.215039 0.606422 0.215039 0.599509 0.100869 0.599509
3 0.327383 0.478658 0.327383 0.548547 0.332672 0.548547 0.332672 0.485572
0 0.796239 0.793364 0.796239 0.903371 0.987860 0.903371 0.987860 0.793364 0.796239 0.793364 0.796239 0.793364
0 0.773977 0.489300 0.634527 0.489300 0.634527 0.421227 0.773977 0.421227
0 0.854336 0.489300 0.780914 0.489300 0.780914 0.421227 0.854336 0.421227
0 0.854336 0.778770 0.634527 0.778770 0.634527 0.606953 0.854336 0.606953
0 0.854336 0.600039 0.634527 0.600039 0.634527 0.496214 0.854336 0.496214
3 0.634527 0.421227 0.634527 0.778770 0.622388 0.793364 0.622388 0.409127
3 0.634527 0.778770 0.854336 0.778770 0.854336 0.793364 0.622388 0.793364
2 0.801338 0.778770 0.844445 0.778770 0.844445 0.793364 0.801338 0.793364
1 0.681860 0.778770 0.784227 0.778770 0.784227 0.793364 0.681860 0.793364
3 0.854336 0.421227 0.634527 0.421227 0.622388 0.409127 0.865319 0.409127
3 0.854336 0.793364 1.000000 0.793364 1.000000 0.779536 0.865319 0.779536
3 0.634527 0.496214 0.854336 0.496214 0.854336 0.489300 0.634527 0.489300
2 0.732477 0.496214 0.763994 0.496214 0.763994 0.489300 0.732477 0.489300
2 0.802661 0.496214 0.833531 0.496214 0.833531 0.489300 0.802661 0.489300
3 0.780914 0.421227 0.780914 0.489300 0.773977 0.489300 0.773977 0.421227
3 0.634527 0.606953 0.854336 0.606953 0.865319 0.600039 0.634527 0.600039
2 0.727847 0.606953 0.779903 0.606953 0.779903 0.600039 0.727847 0.600039
3 0.854336 0.421227 0.854336 0.549803 0.865319 0.549803 0.865319 0.409127
2 0.854336 0.431851 0.854336 0.470120 0.865319 0.470120 0.865319 0.431851
3 0.854336 0.606953 0.854336 0.793364 0.865319 0.779536 0.865319 0.600039
1 0.854336 0.727653 0.854336 0.761070 0.865319 0.761070 0.865319 0.727653
