0 0.177033 0.072056 0.098792 0.071900 0.046287 0.160152 0.046287 0.408398 0.101097 0.495307 0.177176 0.495307 0.177097 0.446458 0.183948 0.446458 0.183948 0.352465 0.177097 0.352465 0.177033 0.072056 0.177033 0.072056
0 0.543090 0.239412 0.543083 0.239412 0.543083 0.339615 0.590526 0.339615 0.590526 0.495319 0.198640 0.495319 0.198640 0.059877 0.543090 0.059877
0 0.703880 0.883962 0.590547 0.883962 0.590547 0.495319 0.590526 0.495319 0.590526 0.339615 0.703880 0.339615
0 0.976538 0.883962 0.710343 0.883962 0.710343 0.459153 0.976538 0.459153
0 0.976538 0.449731 0.710343 0.449731 0.710343 0.339615 0.750253 0.339615 0.750253 0.058618 0.976538 0.058618
0 0.719290 0.187351 0.743791 0.187351 0.743791 0.328826 0.549546 0.328826 0.549546 0.253485 0.603968 0.253485 0.652165 0.174500 0.652165 0.058618 0.719290 0.058618
0 0.644266 0.168962 0.601275 0.239412 0.551635 0.239412 0.551635 0.070186 0.644266 0.070186
3 0.177097 0.008871 0.177097 0.352465 0.198640 0.352465 0.198640 0.059877
1 0.177097 0.148644 0.177097 0.349588 0.198640 0.349588 0.198640 0.148644
1 0.177097 0.095947 0.177097 0.157406 0.198640 0.157406 0.198640 0.095947
3 0.183948 0.352465 0.183948 0.446458 0.198640 0.446458 0.198640 0.352465
2 0.183948 0.358986 0.183948 0.439326 0.198640 0.439326 0.198640 0.358986
3 0.177097 0.446458 0.177097 0.513252 0.198640 0.495319 0.198640 0.446458
3 0.177097 0.513252 0.578082 0.513252 0.590547 0.495319 0.198640 0.495319
3 0.590547 0.495319 0.590547 0.883962 0.578082 0.906654 0.578082 0.513252
3 0.578082 0.906654 0.999998 0.906654 0.976538 0.883962 0.590547 0.883962
2 0.636367 0.906654 0.692283 0.906654 0.692283 0.883962 0.636367 0.883962
3 0.999998 0.906654 0.999998 0.008871 0.976538 0.058618 0.976538 0.883962
1 0.999998 0.429436 0.999998 0.359466 0.976538 0.359466 0.976538 0.429436
1 0.999998 0.367725 0.999998 0.222438 0.976538 0.222438 0.976538 0.367725
1 0.999998 0.777610 0.999998 0.623033 0.976538 0.623033 0.976538 0.777610
1 0.999998 0.632119 0.999998 0.558768 0.976538 0.558768 0.976538 0.632119
3 0.999998 0.008871 0.652165 0.008871 0.652165 0.058618 0.976538 0.058618
3 0.652165 0.008871 0.543090 0.008871 0.543090 0.070186 0.652165 0.070186
1 0.642500 0.008871 0.606187 0.008871 0.606187 0.070186 0.642500 0.070186
3 0.543090 0.008871 0.177097 0.008871 0.198640 0.059877 0.543090 0.059877
1 0.462868 0.008871 0.425356 0.008871 0.425356 0.059877 0.462868 0.059877
3 0.603968 0.253485 0.543090 0.253485 0.551635 0.239412 0.601275 0.239412
3 0.543090 0.253485 0.543090 0.008871 0.551635 0.008871 0.551635 0.239412
3 0.549546 0.239412 0.549546 0.328826 0.543083 0.339615 0.543083 0.239412
3 0.543083 0.339615 0.750253 0.339615 0.743791 0.328826 0.549546 0.328826
2 0.609138 0.339615 0.657831 0.339615 0.657831 0.328826 0.609138 0.328826
3 0.750253 0.339615 0.750253 0.008871 0.743791 0.008871 0.743791 0.328826
3 0.703880 0.328826 0.703880 0.906654 0.710343 0.906654 0.710343 0.328826
2 0.703880 0.542058 0.703880 0.634768 0.710343 0.634768 0.710343 0.542058
2 0.703880 0.344601 0.703880 0.443785 0.710343 0.443785 0.710343 0.344601
3 0.999998 0.449731 0.703880 0.449731 0.703880 0.459153 0.999998 0.459153
3 0.719290 0.008871 0.719290 0.187351 0.743870 0.187351 0.743870 0.008871
3 0.198640 0.513252 0.098792 0.513252 0.098792 0.495271 0.198640 0.495271
3 0.198640 0.071900 0.098792 0.071900 0.098792 0.053919 0.198640 0.053919
3 0.652165 0.008871 0.652165 0.174500 0.644266 0.168962 0.644266 0.008871
3 0.652165 0.174500 0.603968 0.253485 0.601275 0.239412 0.644266 0.168962
2 0.647160 0.182700 0.616290 0.233287 0.610761 0.223876 0.641624 0.173290
