0 0.522332 0.765592 0.215853 0.765592 0.215853 0.891368 0.521989 0.891368 0.521989 0.766043 0.522332 0.765592
0 0.112197 0.765592 0.113195 0.921644 0.215706 0.922318 0.215706 0.765148 0.111873 0.765148 0.112197 0.765592
0 0.374947 0.392424 0.212972 0.392424 0.212972 0.331478 0.232445 0.331478 0.232445 0.321122 0.213004 0.321122 0.213004 0.068550 0.374947 0.068550
0 0.286002 0.402780 0.374947 0.402780 0.374947 0.743401 0.213004 0.743401 0.213004 0.521912 0.212972 0.521912 0.212972 0.392424 0.286002 0.392424
0 0.212972 0.521912 0.208512 0.521912 0.208512 0.625141 0.135405 0.625141 0.135405 0.400117 0.164317 0.331478 0.212972 0.331478
0 0.455306 0.743401 0.379118 0.743401 0.379118 0.569306 0.455306 0.569306
0 0.522653 0.757455 0.466535 0.757455 0.466535 0.265154 0.522653 0.265154
0 0.159825 0.327276 0.133505 0.389761 0.019030 0.389761 0.019030 0.068550 0.159825 0.068550
0 0.130913 0.743401 0.019030 0.743401 0.019030 0.400117 0.130913 0.400117
0 0.455306 0.383702 0.379118 0.383702 0.379118 0.068550 0.455306 0.068550
0 0.455306 0.555252 0.379118 0.555252 0.379118 0.394058 0.455306 0.394058
0 0.208512 0.743401 0.135405 0.743401 0.135405 0.635497 0.208512 0.635497
0 0.208512 0.191263 0.164317 0.191263 0.164317 0.068550 0.208512 0.068550
0 0.208512 0.321122 0.164317 0.321122 0.164317 0.201619 0.208512 0.201619
3 0.455306 0.743401 0.019030 0.743401 0.009404 0.765592 0.466535 0.765592
1 0.429846 0.743401 0.409195 0.743401 0.409195 0.765592 0.429846 0.765592
1 0.351316 0.743401 0.298599 0.743401 0.298599 0.765592 0.351316 0.765592
1 0.296154 0.743401 0.243168 0.743401 0.243168 0.765592 0.296154 0.765592
2 0.185019 0.743401 0.152410 0.743401 0.152410 0.765592 0.185019 0.765592
1 0.105674 0.743401 0.052957 0.743401 0.052957 0.765592 0.105674 0.765592
3 0.019030 0.743401 0.019030 0.068550 0.009404 0.046359 0.009404 0.765592
3 0.019030 0.068550 0.455306 0.068550 0.466535 0.046359 0.009404 0.046359
1 0.070832 0.068550 0.124002 0.068550 0.124002 0.046359 0.070832 0.046359
1 0.246700 0.068550 0.288274 0.068550 0.288274 0.046359 0.246700 0.046359
1 0.291264 0.068550 0.344523 0.068550 0.344523 0.046359 0.291264 0.046359
1 0.389902 0.068550 0.432290 0.068550 0.432290 0.046359 0.389902 0.046359
3 0.455306 0.743401 0.455306 0.068550 0.466535 0.046359 0.466535 0.765592
2 0.455306 0.367377 0.455306 0.300343 0.466535 0.300343 0.466535 0.367377
1 0.455306 0.495171 0.455306 0.445055 0.466535 0.445055 0.466535 0.495171
3 0.374947 0.068550 0.374947 0.743401 0.379118 0.743401 0.379118 0.068550
2 0.374947 0.121944 0.374947 0.181010 0.379118 0.181010 0.379118 0.121944
3 0.379118 0.569306 0.455306 0.569306 0.455306 0.555252 0.379118 0.555252
2 0.415070 0.569306 0.440504 0.569306 0.440504 0.555252 0.415070 0.555252
3 0.379118 0.394058 0.455306 0.394058 0.455306 0.383702 0.379118 0.383702
2 0.415253 0.394058 0.440318 0.394058 0.440318 0.383702 0.415253 0.383702
3 0.159825 0.068550 0.159825 0.331478 0.164317 0.321122 0.164317 0.068550
2 0.159825 0.118748 0.159825 0.177807 0.164317 0.177807 0.164317 0.118748
3 0.159825 0.327276 0.133505 0.389761 0.135405 0.400117 0.164317 0.331478
2 0.157188 0.333542 0.136605 0.382408 0.139826 0.389620 0.160409 0.340754
3 0.135405 0.389761 0.009404 0.389761 0.009404 0.400117 0.130913 0.400117
3 0.135405 0.389761 0.135405 0.765592 0.130913 0.765592 0.130913 0.400117
2 0.135405 0.459443 0.135405 0.526129 0.130913 0.526129 0.130913 0.459443
3 0.208512 0.521912 0.208512 0.743401 0.213004 0.743401 0.213004 0.521912
3 0.130913 0.635497 0.213004 0.635497 0.213004 0.625141 0.130913 0.625141
2 0.152744 0.635497 0.181923 0.635497 0.181923 0.625141 0.152744 0.625141
3 0.159825 0.331478 0.232445 0.331478 0.232445 0.321122 0.164317 0.321122
2 0.167397 0.331478 0.196323 0.331478 0.196323 0.321122 0.167397 0.321122
3 0.208512 0.046359 0.208512 0.331478 0.213004 0.331478 0.213004 0.046359
3 0.159825 0.201619 0.213004 0.201619 0.213004 0.191263 0.159825 0.191263
3 0.466535 0.765592 0.526183 0.765592 0.522653 0.757455 0.466535 0.757455
2 0.484462 0.765592 0.510278 0.765592 0.510278 0.757455 0.484462 0.757455
3 0.522653 0.757455 0.522653 0.265154 0.526183 0.258497 0.526183 0.765592
1 0.522653 0.756612 0.522653 0.265879 0.526183 0.265879 0.526183 0.756612
3 0.522653 0.265154 0.466535 0.265154 0.466535 0.258497 0.526183 0.258497
1 0.522002 0.265154 0.467665 0.265154 0.467665 0.258497 0.522002 0.258497
3 0.374947 0.402780 0.286002 0.402780 0.286002 0.392424 0.374947 0.392424
0 0.745460 0.429528 0.685806 0.429528 0.685806 0.551975 0.589526 0.551975 0.589526 0.463962 0.585034 0.463962 0.585034 0.737705 0.552111 0.737705 0.552111 0.260627 0.745460 0.260627
0 0.990373 0.551975 0.749952 0.551975 0.749952 0.260627 0.990373 0.260627
0 0.745460 0.551975 0.690298 0.551975 0.690298 0.439884 0.745460 0.439884
3 0.585034 0.737705 0.552111 0.737705 0.542165 0.762116 0.593056 0.762116
3 0.552111 0.737705 0.552111 0.260627 0.542165 0.243613 0.542165 0.762116
1 0.552111 0.463341 0.552111 0.343387 0.542165 0.343387 0.542165 0.463341
3 0.552111 0.260627 0.990373 0.260627 0.999999 0.243613 0.542165 0.243613
3 0.990373 0.260627 0.990373 0.551975 0.999999 0.569728 0.999999 0.243613
1 0.990373 0.346383 0.990373 0.470834 0.999999 0.470834 0.999999 0.346383
3 0.990373 0.551975 0.585034 0.551975 0.593056 0.569728 0.999999 0.569728
3 0.585034 0.551975 0.585034 0.737705 0.593056 0.762116 0.593056 0.569728
3 0.585034 0.551975 0.585034 0.463962 0.589526 0.463962 0.589526 0.551975
3 0.745460 0.569728 0.745460 0.243613 0.749952 0.243613 0.749952 0.569728
2 0.745460 0.419601 0.745460 0.351887 0.749952 0.351887 0.749952 0.419601
3 0.685806 0.569728 0.685806 0.429528 0.690298 0.439884 0.690298 0.569728
3 0.685806 0.429528 0.749952 0.429528 0.749952 0.439884 0.690298 0.439884
2 0.694132 0.429528 0.723000 0.429528 0.723000 0.439884 0.694132 0.439884
