0 0.530309 0.525843 0.337823 0.525843 0.337823 0.514091 0.078341 0.514091 0.078341 0.265969 0.530309 0.265969
0 0.971789 0.599765 0.530309 0.599765 0.530309 0.265969 0.971789 0.265969
0 0.530309 0.599765 0.513492 0.599765 0.513492 0.788389 0.302129 0.788389 0.302129 0.525843 0.530309 0.525843
0 0.350530 0.999875 0.513186 0.999875 0.513492 0.868241 0.350530 0.868241 0.350530 0.999875 0.350530 0.999875
0 0.553172 0.241619 0.553172 0.129761 0.904990 0.129761 0.904990 0.241658 0.553172 0.241619 0.553172 0.241619
0 0.530309 0.336091 0.530309 0.525843 0.471494 0.525843 0.471494 0.514091 0.517687 0.514091 0.517687 0.336091
0 0.971789 0.840036 0.530664 0.840036 0.530664 0.610734 0.971789 0.610734
0 0.283731 0.710103 0.083247 0.710103 0.078341 0.710072 0.078341 0.525843 0.283731 0.525843
0 0.333358 0.988906 0.057980 0.988906 0.057980 0.868241 0.333358 0.868241
0 0.280051 0.837686 0.083247 0.837686 0.083247 0.723477 0.280051 0.723477
0 0.513492 0.840036 0.302129 0.840036 0.302129 0.799358 0.513492 0.799358
3 0.037864 0.868241 0.037864 0.710072 0.083247 0.710072 0.083247 0.837686
1 0.037864 0.771614 0.037864 0.725310 0.083247 0.725310 0.083247 0.771614
3 0.037864 0.710072 0.037864 0.241681 0.078341 0.265969 0.078341 0.710072
1 0.037864 0.651561 0.037864 0.584166 0.078341 0.584166 0.078341 0.651561
3 0.037864 0.241681 1.000000 0.241681 0.971789 0.265969 0.078341 0.265969
1 0.207303 0.241681 0.254477 0.241681 0.254477 0.265969 0.207303 0.265969
1 0.254477 0.241681 0.429705 0.241681 0.429705 0.265969 0.254477 0.265969
1 0.561365 0.241681 0.597463 0.241681 0.597463 0.265969 0.561365 0.265969
1 0.597758 0.241681 0.789091 0.241681 0.789091 0.265969 0.597758 0.265969
2 0.802583 0.241681 0.882102 0.241681 0.882102 0.265969 0.802583 0.265969
3 1.000000 0.241681 1.000000 0.868241 0.971789 0.840036 0.971789 0.265969
3 0.302129 0.868241 0.037864 0.868241 0.083247 0.837686 0.302129 0.837686
3 0.530664 0.868241 0.530664 0.610734 0.513492 0.599765 0.513492 0.868241
3 0.513492 0.599765 1.000000 0.599765 1.000000 0.610734 0.530664 0.610734
2 0.797579 0.599765 0.870670 0.599765 0.870670 0.610734 0.797579 0.610734
3 0.302129 0.868241 0.302129 0.710103 0.280051 0.723477 0.280051 0.837686
3 0.302129 0.710103 0.037864 0.710103 0.037864 0.723477 0.280051 0.723477
2 0.164201 0.710103 0.089871 0.710103 0.089871 0.723477 0.164201 0.723477
3 0.302129 0.710103 0.302129 0.514091 0.283731 0.514091 0.283731 0.710103
2 0.302129 0.626161 0.302129 0.574764 0.283731 0.574764 0.283731 0.626161
3 0.037864 0.514091 0.337823 0.514091 0.337823 0.525843 0.037864 0.525843
3 0.471494 0.514091 0.517687 0.514091 0.530309 0.525843 0.471494 0.525843
3 0.530309 0.525843 0.530309 0.336091 0.517687 0.336091 0.517687 0.514091
3 0.038355 0.867912 0.038355 0.999875 0.057980 0.988906 0.057980 0.867912
3 0.038355 0.999875 0.350530 0.999875 0.333358 0.988906 0.057980 0.988906
3 1.000000 0.868241 0.350530 0.868241 0.333358 0.840036 0.971789 0.840036
1 0.874485 0.868241 0.837504 0.868241 0.837504 0.840036 0.874485 0.840036
1 0.837504 0.868241 0.661785 0.868241 0.661785 0.840036 0.837504 0.840036
2 0.480706 0.868241 0.393607 0.868241 0.393607 0.840036 0.480706 0.840036
3 0.350530 0.868241 0.302129 0.868241 0.302129 0.840036 0.350530 0.840036
3 0.350530 0.999875 0.350530 0.868241 0.333358 0.840036 0.333358 0.988906
2 0.350530 0.962048 0.350530 0.899032 0.333358 0.899032 0.333358 0.962048
3 0.280051 0.799358 0.530664 0.799358 0.530664 0.788389 0.280051 0.788389
2 0.395925 0.799358 0.479860 0.799358 0.479860 0.788389 0.395925 0.788389
3 1.000000 0.241681 1.000000 0.184017 0.960750 0.184017 0.960750 0.241681
