0 0.788967 0.871003 0.500884 0.871003 0.500884 0.672778 0.788967 0.672778
0 0.662430 0.659247 0.500899 0.659247 0.500884 0.672778 0.500884 0.289495 0.662430 0.289495
0 0.961018 0.871003 0.796433 0.871003 0.796433 0.672778 0.961018 0.672778
0 0.961018 0.659247 0.671389 0.659247 0.671389 0.289495 0.961018 0.289495
0 0.500884 0.871003 0.238821 0.871003 0.238821 0.289495 0.500884 0.289495
0 0.122401 0.289495 0.228368 0.289495 0.228368 0.871680 0.122401 0.870827 0.122401 0.289495 0.122401 0.289495
3 0.238821 0.289495 0.961018 0.289495 0.981176 0.235369 0.228368 0.235369
1 0.504572 0.289495 0.618469 0.289495 0.618469 0.235369 0.504572 0.235369
3 0.981176 0.235369 0.981176 0.889947 0.961018 0.871003 0.961018 0.289495
1 0.981176 0.450941 0.981176 0.656811 0.961018 0.656811 0.961018 0.450941
3 0.981176 0.889947 0.228368 0.889947 0.238821 0.871003 0.961018 0.871003
2 0.693206 0.889947 0.632483 0.889947 0.632483 0.871003 0.693206 0.871003
3 0.238821 0.871003 0.238821 0.289495 0.228368 0.235369 0.228368 0.889947
2 0.238821 0.790341 0.238821 0.692480 0.228368 0.692480 0.228368 0.790341
1 0.238821 0.684294 0.238821 0.371416 0.228368 0.371416 0.228368 0.684294
3 0.981176 0.672778 0.500899 0.672778 0.500899 0.659247 0.981176 0.659247
2 0.777327 0.672778 0.724302 0.672778 0.724302 0.659247 0.777327 0.659247
3 0.671389 0.672778 0.671389 0.235369 0.662430 0.235369 0.662430 0.672778
3 0.796433 0.889947 0.796433 0.659247 0.788967 0.659247 0.788967 0.889947
2 0.796433 0.821667 0.796433 0.731844 0.788967 0.731844 0.788967 0.821667
3 0.228368 0.235369 0.216333 0.235369 0.216333 0.289495 0.228368 0.289495
3 0.216333 0.289495 0.116039 0.289495 0.116039 0.269198 0.216333 0.269198
3 0.228368 0.889947 0.122401 0.889947 0.122401 0.871003 0.228368 0.871003
