0 0.632025 0.852982 0.632025 1.000000 0.975283 1.000000 0.975283 0.852982 0.632025 0.852982 0.632025 0.852982
0 0.435364 0.852982 0.435364 1.000000 0.619666 1.000000 0.619666 0.852982 0.435364 0.852982 0.435364 0.852982
0 0.213165 0.102145 0.213165 0.052760 0.348741 0.052760 0.348741 0.102145 0.213165 0.102145 0.213165 0.102145
0 0.975283 0.833894 0.558030 0.833894 0.558030 0.450155 0.975283 0.450155
0 0.975283 0.440612 0.558030 0.440612 0.558030 0.126438 0.975283 0.126438
0 0.545671 0.440612 0.145440 0.440612 0.145440 0.126438 0.545671 0.126438
0 0.545671 0.719265 0.362369 0.719265 0.362369 0.450155 0.545671 0.450155
0 0.350010 0.833894 0.145440 0.833894 0.145440 0.594761 0.350010 0.594761
0 0.350010 0.585218 0.145440 0.585218 0.145440 0.450155 0.350010 0.450155
0 0.545671 0.833894 0.362369 0.833894 0.362369 0.728808 0.545671 0.728808
0 0.423005 0.990456 0.293879 0.990456 0.293879 0.852982 0.423005 0.852982
3 0.145440 0.126438 0.975283 0.126438 1.000000 0.102145 0.115105 0.102145
2 0.243422 0.126438 0.337775 0.126438 0.337775 0.102145 0.243422 0.102145
1 0.350033 0.126438 0.521527 0.126438 0.521527 0.102145 0.350033 0.102145
1 0.666528 0.126438 0.874447 0.126438 0.874447 0.102145 0.666528 0.102145
3 0.975283 0.126438 0.975283 0.833894 1.000000 0.852982 1.000000 0.102145
3 0.145440 0.833894 0.145440 0.126438 0.115105 0.102145 0.115105 0.852982
3 0.281520 0.852982 0.281520 1.000000 0.293879 0.990456 0.293879 0.833894
3 0.293879 0.990456 0.423005 0.990456 0.435364 1.000000 0.281520 1.000000
3 0.435364 1.000000 0.435364 0.852982 0.423005 0.833894 0.423005 0.990456
2 0.435364 0.985320 0.435364 0.913854 0.423005 0.913854 0.423005 0.985320
3 0.293879 0.833894 0.145440 0.833894 0.115105 0.852982 0.281520 0.852982
1 0.277914 0.833894 0.180067 0.833894 0.180067 0.852982 0.277914 0.852982
3 0.975283 0.833894 0.423005 0.833894 0.435364 0.852982 1.000000 0.852982
2 0.533751 0.833894 0.441206 0.833894 0.441206 0.852982 0.533751 0.852982
1 0.889154 0.833894 0.649091 0.833894 0.649091 0.852982 0.889154 0.852982
3 0.435364 0.833894 0.281520 0.833894 0.281520 0.852982 0.435364 0.852982
3 0.545671 0.102145 0.545671 0.852982 0.558030 0.852982 0.558030 0.102145
2 0.545671 0.490673 0.545671 0.561670 0.558030 0.561670 0.558030 0.490673
2 0.545671 0.364088 0.545671 0.436490 0.558030 0.436490 0.558030 0.364088
3 0.115105 0.450155 1.000000 0.450155 1.000000 0.440612 0.115105 0.440612
2 0.444228 0.450155 0.545244 0.450155 0.545244 0.440612 0.444228 0.440612
3 0.350010 0.440612 0.350010 0.852982 0.362369 0.852982 0.362369 0.440612
2 0.350010 0.642472 0.350010 0.712541 0.362369 0.712541 0.362369 0.642472
3 0.350010 0.728808 0.558030 0.728808 0.558030 0.719265 0.350010 0.719265
2 0.443015 0.728808 0.533751 0.728808 0.533751 0.719265 0.443015 0.719265
3 0.115105 0.594761 0.362369 0.594761 0.362369 0.585218 0.115105 0.585218
2 0.263376 0.594761 0.341404 0.594761 0.341404 0.585218 0.263376 0.585218
