0 0.569158 0.078699 0.350103 0.078699 0.350103 0.254185 0.569158 0.254565 0.569158 0.078699 0.569158 0.078699
0 0.443526 0.671155 0.324096 0.671155 0.324096 0.582567 0.443526 0.582567
0 0.308594 0.671155 0.163967 0.671155 0.163967 0.613008 0.210629 0.613008 0.210629 0.582567 0.308594 0.582567
0 0.299666 0.830937 0.299666 0.893905 0.163967 0.893905 0.163967 0.769115 0.252540 0.769115
0 0.443526 0.893905 0.315168 0.893905 0.315168 0.827795 0.261485 0.757375 0.163967 0.757375 0.163967 0.682895 0.443526 0.682895
0 0.953767 0.893905 0.640495 0.893905 0.640495 0.682895 0.953767 0.682895
0 0.443526 0.570827 0.163967 0.570827 0.163967 0.282879 0.443526 0.282879
0 0.953767 0.373940 0.729569 0.373940 0.615582 0.282879 0.615664 0.282879 0.615664 0.128001 0.953767 0.128001
0 0.624993 0.893905 0.459941 0.893905 0.459941 0.671155 0.624993 0.671155
0 0.729569 0.373940 0.729569 0.384299 0.953767 0.384299 0.953767 0.671155 0.459941 0.671155 0.459941 0.282879 0.615582 0.282879
3 0.569158 0.115570 0.970181 0.115570 0.953767 0.128001 0.615664 0.128001
3 1.000000 0.924981 0.144818 0.924981 0.163967 0.893905 0.953767 0.893905
2 0.561981 0.924981 0.462922 0.924981 0.462922 0.893905 0.561981 0.893905
1 0.897102 0.924981 0.773805 0.924981 0.773805 0.893905 0.897102 0.893905
3 0.144818 0.924981 0.144818 0.254565 0.163967 0.282879 0.163967 0.893905
3 0.144818 0.254565 0.569158 0.254565 0.615664 0.282879 0.163967 0.282879
2 0.462020 0.254565 0.547792 0.254565 0.547792 0.282879 0.462020 0.282879
1 0.194443 0.254565 0.301663 0.254565 0.301663 0.282879 0.194443 0.282879
3 0.615664 0.282879 0.615664 0.128001 0.569158 0.115570 0.569158 0.254565
1 0.615664 0.235947 0.615664 0.146446 0.569158 0.146446 0.569158 0.235947
3 0.459941 0.254565 0.459941 0.924981 0.443526 0.924981 0.443526 0.254565
2 0.459941 0.751519 0.459941 0.812968 0.443526 0.812968 0.443526 0.751519
2 0.459941 0.611054 0.459941 0.664526 0.443526 0.664526 0.443526 0.611054
2 0.459941 0.293445 0.459941 0.352974 0.443526 0.352974 0.443526 0.293445
3 0.144818 0.570827 0.459941 0.570827 0.459941 0.582567 0.144818 0.582567
2 0.223696 0.570827 0.298517 0.570827 0.298517 0.582567 0.223696 0.582567
3 0.144818 0.671155 0.459941 0.671155 0.459941 0.682895 0.144818 0.682895
3 0.324096 0.570827 0.324096 0.682895 0.308594 0.682895 0.308594 0.570827
3 0.163967 0.582567 0.210629 0.582567 0.210629 0.613008 0.163967 0.613008
3 0.144818 0.757375 0.261485 0.757375 0.252540 0.769115 0.144818 0.769115
3 0.261485 0.757375 0.315168 0.827795 0.299666 0.830937 0.252540 0.769115
2 0.268479 0.766546 0.310500 0.821669 0.297076 0.827539 0.255047 0.772416
3 0.315168 0.827795 0.315168 0.924981 0.299666 0.924981 0.299666 0.830937
3 0.640495 0.924981 0.640495 0.682895 0.624993 0.671155 0.624993 0.924981
3 0.640495 0.682895 0.970181 0.682895 0.970181 0.671155 0.624993 0.671155
2 0.647344 0.682895 0.727435 0.682895 0.727435 0.671155 0.647344 0.671155
3 0.970181 0.384299 0.729569 0.384299 0.729569 0.373940 0.953767 0.373940
3 0.970181 0.115570 0.970181 0.384299 0.953767 0.384299 0.953767 0.128001
3 1.000000 0.384299 1.000000 0.924981 0.953767 0.893905 0.953767 0.384299
1 1.000000 0.512451 1.000000 0.624762 0.953767 0.624762 0.953767 0.512451
3 0.569158 0.115570 0.569158 0.078699 0.593779 0.071103 0.593779 0.115570
3 0.593779 0.071103 0.350103 0.071103 0.350103 0.078699 0.569158 0.078699
