0 0.986926 0.811824 0.844735 0.811824 0.844735 0.542932 0.928202 0.542932 0.928202 0.540382 0.986926 0.540382
0 0.986926 0.540382 0.928202 0.540382 0.928202 0.454393 0.987258 0.454393
0 0.784655 0.457760 0.786164 0.457760 0.786164 0.497691 0.591689 0.497691 0.591689 0.493250 0.500667 0.493250 0.500667 0.189793 0.784655 0.189793
0 0.836728 0.609932 0.733819 0.609932 0.733819 0.609916 0.698727 0.609916 0.698727 0.617475 0.732397 0.617475 0.732397 0.811824 0.532469 0.811824 0.532469 0.650757 0.532584 0.650757 0.532584 0.504953 0.591689 0.504953 0.591689 0.497691 0.786164 0.497691 0.786164 0.457760 0.836728 0.457760
0 0.986926 0.446096 0.792826 0.446096 0.792826 0.189793 0.986926 0.189793
0 0.304193 0.189793 0.304329 0.189793 0.304329 0.336421 0.096268 0.336421 0.096268 0.129605 0.304144 0.129605
0 0.494130 0.400737 0.389582 0.400737 0.389582 0.443522 0.316292 0.443522 0.316292 0.357416 0.316395 0.357416 0.316395 0.189793 0.494130 0.189793
0 0.522522 0.811824 0.316292 0.811824 0.316292 0.650757 0.522522 0.650757
0 0.389386 0.504953 0.428940 0.504953 0.428940 0.640609 0.316292 0.640609 0.316292 0.584006 0.360427 0.584006 0.360427 0.577482 0.316292 0.577482 0.316292 0.452853 0.389386 0.452853
0 0.836728 0.811824 0.742285 0.811824 0.742285 0.620313 0.836728 0.620313
0 0.520741 0.640609 0.437574 0.640609 0.437574 0.504953 0.520741 0.504953
0 0.494130 0.493250 0.396337 0.493250 0.396337 0.443522 0.396119 0.443522 0.396119 0.410069 0.494130 0.410069
0 0.922754 0.536820 0.844899 0.536820 0.844899 0.457760 0.922754 0.457760
0 0.547935 0.828178 0.831356 0.828178 0.831356 0.991695 0.547929 0.991695 0.547935 0.828178 0.547935 0.828178
0 0.089627 0.353178 0.302134 0.353178 0.302134 0.768760 0.089595 0.768760 0.089595 0.347867 0.089627 0.353178
3 0.304193 0.189793 0.986926 0.189793 1.000000 0.170407 0.318220 0.170407
1 0.359049 0.189793 0.380594 0.189793 0.380594 0.170407 0.359049 0.170407
1 0.380822 0.189793 0.438201 0.189793 0.438201 0.170407 0.380822 0.170407
1 0.545930 0.189793 0.569294 0.189793 0.569294 0.170407 0.545930 0.170407
1 0.569747 0.189793 0.637557 0.189793 0.637557 0.170407 0.569747 0.170407
1 0.643456 0.189793 0.718071 0.189793 0.718071 0.170407 0.643456 0.170407
1 0.718071 0.189793 0.737349 0.189793 0.737349 0.170407 0.718071 0.170407
1 0.858153 0.189793 0.915487 0.189793 0.915487 0.170407 0.858153 0.170407
1 0.914888 0.189793 0.939026 0.189793 0.939026 0.170407 0.914888 0.170407
3 0.986926 0.189793 0.986926 0.811824 1.000000 0.830487 1.000000 0.170407
1 0.986926 0.357377 0.986926 0.402176 1.000000 0.402176 1.000000 0.357377
1 0.986926 0.599605 0.986926 0.640795 1.000000 0.640795 1.000000 0.599605
3 0.986926 0.811824 0.316292 0.811824 0.301583 0.830487 1.000000 0.830487
2 0.794172 0.811824 0.747710 0.811824 0.747710 0.830487 0.794172 0.830487
1 0.599751 0.811824 0.578098 0.811824 0.578098 0.830487 0.599751 0.830487
1 0.657941 0.811824 0.599299 0.811824 0.599299 0.830487 0.657941 0.830487
1 0.393597 0.811824 0.375555 0.811824 0.375555 0.830487 0.393597 0.830487
1 0.452691 0.811824 0.393597 0.811824 0.393597 0.830487 0.452691 0.830487
1 0.934363 0.811824 0.877486 0.811824 0.877486 0.830487 0.934363 0.830487
1 0.954916 0.811824 0.934080 0.811824 0.934080 0.830487 0.954916 0.830487
3 0.316292 0.811824 0.316292 0.336421 0.301583 0.357416 0.301583 0.830487
2 0.316292 0.742547 0.316292 0.685882 0.301583 0.685882 0.301583 0.742547
3 0.316292 0.336421 0.096268 0.336421 0.081560 0.357416 0.301583 0.357416
3 0.096268 0.336421 0.096268 0.129605 0.081560 0.110943 0.081560 0.357416
2 0.096268 0.282158 0.096268 0.218122 0.081560 0.218122 0.081560 0.282158
3 0.096268 0.129605 0.304144 0.129605 0.318171 0.110943 0.081560 0.110943
1 0.171231 0.129605 0.213018 0.129605 0.213018 0.110943 0.171231 0.110943
1 0.213018 0.129605 0.222933 0.129605 0.222933 0.110943 0.213018 0.110943
3 0.304144 0.129605 0.304193 0.189793 0.318220 0.170407 0.318171 0.110943
3 0.316395 0.357416 0.316395 0.169979 0.304329 0.169979 0.304329 0.357416
3 0.784655 0.170407 0.784655 0.457760 0.792826 0.446096 0.792826 0.170407
3 0.784655 0.457760 1.000000 0.457760 1.000000 0.446096 0.792826 0.446096
2 0.794570 0.457760 0.833661 0.457760 0.833661 0.446096 0.794570 0.446096
3 0.836728 0.446096 0.836728 0.830487 0.844899 0.830487 0.844899 0.446096
2 0.836728 0.462441 0.836728 0.518328 0.844899 0.518328 0.844899 0.462441
2 0.836728 0.551035 0.836728 0.607303 0.844899 0.607303 0.844899 0.551035
3 0.836728 0.545374 0.928747 0.545374 0.922754 0.536820 0.836728 0.536820
3 0.928747 0.545374 0.928747 0.446096 0.922754 0.446096 0.922754 0.536820
3 0.844899 0.609932 0.733819 0.609932 0.741991 0.620313 0.844899 0.620313
2 0.803362 0.609932 0.764739 0.609932 0.764739 0.620313 0.803362 0.620313
3 0.732397 0.609932 0.732397 0.830487 0.742285 0.830487 0.742285 0.609932
3 0.301583 0.452853 0.389386 0.452853 0.396337 0.443522 0.301583 0.443522
3 0.389386 0.452853 0.389386 0.504953 0.396337 0.493250 0.396337 0.443522
3 0.389386 0.504953 0.591689 0.504953 0.591689 0.493250 0.396337 0.493250
3 0.494130 0.170407 0.494130 0.504953 0.500667 0.504953 0.500667 0.170407
2 0.494130 0.253869 0.494130 0.346638 0.500667 0.346638 0.500667 0.253869
3 0.396119 0.452853 0.396119 0.410069 0.389582 0.400737 0.389582 0.452853
3 0.396119 0.410069 0.500667 0.410069 0.500667 0.400737 0.389582 0.400737
2 0.457142 0.410069 0.490431 0.410069 0.490431 0.400737 0.457142 0.400737
3 0.301583 0.650757 0.522522 0.650757 0.532469 0.640609 0.301583 0.640609
2 0.383481 0.650757 0.425742 0.650757 0.425742 0.640609 0.383481 0.640609
3 0.522522 0.650757 0.522522 0.830487 0.532469 0.830487 0.532469 0.640609
2 0.522522 0.706488 0.522522 0.763799 0.532469 0.763799 0.532469 0.706488
3 0.520741 0.493250 0.520741 0.650757 0.532584 0.650757 0.532584 0.493250
3 0.428940 0.493250 0.428940 0.650757 0.437574 0.650757 0.437574 0.493250
2 0.428940 0.579076 0.428940 0.634683 0.437574 0.634683 0.437574 0.579076
3 0.301583 0.584006 0.360427 0.584006 0.360427 0.577482 0.301583 0.577482
3 0.741991 0.617475 0.698727 0.617475 0.698727 0.609916 0.733819 0.609916
