0 0.187392 0.180821 0.187392 0.050003 0.454351 0.050003 0.454351 0.184236 0.188129 0.184236 0.187392 0.180821
0 0.446267 0.779563 0.323427 0.779563 0.323427 0.713228 0.366094 0.675956 0.446267 0.675956
0 0.446267 0.582055 0.183292 0.582055 0.183292 0.509041 0.225866 0.455497 0.446267 0.455497
0 0.175352 0.779563 0.056035 0.779563 0.055313 0.506924 0.175352 0.506924
0 0.424013 0.608731 0.446267 0.608731 0.446267 0.663429 0.360587 0.663429 0.309713 0.707874 0.309713 0.779563 0.183292 0.779563 0.183292 0.612423 0.230976 0.612423 0.230976 0.589307 0.424013 0.589307
0 0.446267 0.448244 0.235524 0.448244 0.235524 0.197304 0.446267 0.197304
0 0.227584 0.448244 0.221816 0.448244 0.181127 0.499672 0.055313 0.499672 0.054656 0.197304 0.227584 0.197304
3 0.027898 0.177524 0.480193 0.177524 0.446267 0.197304 0.054656 0.197304
2 0.243428 0.177524 0.304003 0.177524 0.304003 0.197304 0.243428 0.197304
1 0.113254 0.177524 0.160945 0.177524 0.160945 0.197304 0.113254 0.197304
1 0.160945 0.177524 0.225382 0.177524 0.225382 0.197304 0.160945 0.197304
1 0.322691 0.177524 0.387778 0.177524 0.387778 0.197304 0.322691 0.197304
1 0.387778 0.177524 0.434826 0.177524 0.434826 0.197304 0.387778 0.197304
3 0.480193 0.177524 0.480193 0.803958 0.446267 0.779563 0.446267 0.197304
3 0.480193 0.803958 0.029385 0.803958 0.056035 0.779563 0.446267 0.779563
3 0.029385 0.803958 0.027898 0.177524 0.054656 0.197304 0.056035 0.779563
1 0.028794 0.555972 0.028707 0.518838 0.055414 0.518786 0.055508 0.555919
3 0.480193 0.455497 0.225866 0.455497 0.221816 0.448244 0.480193 0.448244
2 0.297839 0.455497 0.238368 0.455497 0.238368 0.448244 0.297839 0.448244
3 0.225866 0.455497 0.183292 0.509041 0.175352 0.506687 0.221816 0.448244
2 0.223917 0.457949 0.192106 0.497951 0.185682 0.493692 0.217492 0.453684
3 0.183292 0.509041 0.183292 0.803958 0.175352 0.803958 0.175352 0.506687
2 0.183292 0.514230 0.183292 0.565189 0.175352 0.565189 0.175352 0.514230
3 0.028786 0.499672 0.183292 0.499672 0.183292 0.506924 0.028786 0.506924
3 0.227584 0.455497 0.227584 0.177524 0.235524 0.177524 0.235524 0.455497
3 0.175352 0.582055 0.480193 0.582055 0.480193 0.589307 0.175352 0.589307
2 0.240208 0.582055 0.300286 0.582055 0.300286 0.589307 0.240208 0.589307
3 0.309713 0.803958 0.309713 0.707874 0.323427 0.713228 0.323427 0.803958
3 0.309713 0.707874 0.360587 0.663429 0.366094 0.675956 0.323427 0.713228
2 0.315891 0.702481 0.351838 0.671077 0.361316 0.680130 0.325369 0.711534
3 0.360587 0.663429 0.480193 0.663429 0.480193 0.675956 0.366094 0.675956
3 0.175352 0.588002 0.230976 0.588002 0.230976 0.612423 0.175352 0.612423
3 0.424013 0.586367 0.480193 0.586367 0.480193 0.608731 0.424013 0.608731
0 0.736938 0.183010 0.736938 0.059511 0.953247 0.059511 0.953247 0.179139 0.735299 0.179139 0.736938 0.183010
0 0.944946 0.446998 0.552794 0.446998 0.552794 0.197825 0.944946 0.197825
0 0.944946 0.447321 0.803844 0.447321 0.803844 0.454574 0.944946 0.454574 0.944946 0.580136 0.803844 0.580136 0.803844 0.586729 0.732131 0.586729 0.732131 0.579457 0.679336 0.579457 0.679336 0.586729 0.552794 0.586729 0.552794 0.446998 0.944946 0.446998
0 0.803844 0.587389 0.917805 0.587389 0.917805 0.608105 0.944946 0.608105 0.944946 0.690916 0.732131 0.690916 0.732131 0.586729 0.803844 0.586729
0 0.679336 0.603911 0.724190 0.603911 0.724190 0.779101 0.552794 0.779101 0.552794 0.586729 0.679336 0.586729
0 0.730932 0.928248 0.822943 0.928248 0.822943 0.798103 0.727886 0.798103 0.727886 0.928321 0.730932 0.928248
0 0.812130 0.779200 0.737183 0.779200 0.737183 0.698169 0.812130 0.698169
0 0.944946 0.779200 0.820070 0.779200 0.820070 0.698169 0.944946 0.698169
0 0.719730 0.916776 0.550137 0.916776 0.550137 0.790969 0.719730 0.790969
3 0.529385 0.177386 0.962991 0.177386 0.944946 0.197825 0.529385 0.197825
2 0.741904 0.177386 0.804609 0.177386 0.804609 0.197825 0.741904 0.197825
1 0.614242 0.177386 0.660980 0.177386 0.660980 0.197825 0.614242 0.197825
1 0.661803 0.177386 0.722480 0.177386 0.722480 0.197825 0.661803 0.197825
1 0.823715 0.177386 0.886435 0.177386 0.886435 0.197825 0.823715 0.197825
1 0.886435 0.177386 0.934602 0.177386 0.934602 0.197825 0.886435 0.197825
3 0.962991 0.177386 0.962991 0.802277 0.944946 0.779200 0.944946 0.197825
3 0.962991 0.802277 0.732722 0.802277 0.719730 0.779200 0.944946 0.779200
2 0.810427 0.802277 0.742308 0.802277 0.742308 0.779200 0.810427 0.779200
1 0.923507 0.802277 0.886630 0.802277 0.886630 0.779200 0.923507 0.779200
3 0.732722 0.802277 0.732722 0.928644 0.719730 0.916776 0.719730 0.779200
2 0.732722 0.860456 0.732722 0.915009 0.719730 0.915009 0.719730 0.860456
3 0.732722 0.928644 0.537145 0.928644 0.550137 0.916776 0.719730 0.916776
3 0.537145 0.928644 0.537145 0.803694 0.550137 0.779214 0.550137 0.916776
3 0.537145 0.803694 0.520124 0.803694 0.552794 0.779214 0.550137 0.779214
3 0.520124 0.803694 0.520124 0.177386 0.552794 0.177386 0.552794 0.779214
1 0.520124 0.501702 0.520124 0.446286 0.552794 0.446286 0.552794 0.501702
1 0.520124 0.546260 0.520124 0.502250 0.552794 0.502250 0.552794 0.546260
3 0.537145 0.779101 0.732722 0.779101 0.732722 0.790969 0.537145 0.790969
3 0.724190 0.802277 0.724190 0.690916 0.737183 0.698169 0.737183 0.802277
3 0.732131 0.690916 0.962991 0.690916 0.962991 0.698169 0.724190 0.698169
2 0.744784 0.690916 0.811040 0.690916 0.811040 0.698169 0.744784 0.698169
2 0.827765 0.690916 0.888456 0.690916 0.888456 0.698169 0.827765 0.698169
3 0.724190 0.698169 0.724190 0.603911 0.732131 0.579457 0.732131 0.690916
3 0.724190 0.603911 0.679336 0.603911 0.679336 0.579457 0.732131 0.579457
3 0.820070 0.690916 0.820070 0.802277 0.812130 0.802277 0.812130 0.690916
3 0.803844 0.447321 0.962991 0.447321 0.962991 0.454574 0.803844 0.454574
3 0.803844 0.580136 0.962991 0.580136 0.962991 0.587389 0.803844 0.587389
3 0.962991 0.608105 0.917805 0.608105 0.917805 0.585721 0.962991 0.585721
