0 0.724665 0.935411 0.488284 0.935411 0.488284 0.824306 0.724665 0.824306
0 0.345993 0.804556 0.078866 0.804556 0.078866 0.572855 0.345993 0.572855
0 0.977140 0.804556 0.665302 0.804556 0.665302 0.586913 0.977140 0.586913
0 0.977140 0.580330 0.789659 0.580330 0.789659 0.484164 0.977140 0.484164
0 0.475815 0.824306 0.475815 1.000000 0.324515 1.000000 0.324515 0.941545 0.336433 0.941545 0.336631 0.824306 0.475815 0.824306
0 0.355344 0.716146 0.355344 0.804556 0.527499 0.804556 0.527499 0.716146 0.355344 0.716146
0 0.655950 0.716146 0.655950 0.804556 0.537890 0.804556 0.538077 0.716146 0.655950 0.716146
0 0.778229 0.422040 0.778229 0.580330 0.479587 0.580330 0.479587 0.278108 0.716830 0.278108 0.716830 0.422040
0 0.977140 0.425823 0.918048 0.425823 0.918048 0.431808 0.968828 0.431808 0.968828 0.477580 0.789659 0.477580 0.789659 0.414858 0.729299 0.414858 0.729299 0.278108 0.977140 0.278108
0 0.479587 0.414858 0.468157 0.414858 0.468157 0.567468 0.078866 0.567468 0.078866 0.278108 0.479587 0.278108
0 0.468157 0.586913 0.655950 0.586913 0.655950 0.710760 0.355344 0.710760 0.355344 0.567468 0.468157 0.567468
0 0.968069 0.259555 0.968069 0.151688 0.317065 0.151688 0.317065 0.259208 0.968069 0.259555
3 0.078866 0.804556 0.078866 0.278108 0.045616 0.259555 0.045616 0.824306
3 0.078866 0.278108 0.977140 0.278108 1.000000 0.259555 0.045616 0.259555
2 0.824489 0.278108 0.906514 0.278108 0.906514 0.259555 0.824489 0.259555
2 0.357215 0.278108 0.438679 0.278108 0.438679 0.259555 0.357215 0.259555
1 0.147955 0.278108 0.347302 0.278108 0.347302 0.259555 0.147955 0.259555
1 0.536238 0.278108 0.684442 0.278108 0.684442 0.259555 0.536238 0.259555
1 0.777637 0.278108 0.819075 0.278108 0.819075 0.259555 0.777637 0.259555
3 0.977140 0.278108 0.977140 0.804556 1.000000 0.824306 1.000000 0.259555
3 0.977140 0.804556 0.078866 0.804556 0.045616 0.824306 1.000000 0.824306
2 0.461476 0.804556 0.369185 0.804556 0.369185 0.824306 0.461476 0.824306
1 0.919212 0.804556 0.767225 0.804556 0.767225 0.824306 0.919212 0.824306
1 0.293062 0.804556 0.145793 0.804556 0.145793 0.824306 0.293062 0.824306
3 0.729299 0.278108 0.729299 0.414858 0.716830 0.422040 0.716830 0.278108
2 0.729299 0.367290 0.729299 0.412237 0.716830 0.412237 0.716830 0.367290
3 0.716830 0.422040 0.778229 0.422040 0.789659 0.414858 0.729299 0.414858
3 0.789659 0.414858 0.789659 0.586913 0.778229 0.580330 0.778229 0.422040
3 0.778229 0.586913 0.977140 0.586913 0.977140 0.580330 0.789659 0.580330
3 0.979218 0.484164 0.789659 0.484164 0.789659 0.477580 0.968828 0.477580
2 0.868629 0.484164 0.795904 0.484164 0.795904 0.477580 0.868629 0.477580
3 0.789659 0.586913 0.468157 0.586913 0.479587 0.580330 0.778229 0.580330
3 0.468157 0.586913 0.468157 0.414858 0.479587 0.414858 0.479587 0.580330
2 0.468157 0.537526 0.468157 0.492704 0.479587 0.492704 0.479587 0.537526
3 0.665302 0.586913 0.665302 0.804556 0.655950 0.804556 0.655950 0.586913
2 0.665302 0.628323 0.665302 0.674868 0.655950 0.674868 0.655950 0.628323
3 0.345993 0.804556 0.345993 0.572855 0.355344 0.567468 0.355344 0.804556
2 0.345993 0.662509 0.345993 0.615677 0.355344 0.615677 0.355344 0.662509
3 0.345993 0.572855 0.078866 0.572855 0.078866 0.567468 0.355344 0.567468
3 0.355344 0.716146 0.655950 0.716146 0.655950 0.710760 0.355344 0.710760
2 0.369050 0.716146 0.457839 0.716146 0.457839 0.710760 0.369050 0.710760
2 0.570580 0.716146 0.652386 0.716146 0.652386 0.710760 0.570580 0.710760
3 0.527499 0.804556 0.527499 0.716146 0.537890 0.716146 0.537890 0.804556
3 0.724665 0.824306 0.724665 0.935411 0.737134 0.942592 0.737134 0.824306
3 0.724665 0.935411 0.488284 0.935411 0.475815 0.942592 0.737134 0.942592
3 0.488284 0.935411 0.488284 0.824306 0.475815 0.824306 0.475815 0.942592
2 0.488284 0.932442 0.488284 0.886166 0.475815 0.886166 0.475815 0.932442
3 0.979218 0.484164 0.979218 0.425823 0.968828 0.431808 0.968828 0.477580
3 0.968828 0.431808 0.918048 0.431808 0.918048 0.425823 0.979218 0.425823
