0 0.470419 0.869125 0.185689 0.869125 0.185689 0.615855 0.470419 0.615855
0 0.560481 0.869125 0.477585 0.869125 0.477585 0.745702 0.560481 0.745702
0 0.771218 0.973449 0.602786 0.973449 0.602786 0.869125 0.567646 0.869125 0.567646 0.745702 0.602786 0.745702 0.602786 0.615413 0.771218 0.615413
0 0.755574 0.604793 0.560941 0.604793 0.560941 0.609218 0.595621 0.609218 0.595621 0.735082 0.477585 0.735082 0.477585 0.509141 0.755574 0.509141
0 0.982087 0.604793 0.755574 0.604793 0.755574 0.174363 0.982087 0.174363
0 0.755574 0.360346 0.748409 0.360346 0.748409 0.498522 0.548873 0.498522 0.548873 0.174363 0.755574 0.174363
0 0.375802 0.359311 0.399734 0.359505 0.399734 0.498522 0.541708 0.498522 0.541481 0.174230 0.373939 0.174363 0.375802 0.359311
0 0.392568 0.605235 0.275535 0.605235 0.275535 0.491583 0.275267 0.491176 0.319632 0.430872 0.319632 0.359311 0.392568 0.359311
0 0.470419 0.605235 0.399734 0.605235 0.399734 0.509141 0.470419 0.509141
0 0.310675 0.425084 0.266579 0.485795 0.266579 0.510965 0.185689 0.510965 0.185689 0.510920 0.266579 0.510920 0.266579 0.498530 0.185689 0.498530 0.185689 0.359311 0.310675 0.359311
0 0.266579 0.605235 0.185689 0.605235 0.185689 0.510965 0.266579 0.510965
0 0.285441 0.346921 0.185689 0.346921 0.185689 0.174363 0.285441 0.174363
0 0.366773 0.320627 0.294398 0.320627 0.294398 0.174363 0.366773 0.174363
0 0.982087 0.973449 0.778384 0.973449 0.778384 0.615413 0.982087 0.615413
0 0.584873 0.895675 0.584873 0.999999 0.465666 0.999999 0.465666 0.895507 0.584873 0.895675
3 0.185689 0.869125 0.602786 0.869125 0.584873 0.895675 0.167775 0.895675
1 0.271803 0.869125 0.378405 0.869125 0.378405 0.895675 0.271803 0.895675
2 0.479155 0.869125 0.503935 0.869125 0.503935 0.895675 0.479155 0.895675
2 0.504872 0.869125 0.557699 0.869125 0.557699 0.895675 0.504872 0.895675
3 0.602786 0.869125 0.602786 0.973449 0.584873 0.999999 0.584873 0.895675
3 0.602786 0.973449 0.982087 0.973449 1.000000 0.999999 0.584873 0.999999
1 0.616991 0.973449 0.707131 0.973449 0.707131 0.999999 0.616991 0.999999
1 0.824707 0.973449 0.932306 0.973449 0.932306 0.999999 0.824707 0.999999
3 0.982087 0.973449 0.982087 0.174363 1.000000 0.147813 1.000000 0.999999
3 0.982087 0.174363 0.185689 0.174363 0.167775 0.147813 1.000000 0.147813
1 0.284074 0.174363 0.230334 0.174363 0.230334 0.147813 0.284074 0.147813
2 0.358014 0.174363 0.305331 0.174363 0.305331 0.147813 0.358014 0.147813
1 0.529002 0.174363 0.438623 0.174363 0.438623 0.147813 0.529002 0.147813
1 0.724572 0.174363 0.617373 0.174363 0.617373 0.147813 0.724572 0.147813
1 0.974623 0.174363 0.765994 0.174363 0.765994 0.147813 0.974623 0.147813
3 0.185689 0.174363 0.185689 0.869125 0.167775 0.895675 0.167775 0.147813
3 0.185689 0.615855 0.477585 0.615855 0.470419 0.605235 0.185689 0.605235
2 0.224250 0.615855 0.264172 0.615855 0.264172 0.605235 0.224250 0.605235
3 0.477585 0.605235 0.477585 0.869125 0.470419 0.869125 0.470419 0.615855
2 0.477585 0.628263 0.477585 0.691071 0.470419 0.691071 0.470419 0.628263
3 0.567646 0.869125 0.567646 0.745702 0.560481 0.735082 0.560481 0.869125
3 0.567646 0.735082 0.477585 0.735082 0.477585 0.745702 0.560481 0.745702
2 0.502836 0.735082 0.479830 0.735082 0.479830 0.745702 0.502836 0.745702
2 0.556839 0.735082 0.504048 0.735082 0.504048 0.745702 0.556839 0.745702
3 0.560481 0.735082 0.595621 0.735082 0.602786 0.745702 0.567646 0.745702
3 0.602786 0.745702 0.602786 0.604793 0.595621 0.609218 0.595621 0.735082
3 0.595621 0.604793 0.982087 0.604793 0.982087 0.615413 0.595621 0.615413
2 0.605336 0.604793 0.647247 0.604793 0.647247 0.615413 0.605336 0.615413
2 0.780348 0.604793 0.819393 0.604793 0.819393 0.615413 0.780348 0.615413
3 0.778384 0.615413 0.778384 0.973449 0.771218 0.973449 0.771218 0.615413
3 0.477585 0.615855 0.477585 0.509141 0.470419 0.498522 0.470419 0.605235
2 0.477585 0.601810 0.477585 0.549259 0.470419 0.549259 0.470419 0.601810
3 0.477585 0.498522 0.399734 0.498522 0.392568 0.509141 0.477585 0.509141
3 0.399734 0.509141 0.399734 0.605235 0.392568 0.605235 0.392568 0.498522
3 0.392568 0.509141 0.392568 0.359311 0.399734 0.359311 0.399734 0.498522
2 0.392568 0.491406 0.392568 0.431182 0.399734 0.431182 0.399734 0.491406
3 0.375730 0.359311 0.285441 0.359311 0.294398 0.320627 0.366773 0.320627
3 0.285441 0.359311 0.185689 0.359311 0.185689 0.346921 0.285441 0.346921
3 0.319632 0.359311 0.319632 0.430872 0.310675 0.425084 0.310675 0.359311
3 0.319632 0.430872 0.275535 0.491583 0.266579 0.485795 0.310675 0.425084
2 0.313941 0.438704 0.281835 0.482910 0.275738 0.473184 0.307845 0.428978
3 0.275535 0.491583 0.275535 0.605235 0.266579 0.605235 0.266579 0.485795
3 0.266579 0.510920 0.185689 0.510920 0.185689 0.498530 0.266579 0.498530
3 0.285441 0.359311 0.285441 0.174363 0.294398 0.174363 0.294398 0.320627
2 0.285441 0.260350 0.285441 0.180806 0.294398 0.180806 0.294398 0.260350
3 0.375730 0.359311 0.375730 0.266359 0.366773 0.266359 0.366773 0.320627
3 0.366773 0.266359 0.366773 0.174363 0.373939 0.174363 0.373939 0.266359
2 0.366773 0.253553 0.366773 0.181142 0.373939 0.181142 0.373939 0.253553
3 0.470419 0.498522 0.748409 0.498522 0.755574 0.509141 0.477585 0.509141
2 0.591656 0.498522 0.638541 0.498522 0.638541 0.509141 0.591656 0.509141
2 0.491736 0.498522 0.538914 0.498522 0.538914 0.509141 0.491736 0.509141
3 0.755574 0.509141 0.755574 0.360346 0.748409 0.360346 0.748409 0.498522
3 0.548873 0.498522 0.548873 0.174363 0.541708 0.174363 0.541708 0.498522
3 0.602786 0.604793 0.560941 0.604793 0.560941 0.609218 0.595621 0.609218
