0 0.229493 0.732447 0.121221 0.732447 0.121221 0.656953 0.229493 0.656953
0 0.387822 0.732447 0.239469 0.732447 0.239469 0.656953 0.387822 0.656953
0 0.641316 0.882655 0.454657 0.882655 0.454657 0.788123 0.641316 0.788123
0 0.971072 0.426667 0.811974 0.426667 0.811974 0.315089 0.971072 0.315089
0 0.971072 0.500722 0.907099 0.500722 0.907099 0.507713 0.978054 0.507713 0.978054 0.556322 0.811974 0.556322 0.811974 0.431910 0.971072 0.431910
0 0.978054 0.687101 0.762497 0.687101 0.762497 0.628117 0.811974 0.628117 0.811974 0.562276 0.978054 0.562276
0 0.984209 0.299360 0.753499 0.299360 0.753499 0.121196 0.984209 0.121196
0 0.978054 0.882655 0.653286 0.882655 0.653286 0.693509 0.978054 0.693509
0 0.387822 0.738489 0.444682 0.782717 0.444682 0.954549 0.121221 0.954549 0.121221 0.738273 0.387822 0.738273
0 0.118777 0.367357 0.530550 0.367357 0.530550 0.299360 0.537153 0.299360 0.537153 0.190270 0.118777 0.190270 0.118777 0.367357 0.118777 0.367357
0 0.735543 0.241664 0.735543 0.182569 0.644857 0.182569 0.644857 0.241664 0.735543 0.241664 0.735543 0.241664
0 0.471615 0.970278 0.471615 1.000000 0.674125 1.000000 0.674125 0.898967 0.471615 0.898967 0.471615 0.970278 0.471615 0.970278
0 0.752521 0.687101 0.641316 0.687101 0.641316 0.781109 0.454657 0.781109 0.454657 0.780777 0.397797 0.736543 0.397797 0.656953 0.417369 0.656953 0.417369 0.628117 0.752521 0.628117
0 0.546101 0.385999 0.546101 0.628117 0.417369 0.628117 0.417369 0.651128 0.121221 0.651128 0.121221 0.385999
0 0.801999 0.622874 0.725269 0.622874 0.725269 0.628117 0.546101 0.628117 0.546101 0.445816 0.801999 0.445816
0 0.801999 0.445816 0.546101 0.445816 0.546101 0.385999 0.558481 0.385999 0.558481 0.315089 0.801999 0.315089
3 0.121221 0.385999 0.558481 0.385999 0.530550 0.367357 0.099385 0.367357
2 0.412411 0.385999 0.492334 0.385999 0.492334 0.367357 0.412411 0.367357
1 0.188046 0.385999 0.251170 0.385999 0.251170 0.367357 0.188046 0.367357
1 0.251170 0.385999 0.400680 0.385999 0.400680 0.367357 0.251170 0.367357
3 0.558481 0.385999 0.558481 0.315089 0.530550 0.299360 0.530550 0.367357
1 0.558481 0.349816 0.558481 0.314676 0.530550 0.314676 0.530550 0.349816
3 1.000000 0.299360 1.000000 0.507713 0.971072 0.507713 0.971072 0.315089
3 1.000000 0.507713 1.000000 0.898967 0.978054 0.882655 0.978054 0.507713
3 1.000000 0.898967 0.471615 0.898967 0.444682 0.882655 0.978054 0.882655
2 0.576616 0.898967 0.482379 0.898967 0.482379 0.882655 0.576616 0.882655
1 0.831935 0.898967 0.726605 0.898967 0.726605 0.882655 0.831935 0.882655
1 0.883558 0.898967 0.831935 0.898967 0.831935 0.882655 0.883558 0.882655
3 0.444682 0.882655 0.444682 0.954549 0.471615 0.970278 0.471615 0.898967
1 0.444682 0.923195 0.444682 0.954316 0.471615 0.954316 0.471615 0.923195
3 0.444682 0.954549 0.121221 0.954549 0.099385 0.970278 0.471615 0.970278
1 0.444333 0.954549 0.314433 0.954549 0.314433 0.970278 0.444333 0.970278
3 0.099385 0.970278 0.099385 0.367357 0.121221 0.385999 0.121221 0.954549
3 0.653286 0.898967 0.653286 0.693509 0.641316 0.687101 0.641316 0.898967
3 0.641316 0.687101 1.000000 0.687101 1.000000 0.693509 0.653286 0.693509
2 0.656997 0.687101 0.742755 0.687101 0.742755 0.693509 0.656997 0.693509
3 0.417369 0.651128 0.099385 0.651128 0.099385 0.656953 0.417369 0.656953
3 0.397797 0.651128 0.397797 0.736543 0.387822 0.738489 0.387822 0.651128
2 0.397797 0.659220 0.397797 0.708359 0.387822 0.708359 0.387822 0.659220
3 0.444682 0.882655 0.444682 0.782717 0.454657 0.780777 0.454657 0.882655
3 0.387822 0.738489 0.444682 0.782717 0.454657 0.780777 0.397797 0.736543
2 0.393747 0.743097 0.442288 0.780858 0.450268 0.777357 0.401728 0.739595
3 0.397797 0.732447 0.099385 0.732447 0.099385 0.738273 0.397797 0.738273
2 0.225443 0.732447 0.162578 0.732447 0.162578 0.738273 0.225443 0.738273
3 0.444682 0.788123 0.653286 0.788123 0.653286 0.781109 0.444682 0.781109
2 0.478069 0.788123 0.572306 0.788123 0.572306 0.781109 0.478069 0.781109
3 0.229493 0.651128 0.229493 0.738273 0.239469 0.738273 0.239469 0.651128
3 0.725269 0.628117 0.811974 0.628117 0.801999 0.622874 0.725269 0.622874
3 0.811974 0.628117 0.811974 0.299360 0.801999 0.315089 0.801999 0.622874
3 0.622792 0.628117 0.546101 0.628117 0.557074 0.622874 0.622792 0.622874
3 0.546101 0.628117 0.546101 0.463508 0.557074 0.468751 0.557074 0.622874
3 0.557074 0.468751 0.623949 0.468751 0.623949 0.463508 0.546101 0.463508
3 0.801999 0.431910 1.000000 0.431910 1.000000 0.426667 0.801999 0.426667
2 0.815097 0.431910 0.881822 0.431910 0.881822 0.426667 0.815097 0.426667
3 0.801999 0.562276 1.000000 0.562276 1.000000 0.556322 0.801999 0.556322
2 0.816513 0.562276 0.898261 0.562276 0.898261 0.556322 0.816513 0.556322
3 1.000000 0.507713 0.907099 0.507713 0.907099 0.500722 1.000000 0.500722
3 1.000000 0.299360 0.801999 0.299360 0.811974 0.315089 0.971072 0.315089
3 0.558481 0.315089 0.753499 0.315089 0.735543 0.299360 0.530550 0.299360
1 0.558680 0.315089 0.700430 0.315089 0.700430 0.299360 0.558680 0.299360
3 0.753499 0.315089 0.801999 0.315089 0.811974 0.299360 0.753499 0.299360
3 0.753499 0.315089 0.753499 0.121196 0.735543 0.110710 0.735543 0.299360
2 0.753499 0.236735 0.753499 0.186617 0.735543 0.186617 0.735543 0.236735
3 0.753499 0.121196 0.984209 0.121196 0.996908 0.110710 0.735543 0.110710
3 0.984209 0.121196 0.984209 0.315089 0.996908 0.315089 0.996908 0.110710
3 0.752521 0.622874 0.752521 0.693509 0.762497 0.693509 0.762497 0.622874
2 0.752521 0.631041 0.752521 0.680244 0.762497 0.680244 0.762497 0.631041
