0 0.375557 1.000000 0.083445 1.000000 0.083445 0.686041 0.327659 0.686041 0.327659 0.512182 0.375557 0.512182
0 0.375557 0.512182 0.326053 0.512182 0.326053 0.122607 0.375557 0.122607
0 0.735282 1.000000 0.375557 1.000000 0.375557 0.918676 0.735282 0.918560
0 1.000000 0.751704 0.854570 0.751704 0.854648 0.556089 0.928584 0.556089 0.928584 0.285205 0.926763 0.285205 0.926763 0.122728 1.000000 0.122728
0 0.926763 0.285205 0.745355 0.285205 0.745351 0.122728 0.926763 0.122728
0 0.708140 0.775406 0.623736 0.775406 0.623736 0.685065 0.463369 0.685065 0.463369 0.578208 0.631519 0.578208 0.631519 0.535685 0.708140 0.535685
0 0.840414 0.899375 0.712614 0.899375 0.712614 0.700346 0.708140 0.700346 0.708140 0.535685 0.840414 0.535685
0 0.913538 0.535685 0.840414 0.535685 0.631519 0.535685 0.631519 0.407134 0.668779 0.407134 0.734781 0.317394 0.734781 0.305058 0.913538 0.305058
0 0.448888 0.242550 0.389790 0.242550 0.389790 0.140364 0.448888 0.140364
0 0.519030 0.242550 0.448888 0.242550 0.448888 0.140364 0.519030 0.140364
0 0.519030 0.281974 0.523910 0.281974 0.523910 0.270029 0.600551 0.270029 0.600551 0.324332 0.575159 0.324332 0.550470 0.358412 0.550470 0.401068 0.439522 0.401068 0.439522 0.367787 0.434235 0.367787 0.434235 0.401068 0.389790 0.401068 0.389790 0.248616 0.519030 0.248616
0 0.600551 0.263963 0.523910 0.263963 0.523910 0.145884 0.600551 0.145884
0 0.625013 0.461166 0.593540 0.461166 0.564390 0.501351 0.564390 0.569385 0.389790 0.569385 0.389790 0.407134 0.625013 0.407134
0 0.316272 0.670600 0.094832 0.670600 0.094832 0.527623 0.316272 0.527623
0 0.730715 0.315111 0.667091 0.401619 0.658043 0.401619 0.658043 0.395553 0.605431 0.395553 0.605431 0.140364 0.730715 0.140364
0 0.507436 0.899375 0.389790 0.899375 0.389790 0.691131 0.507436 0.691131
0 0.619262 0.899375 0.511909 0.899375 0.511909 0.691131 0.619262 0.691131
0 0.708140 0.899375 0.623736 0.899375 0.623736 0.781472 0.708140 0.781472
0 0.458896 0.685065 0.389790 0.685065 0.389790 0.578208 0.458896 0.578208
0 0.625013 0.569385 0.568864 0.569385 0.568864 0.503833 0.595415 0.467232 0.625013 0.467232
0 0.600551 0.401068 0.554943 0.401068 0.554943 0.360894 0.555106 0.360656 0.577034 0.330398 0.600551 0.330398
3 0.389790 0.899375 0.840414 0.899375 0.854648 0.918676 0.375557 0.918676
1 0.761540 0.899375 0.809938 0.899375 0.809938 0.918676 0.761540 0.918676
2 0.666814 0.899375 0.703537 0.899375 0.703537 0.918676 0.666814 0.918676
1 0.524162 0.899375 0.584606 0.899375 0.584606 0.918676 0.524162 0.918676
1 0.426439 0.899375 0.487135 0.899375 0.487135 0.918676 0.426439 0.918676
3 0.840414 0.899375 0.840414 0.535685 0.854648 0.556089 0.854648 0.918676
1 0.840414 0.636382 0.840414 0.569126 0.854648 0.569126 0.854648 0.636382
2 0.840414 0.700324 0.840414 0.654674 0.854648 0.654674 0.854648 0.700324
3 0.840414 0.535685 0.913538 0.535685 0.928584 0.556089 0.854648 0.556089
1 0.870955 0.535685 0.907832 0.535685 0.907832 0.556089 0.870955 0.556089
3 0.913538 0.535685 0.913538 0.305058 0.928584 0.285205 0.928584 0.556089
1 0.913538 0.488519 0.913538 0.386294 0.928584 0.386294 0.928584 0.488519
3 0.913538 0.305058 0.730715 0.305058 0.745355 0.285205 0.928584 0.285205
1 0.886299 0.305058 0.759531 0.305058 0.759531 0.285205 0.886299 0.285205
3 0.745355 0.285205 0.745355 0.121063 0.730715 0.140364 0.730715 0.305058
1 0.745355 0.204670 0.745355 0.154972 0.730715 0.154972 0.730715 0.204670
2 0.745355 0.271342 0.745355 0.224831 0.730715 0.224831 0.730715 0.271342
3 0.730715 0.140364 0.605431 0.140364 0.605431 0.121063 0.745355 0.121063
1 0.720015 0.140364 0.631853 0.140364 0.631853 0.121063 0.720015 0.121063
3 0.605431 0.121063 0.519030 0.121063 0.519030 0.145884 0.605431 0.145884
1 0.572442 0.121063 0.548083 0.121063 0.548083 0.145884 0.572442 0.145884
3 0.519030 0.121063 0.375557 0.121063 0.389790 0.140364 0.519030 0.140364
1 0.499364 0.121063 0.475004 0.121063 0.475004 0.140364 0.499364 0.140364
3 0.389790 0.140364 0.389790 0.899375 0.375557 0.918676 0.375557 0.121063
1 0.389790 0.602131 0.389790 0.635930 0.375557 0.635930 0.375557 0.602131
1 0.389790 0.429545 0.389790 0.512231 0.375557 0.512231 0.375557 0.429545
2 0.389790 0.307589 0.389790 0.352329 0.375557 0.352329 0.375557 0.307589
1 0.389790 0.265684 0.389790 0.299472 0.375557 0.299472 0.375557 0.265684
2 0.389790 0.175084 0.389790 0.220193 0.375557 0.220193 0.375557 0.175084
3 0.094832 0.527623 0.316272 0.527623 0.327659 0.512182 0.083445 0.512182
1 0.242929 0.527623 0.280318 0.527623 0.280318 0.512182 0.242929 0.512182
1 0.130932 0.527623 0.168268 0.527623 0.168268 0.512182 0.130932 0.512182
3 0.316272 0.527623 0.316272 0.670600 0.327659 0.686041 0.327659 0.512182
3 0.316272 0.670600 0.094832 0.670600 0.083445 0.686041 0.327659 0.686041
2 0.277858 0.670600 0.245239 0.670600 0.245239 0.686041 0.277858 0.686041
3 0.094832 0.670600 0.094832 0.527623 0.083445 0.512182 0.083445 0.686041
3 0.389790 0.685065 0.623736 0.685065 0.619262 0.691131 0.389790 0.691131
2 0.466187 0.685065 0.499709 0.685065 0.499709 0.691131 0.466187 0.691131
2 0.519185 0.685065 0.552796 0.685065 0.552796 0.691131 0.519185 0.691131
3 0.623736 0.685065 0.623736 0.899375 0.619262 0.899375 0.619262 0.691131
3 0.623736 0.775406 0.708140 0.775406 0.712614 0.781472 0.623736 0.781472
2 0.666253 0.775406 0.703602 0.775406 0.703602 0.781472 0.666253 0.781472
3 0.712614 0.781472 0.712614 0.899375 0.708140 0.899375 0.708140 0.781472
3 0.712614 0.781472 0.712614 0.700346 0.708140 0.700346 0.708140 0.775406
3 0.389790 0.569385 0.625013 0.569385 0.631519 0.578208 0.389790 0.578208
3 0.625013 0.569385 0.625013 0.407134 0.631519 0.407134 0.631519 0.578208
2 0.625013 0.458205 0.625013 0.411154 0.631519 0.411154 0.631519 0.458205
3 0.600551 0.407134 0.658043 0.407134 0.658043 0.395553 0.600551 0.395553
3 0.605431 0.140364 0.605431 0.407134 0.600551 0.401068 0.600551 0.121063
2 0.605431 0.274981 0.605431 0.319837 0.600551 0.319837 0.600551 0.274981
3 0.605431 0.407134 0.389790 0.407134 0.389790 0.401068 0.600551 0.401068
2 0.546594 0.407134 0.516773 0.407134 0.516773 0.401068 0.546594 0.401068
3 0.554943 0.401068 0.554943 0.360894 0.550470 0.358412 0.550470 0.401068
3 0.550470 0.358412 0.575159 0.324332 0.577034 0.330398 0.554943 0.360894
2 0.553756 0.353873 0.571808 0.328953 0.575000 0.333205 0.556948 0.358125
3 0.575159 0.324332 0.600551 0.324332 0.600551 0.330398 0.577034 0.330398
3 0.439522 0.401068 0.439522 0.367787 0.434235 0.367787 0.434235 0.401068
3 0.389790 0.248616 0.523910 0.248616 0.523910 0.242550 0.389790 0.242550
3 0.523910 0.263963 0.600551 0.263963 0.600551 0.270029 0.523910 0.270029
2 0.527375 0.263963 0.561084 0.263963 0.561084 0.270029 0.527375 0.270029
3 0.519030 0.121063 0.519030 0.248616 0.523910 0.248616 0.523910 0.145884
2 0.519030 0.190646 0.519030 0.235474 0.523910 0.235474 0.523910 0.190646
3 0.523910 0.248616 0.523910 0.281974 0.519030 0.281974 0.519030 0.248616
3 0.444414 0.140364 0.444414 0.242550 0.448888 0.242550 0.448888 0.140364
3 0.658043 0.407134 0.668779 0.407134 0.667091 0.401619 0.658043 0.401619
3 0.734781 0.317394 0.668779 0.407134 0.667091 0.401619 0.730715 0.315111
2 0.721833 0.335002 0.680901 0.390651 0.678022 0.386757 0.718954 0.331104
3 0.568864 0.569385 0.568864 0.503833 0.564390 0.501351 0.564390 0.569385
3 0.568864 0.503833 0.595415 0.467232 0.593540 0.461166 0.564390 0.501351
2 0.571446 0.500276 0.592365 0.471440 0.589177 0.467182 0.568258 0.496018
3 0.595415 0.467232 0.625013 0.467232 0.625013 0.461166 0.593540 0.461166
3 0.458896 0.578208 0.458896 0.685065 0.463369 0.685065 0.463369 0.578208
2 0.458896 0.615349 0.458896 0.665874 0.463369 0.665874 0.463369 0.615349
3 0.511909 0.691131 0.511909 0.899375 0.507436 0.899375 0.507436 0.691131
