0 0.243898 0.231072 0.183489 0.231072 0.183489 0.216074 0.173520 0.216074 0.173520 0.090432 0.226299 0.090395 0.243671 0.090395
0 0.156749 0.231072 0.055201 0.231072 0.055201 0.132021 0.156749 0.132021
0 0.163654 0.246374 0.164597 0.414076 0.055201 0.414076 0.055201 0.246259 0.173520 0.246259
0 0.493795 0.355572 0.437943 0.355572 0.437943 0.311763 0.371471 0.311763 0.371471 0.090395 0.493795 0.090193
0 0.371328 0.435807 0.371328 0.572803 0.366395 0.572803 0.366395 0.435807
0 0.433010 0.362804 0.462231 0.362804 0.462231 0.380420 0.493795 0.380420 0.493755 0.566237 0.364728 0.564790 0.364728 0.368712 0.369498 0.368712 0.369498 0.318994 0.433010 0.318994
0 0.493755 0.566237 0.493795 0.773821 0.364728 0.773821 0.364728 0.564790
0 0.364728 0.439683 0.364728 0.773821 0.174462 0.773821 0.174462 0.436790
0 0.046816 0.429262 0.046816 0.584460 0.158095 0.584460 0.158184 0.429262 0.046816 0.429262 0.046816 0.429262
0 0.046816 0.139556 0.031184 0.139556 0.031184 0.207425 0.046816 0.207425 0.046816 0.139556 0.046816 0.139556
0 0.174462 0.797685 0.174462 0.945630 0.506126 0.945319 0.506126 0.797685 0.174462 0.797685 0.174462 0.797685
0 0.364565 0.368712 0.364728 0.368712 0.364728 0.439683 0.174462 0.436790 0.174462 0.436494 0.260793 0.436494 0.260793 0.385713 0.255860 0.385713 0.255860 0.429262 0.174462 0.429262 0.174462 0.414076 0.173520 0.246259 0.173520 0.238304 0.252659 0.238304 0.322702 0.240307 0.322702 0.156825 0.318263 0.156825 0.318263 0.090395 0.364565 0.090395
0 0.318263 0.156825 0.318154 0.233582 0.252866 0.231795 0.252777 0.232135 0.252777 0.090395 0.318263 0.090395
3 0.156256 0.065858 0.156256 0.119727 0.173520 0.132021 0.173520 0.090432
3 0.156256 0.119727 0.046816 0.119727 0.055201 0.132021 0.173520 0.132021
1 0.083238 0.119727 0.057431 0.119727 0.057431 0.132021 0.083238 0.132021
3 0.046816 0.119727 0.046816 0.429262 0.055201 0.414076 0.055201 0.132021
2 0.046816 0.141140 0.046816 0.201596 0.055201 0.201596 0.055201 0.141140
3 0.046816 0.429262 0.158184 0.429262 0.174462 0.414076 0.055201 0.414076
2 0.105893 0.429262 0.150731 0.429262 0.150731 0.414076 0.105893 0.414076
1 0.059522 0.429262 0.086276 0.429262 0.086276 0.414076 0.059522 0.414076
3 0.158184 0.429262 0.158184 0.797685 0.174462 0.773821 0.174462 0.414076
1 0.158184 0.438056 0.158184 0.574871 0.174462 0.574871 0.174462 0.438056
3 0.158184 0.797685 0.506126 0.797685 0.493795 0.773821 0.174462 0.773821
2 0.318766 0.797685 0.362834 0.797685 0.362834 0.773821 0.318766 0.773821
1 0.208334 0.797685 0.306321 0.797685 0.306321 0.773821 0.208334 0.773821
1 0.403271 0.797685 0.466004 0.797685 0.466004 0.773821 0.403271 0.773821
3 0.506126 0.797685 0.506126 0.065598 0.493795 0.090193 0.493795 0.773821
3 0.506126 0.065598 0.156256 0.065858 0.173520 0.090432 0.493795 0.090193
1 0.363273 0.065707 0.320709 0.065736 0.320719 0.090323 0.363278 0.090294
1 0.447532 0.065642 0.380226 0.065692 0.380236 0.090280 0.447542 0.090229
3 0.173520 0.132021 0.173520 0.246259 0.156749 0.231072 0.156749 0.132021
3 0.156749 0.231072 0.046816 0.231072 0.046816 0.246259 0.173520 0.246259
3 0.174462 0.414076 0.173520 0.246259 0.163654 0.246374 0.164597 0.414199
2 0.174200 0.367605 0.173816 0.298616 0.163950 0.298731 0.164335 0.367721
3 0.364565 0.065707 0.364565 0.318994 0.371471 0.318994 0.371471 0.065707
2 0.364565 0.248934 0.364565 0.307460 0.371471 0.307460 0.371471 0.248934
3 0.371471 0.311763 0.437943 0.311763 0.433010 0.318994 0.364565 0.318994
3 0.437943 0.311763 0.437943 0.355572 0.433010 0.362804 0.433010 0.318994
3 0.433010 0.362804 0.506126 0.362804 0.506126 0.355572 0.437943 0.355572
3 0.364565 0.318994 0.364565 0.368712 0.369498 0.368712 0.369498 0.318994
3 0.366395 0.435807 0.366395 0.572803 0.371328 0.572803 0.371328 0.435807
3 0.174462 0.429262 0.255860 0.429262 0.260793 0.436494 0.174462 0.436494
3 0.260793 0.436494 0.260793 0.385713 0.255860 0.385713 0.255860 0.429262
3 0.173520 0.231072 0.243898 0.231072 0.252777 0.238304 0.173520 0.238304
2 0.200304 0.231072 0.241723 0.231072 0.241723 0.238304 0.200304 0.238304
3 0.252777 0.238304 0.252777 0.065786 0.243898 0.065786 0.243898 0.231072
3 0.252777 0.238304 0.322702 0.240307 0.318263 0.233668 0.252866 0.231795
2 0.282240 0.239150 0.316142 0.240119 0.316230 0.233611 0.282328 0.232642
3 0.322702 0.240307 0.322702 0.156825 0.318263 0.156825 0.318263 0.233668
3 0.183489 0.216074 0.183489 0.231072 0.172134 0.231072 0.172134 0.216074
3 0.493795 0.380420 0.462231 0.380420 0.462231 0.360634 0.493795 0.360634
3 0.506126 0.797685 0.506126 0.945319 0.497741 0.945319 0.497741 0.797685
0 0.913950 0.374779 0.928309 0.374779 0.928309 0.424822 0.864003 0.424822 0.864003 0.336994 0.913950 0.336994
0 0.758020 0.093288 0.758020 0.207410 0.668543 0.207410 0.668543 0.093028
0 0.764433 0.507443 0.668543 0.507443 0.668543 0.224043 0.764433 0.224043
0 0.986189 0.093454 0.986189 0.377361 0.934228 0.377361 0.934228 0.328316 0.864003 0.328316 0.864003 0.093288
0 0.858084 0.755698 0.832030 0.755698 0.832030 0.775209 0.668543 0.775209 0.668543 0.515398 0.858084 0.515398
0 0.986189 0.775209 0.864003 0.775209 0.864003 0.432777 0.934228 0.432777 0.934228 0.385316 0.986189 0.385316
0 0.858084 0.507443 0.769365 0.507443 0.769365 0.093288 0.858084 0.093288
0 0.535811 0.121108 0.535811 0.431786 0.649306 0.431786 0.649306 0.121108 0.535811 0.121108 0.535811 0.121108
3 0.649306 0.067695 0.649306 0.796904 0.668543 0.775209 0.668543 0.093028
2 0.649306 0.357980 0.649306 0.416759 0.668543 0.416759 0.668543 0.357980
1 0.649306 0.526643 0.649306 0.562512 0.668543 0.562512 0.668543 0.526643
3 0.649306 0.796904 1.000000 0.796904 0.986189 0.775209 0.668543 0.775209
1 0.731739 0.796904 0.797846 0.796904 0.797846 0.775209 0.731739 0.775209
1 0.898181 0.796904 0.968959 0.796904 0.968959 0.775209 0.898181 0.775209
3 1.000000 0.796904 1.000000 0.068165 0.986189 0.093454 0.986189 0.775209
3 1.000000 0.068165 0.649306 0.067695 0.668543 0.093028 0.986189 0.093454
1 0.732391 0.067804 0.706603 0.067768 0.706588 0.093078 0.732376 0.093114
1 0.941425 0.068086 0.874914 0.067999 0.874899 0.093310 0.941410 0.093397
3 0.858084 0.067970 0.858084 0.796904 0.864003 0.796904 0.864003 0.067970
2 0.858084 0.440204 0.858084 0.498990 0.864003 0.498990 0.864003 0.440204
2 0.858084 0.368712 0.858084 0.419550 0.864003 0.419550 0.864003 0.368712
2 0.858084 0.266384 0.858084 0.324151 0.864003 0.324151 0.864003 0.266384
3 0.858084 0.336994 0.928309 0.336994 0.934228 0.328316 0.858084 0.328316
3 0.934228 0.328316 0.934228 0.432777 0.928309 0.424822 0.928309 0.336994
3 0.934228 0.432777 0.858084 0.432777 0.858084 0.424822 0.928309 0.424822
3 0.928309 0.385316 1.000000 0.385316 1.000000 0.377361 0.928309 0.377361
3 0.649306 0.515398 0.864003 0.515398 0.864003 0.507443 0.649306 0.507443
2 0.782600 0.515398 0.824315 0.515398 0.824315 0.507443 0.782600 0.507443
3 0.769365 0.067854 0.769365 0.224043 0.758020 0.224043 0.758020 0.067854
3 0.769365 0.224043 0.649306 0.224043 0.649306 0.207410 0.758020 0.207410
2 0.704832 0.224043 0.673559 0.224043 0.673559 0.207410 0.704832 0.207410
3 0.769365 0.224043 0.769365 0.515398 0.764433 0.515398 0.764433 0.224043
2 0.769365 0.391752 0.769365 0.454501 0.764433 0.454501 0.764433 0.391752
3 0.832030 0.776149 0.864003 0.776149 0.864003 0.755698 0.832030 0.755698
3 0.913950 0.336994 0.913950 0.374779 0.931091 0.374779 0.931091 0.336994
3 0.649306 0.121108 0.535811 0.121108 0.535811 0.135571 0.649306 0.135571
