0 0.498029 0.313758 0.498029 0.428237 0.302584 0.428237 0.302584 0.313758 0.498029 0.313758 0.498029 0.313758
0 0.302584 0.428237 0.498029 0.428237 0.498029 0.638146 0.429155 0.638146 0.429155 0.638465 0.211852 0.638465 0.211852 0.671485 0.078523 0.671485 0.078330 0.410112 0.302584 0.410112
0 0.429155 0.680347 0.435938 0.680347 0.435938 0.647627 0.496859 0.647627 0.496859 0.763722 0.357475 0.763722 0.322121 0.732484 0.211852 0.732484 0.211852 0.638465 0.429155 0.638465
0 0.602865 0.671350 0.501856 0.671350 0.501856 0.638146 0.498029 0.638146 0.498029 0.313758 0.602865 0.313758
0 0.827486 0.391170 0.827486 0.671295 0.891377 0.674189 0.892423 0.391170 0.827486 0.391170 0.827486 0.391170
0 0.827486 0.903540 0.827486 0.671295 0.986078 0.674189 0.986078 0.903919 0.827486 0.903540
0 0.617501 0.391170 0.617501 0.293299 1.000000 0.293299 1.000000 0.391170 0.617501 0.391170 0.617501 0.391170
0 0.075878 0.383036 0.075878 0.101339 0.291521 0.101339 0.291518 0.389653 0.075878 0.389653 0.075878 0.383036
0 0.205784 0.947583 0.078523 0.947583 0.078523 0.679968 0.205784 0.679968
0 0.808924 0.880585 0.629488 0.880585 0.629488 0.680831 0.808924 0.680831
0 0.355583 0.770473 0.355583 0.947583 0.211852 0.947583 0.211852 0.739470 0.320668 0.739470
0 0.622706 0.880585 0.501856 0.880585 0.501856 0.680831 0.622706 0.680831
0 0.808924 0.671350 0.690173 0.671350 0.690173 0.531801 0.808924 0.531801
0 0.988577 0.556093 0.902257 0.556093 0.902839 0.407138 0.988577 0.407138
0 0.719395 0.525130 0.690173 0.525130 0.690173 0.488946 0.684462 0.488946 0.684462 0.525130 0.606910 0.525130 0.606910 0.417119 0.719395 0.417119
0 0.684462 0.671350 0.606910 0.671350 0.606910 0.531801 0.684462 0.531801
0 0.808924 0.525130 0.725106 0.525130 0.725106 0.417119 0.808924 0.417119
0 0.988577 0.660716 0.901900 0.660716 0.902257 0.561582 0.988577 0.561582
0 0.437851 0.880585 0.361652 0.880585 0.361652 0.770708 0.437851 0.770708
0 0.496859 0.880585 0.442849 0.880585 0.442849 0.770708 0.496859 0.770708
0 0.986078 0.986550 0.369862 0.988476 0.369862 0.903540 0.986078 0.903919 0.986078 0.986550
3 0.065829 0.389653 0.291518 0.389653 0.302584 0.410112 0.078330 0.410112
1 0.081632 0.389653 0.242759 0.389653 0.242759 0.410112 0.081632 0.410112
3 0.291518 0.389653 0.291518 0.293299 0.302584 0.313758 0.302584 0.410112
2 0.291518 0.380691 0.291518 0.332002 0.302584 0.332002 0.302584 0.380691
3 0.291518 0.293299 0.617501 0.293299 0.602865 0.313758 0.302584 0.313758
1 0.303073 0.293299 0.460965 0.293299 0.460965 0.313758 0.303073 0.313758
1 0.536640 0.293299 0.556273 0.293299 0.556273 0.313758 0.536640 0.313758
3 0.617501 0.293299 0.617501 0.391170 0.602865 0.417119 0.602865 0.313758
3 0.617501 0.391170 0.827486 0.391170 0.827486 0.417119 0.602865 0.417119
1 0.650514 0.391170 0.694953 0.391170 0.694953 0.417119 0.650514 0.417119
1 0.769296 0.391170 0.790893 0.391170 0.790893 0.417119 0.769296 0.417119
3 0.827486 0.391170 0.827486 0.903540 0.808924 0.880585 0.808924 0.391170
2 0.827486 0.577571 0.827486 0.622302 0.808924 0.622302 0.808924 0.577571
3 0.827486 0.903540 0.369862 0.903540 0.355583 0.880585 0.808924 0.880585
2 0.418732 0.903540 0.384630 0.903540 0.384630 0.880585 0.418732 0.880585
1 0.784371 0.903540 0.718538 0.903540 0.718538 0.880585 0.784371 0.880585
1 0.705277 0.903540 0.661230 0.903540 0.661230 0.880585 0.705277 0.880585
1 0.601080 0.903540 0.533823 0.903540 0.533823 0.880585 0.601080 0.880585
1 0.472253 0.903540 0.450467 0.903540 0.450467 0.880585 0.472253 0.880585
1 0.383309 0.903540 0.371736 0.903540 0.371736 0.880585 0.383309 0.880585
1 0.434831 0.903540 0.420502 0.903540 0.420502 0.880585 0.434831 0.880585
3 0.369862 0.903540 0.369862 0.965048 0.355583 0.947583 0.355583 0.880585
3 0.369862 0.965048 0.066036 0.965048 0.078523 0.947583 0.355583 0.947583
1 0.330888 0.965048 0.263595 0.965048 0.263595 0.947583 0.330888 0.947583
1 0.182688 0.965048 0.114634 0.965048 0.114634 0.947583 0.182688 0.947583
3 0.066036 0.965048 0.065829 0.389653 0.078330 0.410112 0.078523 0.947583
1 0.065883 0.539541 0.065836 0.412657 0.078330 0.412652 0.078377 0.539531
1 0.065986 0.829297 0.065965 0.770753 0.078459 0.770743 0.078480 0.829292
1 0.065922 0.650850 0.065911 0.622941 0.078405 0.622931 0.078416 0.650845
3 0.065929 0.671485 0.211852 0.671485 0.205784 0.679968 0.065929 0.679968
3 0.211852 0.671485 0.211852 0.965048 0.205784 0.965048 0.205784 0.679968
2 0.211852 0.684449 0.211852 0.729011 0.205784 0.729011 0.205784 0.684449
3 0.355583 0.763722 0.496859 0.763722 0.501856 0.770708 0.355583 0.770708
2 0.447618 0.763722 0.480127 0.763722 0.480127 0.770708 0.447618 0.770708
2 0.397263 0.763722 0.433914 0.763722 0.433914 0.770708 0.397263 0.770708
3 0.501856 0.763722 0.501856 0.903540 0.496859 0.903540 0.496859 0.770708
3 0.442849 0.763722 0.442849 0.903540 0.437851 0.903540 0.437851 0.763722
3 0.205784 0.732484 0.322121 0.732484 0.320668 0.739470 0.205784 0.739470
3 0.322121 0.732484 0.361759 0.767669 0.359078 0.773567 0.320668 0.739470
2 0.326615 0.736476 0.354512 0.761237 0.351835 0.767135 0.323938 0.742374
3 0.355583 0.903540 0.355583 0.770458 0.361652 0.770458 0.361652 0.903540
3 0.496859 0.763722 0.496859 0.647627 0.501856 0.638146 0.501856 0.770708
2 0.496859 0.760443 0.496859 0.714115 0.501856 0.714115 0.501856 0.760443
3 0.501856 0.638146 0.429155 0.638146 0.435938 0.647627 0.496859 0.647627
3 0.429155 0.638146 0.429155 0.680347 0.435938 0.680347 0.435938 0.647627
3 0.496859 0.671350 0.827486 0.671350 0.827486 0.680831 0.496859 0.680831
2 0.649300 0.671350 0.682598 0.671350 0.682598 0.680831 0.649300 0.680831
3 0.629488 0.671350 0.629488 0.903540 0.622706 0.903540 0.622706 0.671350
2 0.629488 0.715238 0.629488 0.789905 0.622706 0.789905 0.622706 0.715238
3 0.602865 0.391170 0.602865 0.680831 0.606910 0.680831 0.606910 0.391170
2 0.602865 0.589971 0.602865 0.633819 0.606910 0.633819 0.606910 0.589971
3 0.606910 0.525130 0.827486 0.525130 0.827486 0.531801 0.606910 0.531801
2 0.646776 0.525130 0.678340 0.525130 0.678340 0.531801 0.646776 0.531801
3 0.690173 0.525130 0.690173 0.680831 0.684462 0.680831 0.684462 0.525130
2 0.690173 0.570485 0.690173 0.611673 0.684462 0.611673 0.684462 0.570485
3 0.725106 0.391170 0.725106 0.531801 0.719395 0.531801 0.719395 0.391170
2 0.725106 0.429145 0.725106 0.463701 0.719395 0.463701 0.719395 0.429145
3 0.892423 0.391170 1.000000 0.391170 0.988577 0.407138 0.902839 0.407138
3 1.000000 0.391170 1.000000 0.674189 0.988577 0.660716 0.988577 0.407138
1 1.000000 0.447738 1.000000 0.508777 0.988577 0.508777 0.988577 0.447738
3 1.000000 0.674189 0.891377 0.674189 0.901900 0.660716 0.988577 0.660716
3 0.891816 0.556093 1.000000 0.556093 1.000000 0.561582 0.891816 0.561582
3 0.892423 0.391170 0.891377 0.674189 0.901900 0.660716 0.902839 0.407138
2 0.892202 0.450727 0.892037 0.495448 0.902511 0.495528 0.902675 0.450802
2 0.891730 0.578718 0.891559 0.624847 0.902033 0.624922 0.902204 0.578798
3 0.429230 0.549696 0.429230 0.579272 0.375995 0.579272 0.375995 0.549696
