0 0.303142 0.331828 0.328947 0.331828 0.328947 0.405144 0.214114 0.405144 0.214114 0.335431 0.257731 0.335431 0.257731 0.239275 0.303142 0.239275
0 0.328947 0.622812 0.238709 0.622812 0.238709 0.569700 0.193049 0.569700 0.193049 0.491336 0.214114 0.491336 0.214114 0.405144 0.328947 0.405144
0 0.472483 0.816464 0.350524 0.816464 0.350524 0.888246 0.236165 0.888246 0.236165 0.635561 0.472483 0.635561
0 0.472483 0.622812 0.331973 0.622812 0.331973 0.331828 0.472483 0.331828
0 0.233122 0.635561 0.233138 0.635561 0.233138 0.817989 0.152824 0.817989 0.152824 0.581977 0.233122 0.581977
0 0.149332 0.633176 0.128218 0.633176 0.128218 0.638370 0.149332 0.638370 0.149332 0.688776 0.128218 0.688776 0.128218 0.693970 0.149332 0.693970 0.149332 0.817989 0.071230 0.817989 0.071230 0.581977 0.149332 0.581977
0 0.150450 0.569700 0.071230 0.569700 0.071230 0.443599 0.150450 0.443599
0 0.150450 0.436044 0.071230 0.436044 0.071230 0.335431 0.150450 0.335431
0 0.211088 0.485198 0.154175 0.485198 0.154175 0.335431 0.211088 0.335431
0 0.254704 0.329292 0.215208 0.329292 0.215208 0.239275 0.254704 0.239275
0 0.190022 0.569700 0.154175 0.569700 0.154175 0.491336 0.190022 0.491336
3 0.236165 0.817989 0.236165 0.888246 0.227318 0.906188 0.227318 0.835932
3 0.236165 0.888246 0.350524 0.888246 0.359371 0.906188 0.227318 0.906188
1 0.260065 0.888246 0.329221 0.888246 0.329221 0.906188 0.260065 0.906188
3 0.350524 0.888246 0.350524 0.816464 0.359371 0.833463 0.359371 0.906188
3 0.350524 0.816464 0.472483 0.816464 0.480863 0.833463 0.359371 0.833463
2 0.401162 0.816464 0.422276 0.816464 0.422276 0.833463 0.401162 0.833463
1 0.424404 0.816464 0.437824 0.816464 0.437824 0.833463 0.424404 0.833463
3 0.472483 0.816464 0.472483 0.331828 0.480863 0.314829 0.480863 0.833463
1 0.472483 0.569663 0.472483 0.513803 0.480863 0.513803 0.480863 0.569663
3 0.472483 0.331828 0.303142 0.331828 0.311522 0.314829 0.480863 0.314829
3 0.303142 0.331828 0.303142 0.239275 0.311522 0.222276 0.311522 0.314829
3 0.303142 0.239275 0.215208 0.239275 0.205897 0.222276 0.311522 0.222276
3 0.215208 0.239275 0.215208 0.335431 0.205897 0.316543 0.205897 0.222276
3 0.215208 0.335431 0.071230 0.335431 0.061918 0.316543 0.205897 0.316543
3 0.071230 0.335431 0.071230 0.817989 0.061918 0.835932 0.061918 0.316543
1 0.071230 0.718514 0.071230 0.777325 0.061918 0.777325 0.061918 0.718514
3 0.071230 0.817989 0.236165 0.817989 0.227318 0.835932 0.061918 0.835932
2 0.193614 0.817989 0.212103 0.817989 0.212103 0.835932 0.193614 0.835932
1 0.182038 0.817989 0.192939 0.817989 0.192939 0.835932 0.182038 0.835932
1 0.088871 0.817989 0.116001 0.817989 0.116001 0.835932 0.088871 0.835932
3 0.472483 0.635561 0.233122 0.635561 0.238709 0.622812 0.472483 0.622812
2 0.268048 0.635561 0.248784 0.635561 0.248784 0.622812 0.268048 0.622812
3 0.238709 0.622812 0.238709 0.569700 0.233122 0.581977 0.233122 0.635561
3 0.238709 0.569700 0.071230 0.569700 0.071230 0.581977 0.233122 0.581977
2 0.120149 0.569700 0.104124 0.569700 0.104124 0.581977 0.120149 0.581977
2 0.215346 0.569700 0.197186 0.569700 0.197186 0.581977 0.215346 0.581977
3 0.071230 0.443599 0.150450 0.443599 0.154175 0.436044 0.071230 0.436044
3 0.150450 0.436044 0.150450 0.335431 0.154175 0.335431 0.154175 0.436044
2 0.150450 0.433636 0.150450 0.350862 0.154175 0.350862 0.154175 0.433636
3 0.154175 0.436044 0.154175 0.569700 0.150450 0.569700 0.150450 0.443599
3 0.211088 0.335431 0.211088 0.485198 0.214114 0.491336 0.214114 0.335431
2 0.211088 0.425651 0.211088 0.464172 0.214114 0.464172 0.214114 0.425651
3 0.211088 0.485198 0.154175 0.485198 0.154175 0.491336 0.214114 0.491336
3 0.193049 0.569700 0.193049 0.491336 0.190022 0.491336 0.190022 0.569700
2 0.193049 0.531826 0.193049 0.494028 0.190022 0.494028 0.190022 0.531826
3 0.215208 0.335431 0.257731 0.335431 0.254704 0.329292 0.215208 0.329292
2 0.225738 0.335431 0.242122 0.335431 0.242122 0.329292 0.225738 0.329292
3 0.257731 0.335431 0.257731 0.239275 0.254704 0.239275 0.254704 0.329292
3 0.331973 0.331828 0.331973 0.622812 0.328947 0.622812 0.328947 0.331828
2 0.331973 0.432346 0.331973 0.471420 0.328947 0.471420 0.328947 0.432346
3 0.236165 0.817989 0.236165 0.635561 0.233138 0.635561 0.233138 0.817989
2 0.236165 0.799012 0.236165 0.761794 0.233138 0.761794 0.233138 0.799012
3 0.152824 0.581977 0.152824 0.817989 0.149332 0.817989 0.149332 0.581977
2 0.152824 0.702332 0.152824 0.740031 0.149332 0.740031 0.149332 0.702332
3 0.149332 0.693970 0.128218 0.693970 0.128218 0.688776 0.149332 0.688776
3 0.149332 0.638370 0.128218 0.638370 0.128218 0.633176 0.149332 0.633176
0 0.869710 0.425490 0.823736 0.425490 0.823736 0.330274 0.869710 0.330274
0 0.991852 0.513737 0.872355 0.513737 0.872355 0.330274 0.869794 0.330274 0.869794 0.425490 0.869710 0.425490 0.869710 0.330274 0.991852 0.330274
0 0.821175 0.430684 0.733044 0.430684 0.733044 0.231984 0.821175 0.231984
0 0.869417 0.618680 0.759515 0.618680 0.747747 0.631594 0.747747 0.569209 0.733044 0.569209 0.733044 0.430684 0.869417 0.430684
0 0.747747 0.806298 0.583341 0.806298 0.583341 0.570305 0.733044 0.570305 0.733044 0.569209 0.747747 0.569209
0 0.869794 0.523653 0.991852 0.523653 0.991852 0.807252 0.869417 0.807252 0.869417 0.430684 0.869794 0.430684
0 0.809824 0.215755 0.809824 0.147383 0.746804 0.147383 0.746804 0.215774 0.809824 0.215755
0 0.575426 0.311014 0.575426 0.822352 0.743091 0.822352 0.743091 0.896669 0.874771 0.896669 0.874771 0.823778 0.990821 0.823778 0.990821 0.982777 0.520303 0.982777 0.520303 0.311014 0.575426 0.311014 0.575426 0.311014
0 0.730018 0.561805 0.583341 0.561805 0.583341 0.327068 0.730018 0.327068
0 0.859337 0.659075 0.866623 0.659075 0.866623 0.880143 0.751239 0.880143 0.751239 0.635816 0.758677 0.627651 0.859337 0.627651
3 0.751239 0.806298 0.583341 0.806298 0.575426 0.822352 0.743091 0.822352
2 0.734902 0.806298 0.716536 0.806298 0.716536 0.822352 0.734902 0.822352
1 0.693145 0.806298 0.649864 0.806298 0.649864 0.822352 0.693145 0.822352
1 0.646370 0.806298 0.603392 0.806298 0.603392 0.822352 0.646370 0.822352
3 0.583341 0.806298 0.583341 0.327068 0.575426 0.311014 0.575426 0.822352
2 0.583341 0.462802 0.583341 0.421141 0.575426 0.421141 0.575426 0.462802
1 0.583341 0.791825 0.583341 0.762663 0.575426 0.762663 0.575426 0.791825
1 0.583341 0.704575 0.583341 0.675413 0.575426 0.675413 0.575426 0.704575
1 0.583341 0.620328 0.583341 0.591170 0.575426 0.591170 0.575426 0.620328
1 0.583341 0.518034 0.583341 0.470126 0.575426 0.470126 0.575426 0.518034
1 0.583341 0.413884 0.583341 0.365513 0.575426 0.365513 0.575426 0.413884
3 0.583341 0.327068 0.733044 0.327068 0.725129 0.311014 0.575426 0.311014
1 0.607061 0.327068 0.621552 0.327068 0.621552 0.311014 0.607061 0.311014
1 0.679860 0.327068 0.694465 0.327068 0.694465 0.311014 0.679860 0.311014
3 0.733044 0.327068 0.733044 0.231984 0.725129 0.215930 0.725129 0.311014
3 0.733044 0.231984 0.821175 0.231984 0.829090 0.215930 0.725129 0.215930
2 0.766990 0.231984 0.787271 0.231984 0.787271 0.215930 0.766990 0.215930
1 0.754596 0.231984 0.765665 0.231984 0.765665 0.215930 0.754596 0.215930
1 0.788486 0.231984 0.799781 0.231984 0.799781 0.215930 0.788486 0.215930
3 0.821175 0.231984 0.821175 0.330274 0.829090 0.314220 0.829090 0.215930
3 0.821175 0.330274 0.991852 0.330274 1.000000 0.314220 0.829090 0.314220
1 0.848505 0.330274 0.863110 0.330274 0.863110 0.314220 0.848505 0.314220
1 0.905898 0.330274 0.944693 0.330274 0.944693 0.314220 0.905898 0.314220
3 0.991852 0.330274 0.991852 0.807252 1.000000 0.823778 1.000000 0.314220
1 0.991852 0.372228 0.991852 0.449293 1.000000 0.449293 1.000000 0.372228
1 0.991852 0.692539 0.991852 0.769840 1.000000 0.769840 1.000000 0.692539
3 0.991852 0.807252 0.866623 0.807252 0.874771 0.823778 1.000000 0.823778
2 0.900094 0.807252 0.880521 0.807252 0.880521 0.823778 0.900094 0.823778
1 0.954391 0.807252 0.915482 0.807252 0.915482 0.823778 0.954391 0.823778
3 0.866623 0.807252 0.866623 0.880143 0.874771 0.896669 0.874771 0.823778
3 0.866623 0.880143 0.751239 0.880143 0.743091 0.896669 0.874771 0.896669
1 0.843276 0.880143 0.772845 0.880143 0.772845 0.896669 0.843276 0.896669
3 0.751239 0.880143 0.751239 0.806298 0.743091 0.822352 0.743091 0.896669
3 0.733044 0.327068 0.733044 0.570305 0.730018 0.561805 0.730018 0.327068
2 0.733044 0.439524 0.733044 0.476897 0.730018 0.476897 0.730018 0.439524
3 0.730018 0.561805 0.583341 0.561805 0.583341 0.570305 0.733044 0.570305
3 0.751239 0.806298 0.751239 0.635816 0.747747 0.631594 0.747747 0.806298
2 0.751239 0.774676 0.751239 0.708187 0.747747 0.708187 0.747747 0.774676
3 0.751239 0.635816 0.758677 0.627651 0.759515 0.618680 0.747747 0.631594
3 0.758677 0.627651 0.866623 0.627651 0.869417 0.618680 0.759515 0.618680
3 0.866623 0.627651 0.866623 0.823778 0.869417 0.823778 0.869417 0.618680
2 0.866623 0.709415 0.866623 0.775601 0.869417 0.775601 0.869417 0.709415
3 0.859337 0.627651 0.859337 0.659075 0.866877 0.659075 0.866877 0.627651
3 0.991852 0.523653 0.869794 0.523653 0.872355 0.513737 0.991852 0.513737
3 0.872355 0.513737 0.872355 0.330274 0.869794 0.330274 0.869794 0.523653
2 0.872355 0.479060 0.872355 0.442182 0.869794 0.442182 0.869794 0.479060
3 0.821175 0.330274 0.821175 0.430684 0.823736 0.425490 0.823736 0.330274
3 0.823736 0.425490 0.869794 0.425490 0.869794 0.430684 0.821175 0.430684
2 0.828149 0.425490 0.846894 0.425490 0.846894 0.430684 0.828149 0.430684
