0 0.479998 0.776425 0.377116 0.776425 0.377116 0.992481 0.479998 0.992481 0.479998 0.776425 0.479998 0.776425
0 0.213181 0.827704 0.160246 0.827704 0.160246 0.731282 0.213181 0.731282
0 0.216907 0.522248 0.160246 0.522248 0.160246 0.409585 0.216907 0.409585
0 0.311766 0.419841 0.263464 0.419841 0.263464 0.240650 0.311766 0.240650
0 0.260306 0.428864 0.311766 0.428864 0.311766 0.522248 0.220065 0.522248 0.220065 0.409585 0.260306 0.409585
0 0.148931 0.366983 0.049007 0.366983 0.049007 0.240650 0.148931 0.240650
0 0.148931 0.827704 0.049007 0.827704 0.049007 0.376006 0.148931 0.376006
0 0.471314 0.744094 0.365801 0.744094 0.365864 0.531271 0.314923 0.531271 0.314923 0.333614 0.471314 0.333614
0 0.216339 0.668837 0.213181 0.668837 0.213181 0.722259 0.160246 0.722259 0.160246 0.531271 0.216339 0.531271
0 0.365801 0.744094 0.365801 0.967669 0.292278 0.967669 0.292278 0.531271 0.365864 0.531271
0 0.292278 0.967669 0.216339 0.967669 0.216339 0.531271 0.292278 0.531271
0 0.260306 0.400562 0.189780 0.400562 0.189780 0.240650 0.260306 0.240650
0 0.189780 0.400562 0.160246 0.400562 0.160246 0.240650 0.189780 0.240650
0 0.037692 0.827704 0.013212 0.827704 0.013212 0.719266 0.037692 0.719266 0.037692 0.827704 0.037692 0.827704
2 0.377116 0.835223 0.377116 0.779719 0.365801 0.779719 0.365801 0.835223
3 0.377116 0.776425 0.479471 0.776425 0.479471 0.744094 0.365801 0.744094
1 0.391191 0.776425 0.464549 0.776425 0.464549 0.744094 0.391191 0.744094
3 0.482629 0.776425 0.482629 0.301283 0.471314 0.333614 0.471314 0.744094
1 0.482629 0.741936 0.482629 0.603175 0.471314 0.603175 0.471314 0.741936
3 0.482629 0.301283 0.323081 0.301283 0.311766 0.333614 0.471314 0.333614
3 0.323081 0.301283 0.323081 0.208319 0.311766 0.240650 0.311766 0.333614
3 0.323081 0.208319 0.037692 0.208319 0.049007 0.240650 0.311766 0.240650
3 0.037692 0.208319 0.037692 0.860036 0.049007 0.827704 0.049007 0.240650
2 0.037692 0.745673 0.037692 0.806884 0.049007 0.806884 0.049007 0.745673
3 0.037692 0.860036 0.204466 0.860036 0.216339 0.827704 0.049007 0.827704
2 0.062666 0.860036 0.131011 0.860036 0.131011 0.827704 0.062666 0.827704
2 0.174129 0.860036 0.198745 0.860036 0.198745 0.827704 0.174129 0.827704
1 0.164648 0.860036 0.173210 0.860036 0.173210 0.827704 0.164648 0.827704
3 0.160246 0.860036 0.160246 0.208319 0.148931 0.208319 0.148931 0.860036
2 0.160246 0.807952 0.160246 0.746207 0.148931 0.746207 0.148931 0.807952
3 0.311766 0.333614 0.311766 0.522248 0.314923 0.531271 0.314923 0.333614
3 0.311766 0.522248 0.148931 0.522248 0.148931 0.531271 0.314923 0.531271
2 0.200990 0.522248 0.179113 0.522248 0.179113 0.531271 0.200990 0.531271
2 0.244916 0.522248 0.223396 0.522248 0.223396 0.531271 0.244916 0.531271
1 0.260185 0.522248 0.251652 0.522248 0.251652 0.531271 0.260185 0.531271
1 0.268940 0.522248 0.261075 0.522248 0.261075 0.531271 0.268940 0.531271
1 0.277916 0.522248 0.269903 0.522248 0.269903 0.531271 0.277916 0.531271
3 0.260306 0.208319 0.260306 0.428864 0.263464 0.419841 0.263464 0.208319
2 0.260306 0.307884 0.260306 0.370013 0.263464 0.370013 0.263464 0.307884
3 0.260306 0.428864 0.314923 0.428864 0.314923 0.419841 0.263464 0.419841
3 0.263464 0.409585 0.148931 0.409585 0.148931 0.400562 0.263464 0.400562
2 0.248886 0.409585 0.227143 0.409585 0.227143 0.400562 0.248886 0.400562
3 0.216907 0.531271 0.216907 0.400562 0.220065 0.400562 0.220065 0.531271
3 0.216339 0.827704 0.216339 0.668837 0.213181 0.668837 0.213181 0.827704
3 0.148931 0.731282 0.216339 0.731282 0.216339 0.722259 0.148931 0.722259
2 0.179770 0.731282 0.204953 0.731282 0.204953 0.722259 0.179770 0.722259
3 0.037692 0.376006 0.160246 0.376006 0.160246 0.366983 0.037692 0.366983
2 0.050904 0.376006 0.072905 0.376006 0.072905 0.366983 0.050904 0.366983
0 0.665854 0.335742 0.560505 0.335742 0.560505 0.227552 0.665854 0.227552
0 0.882917 0.823283 0.782414 0.823283 0.782414 0.592851 0.882917 0.592851
0 0.778730 0.823283 0.677696 0.823283 0.677696 0.619100 0.748348 0.619100 0.748348 0.592851 0.778730 0.592851
0 0.988159 0.737838 0.887127 0.737838 0.887127 0.337313 0.988159 0.337313
0 0.828084 0.337313 0.882917 0.337313 0.882917 0.580821 0.748348 0.580821 0.748348 0.246350 0.828084 0.246350
0 0.702254 0.490368 0.705938 0.490368 0.705938 0.425194 0.744138 0.425194 0.744138 0.607573 0.677696 0.607573 0.677696 0.414668 0.702254 0.414668
0 0.744138 0.414668 0.677696 0.414668 0.677696 0.246350 0.744138 0.246350
3 0.665854 0.854111 0.895105 0.854111 0.882917 0.823283 0.677696 0.823283
1 0.683079 0.854111 0.730684 0.854111 0.730684 0.823283 0.683079 0.823283
1 0.827721 0.854111 0.876499 0.854111 0.876499 0.823283 0.827721 0.823283
3 0.895105 0.854111 0.895105 0.768666 0.882917 0.737838 0.882917 0.823283
1 0.895105 0.822268 0.895105 0.777801 0.882917 0.777801 0.882917 0.822268
3 0.895105 0.768666 1.000000 0.768666 0.988159 0.737838 0.882917 0.737838
1 0.916125 0.768666 0.973144 0.768666 0.973144 0.737838 0.916125 0.737838
3 1.000000 0.768666 1.000000 0.304982 0.988159 0.337313 0.988159 0.737838
1 1.000000 0.733334 1.000000 0.662709 0.988159 0.662709 0.988159 0.733334
1 1.000000 0.465984 1.000000 0.398119 0.988159 0.398119 0.988159 0.465984
3 1.000000 0.304982 0.839925 0.304982 0.828084 0.337313 0.988159 0.337313
1 0.881167 0.304982 0.840536 0.304982 0.840536 0.337313 0.881167 0.337313
3 0.828084 0.337313 0.828084 0.246350 0.839925 0.212514 0.839925 0.304982
3 0.839925 0.212514 0.665854 0.212514 0.665854 0.246350 0.828084 0.246350
1 0.806902 0.212514 0.781046 0.212514 0.781046 0.246350 0.806902 0.246350
1 0.739828 0.212514 0.684227 0.212514 0.684227 0.246350 0.739828 0.246350
3 0.665854 0.212514 0.555242 0.212514 0.560505 0.227552 0.665854 0.227552
3 0.555242 0.212514 0.555242 0.346329 0.560505 0.335742 0.560505 0.227552
3 0.555242 0.346329 0.665854 0.346329 0.677696 0.335742 0.560505 0.335742
2 0.613535 0.346329 0.636801 0.346329 0.636801 0.335742 0.613535 0.335742
3 0.665854 0.212514 0.665854 0.335742 0.677696 0.335742 0.677696 0.246350
3 0.665854 0.346329 0.665854 0.854111 0.677696 0.823283 0.677696 0.335742
2 0.665854 0.492150 0.665854 0.549783 0.677696 0.549783 0.677696 0.492150
1 0.665854 0.351449 0.665854 0.462909 0.677696 0.462909 0.677696 0.351449
1 0.665854 0.771004 0.665854 0.818042 0.677696 0.818042 0.677696 0.771004
3 0.882917 0.737838 0.882917 0.304982 0.887127 0.304982 0.887127 0.737838
2 0.882917 0.578234 0.882917 0.518008 0.887127 0.518008 0.887127 0.578234
3 0.665854 0.619100 0.748348 0.619100 0.744138 0.607573 0.665854 0.607573
3 0.748348 0.619100 0.748348 0.212514 0.744138 0.212514 0.744138 0.607573
2 0.748348 0.553031 0.748348 0.492564 0.744138 0.492564 0.744138 0.553031
3 0.744138 0.592851 0.887127 0.592851 0.887127 0.580821 0.744138 0.580821
2 0.755708 0.592851 0.776988 0.592851 0.776988 0.580821 0.755708 0.580821
2 0.802212 0.592851 0.824208 0.592851 0.824208 0.580821 0.802212 0.580821
3 0.782414 0.854111 0.782414 0.580821 0.778730 0.580821 0.778730 0.854111
3 0.748348 0.414668 0.702254 0.414668 0.705938 0.425194 0.748348 0.425194
3 0.702254 0.414668 0.702254 0.490368 0.705938 0.490368 0.705938 0.425194
