0 0.464447 0.461189 0.408657 0.461189 0.408657 0.382654 0.464447 0.382654
0 0.364498 0.854929 0.313137 0.854929 0.313137 0.768216 0.364498 0.768216
0 0.440776 0.854929 0.369251 0.854929 0.369251 0.768216 0.440776 0.768216
0 0.464447 0.583602 0.408657 0.583602 0.408657 0.467394 0.464447 0.467394
0 0.616510 0.376022 0.539014 0.376022 0.539014 0.256014 0.616510 0.256014
0 0.616510 0.249361 0.539014 0.249361 0.539014 0.127478 0.616510 0.127478
0 0.403771 0.308967 0.280711 0.308967 0.280711 0.127478 0.403771 0.127478
0 0.730005 0.567555 0.729988 0.567555 0.729988 0.666013 0.621147 0.666013 0.621147 0.464665 0.730005 0.464665
0 0.578100 0.718328 0.578100 0.854929 0.445804 0.854929 0.445804 0.671839 0.545778 0.671839
0 0.616397 0.673153 0.729988 0.673153 0.729988 0.854929 0.584333 0.854929 0.584333 0.717787 0.616397 0.672926
0 0.823115 0.854929 0.737812 0.854929 0.737812 0.582981 0.823115 0.582981
0 0.534281 0.376022 0.408682 0.376022 0.408682 0.308967 0.408554 0.308967 0.408554 0.127478 0.534281 0.127478
0 0.986629 0.925205 0.827653 0.925205 0.827653 0.870150 0.827752 0.870150 0.827752 0.582981 0.986629 0.582981
0 0.403214 0.589532 0.616397 0.590229 0.616397 0.660591 0.580951 0.710496 0.548554 0.663732 0.440776 0.663732 0.440776 0.762465 0.313137 0.762465 0.313137 0.589234
0 0.279851 0.674147 0.307411 0.674147 0.307411 0.854929 0.174720 0.854929 0.174720 0.667953 0.173889 0.666705 0.279851 0.666705
0 0.403248 0.376022 0.403214 0.376022 0.403214 0.589532 0.313137 0.589234 0.313137 0.666705 0.173889 0.666705 0.110458 0.583089 0.216004 0.448504 0.216004 0.315318 0.280711 0.315318 0.280711 0.315124 0.403248 0.315124
0 0.616510 0.449239 0.616397 0.449239 0.616397 0.583602 0.551217 0.583602 0.551217 0.382654 0.616510 0.382654
0 0.546896 0.419414 0.551205 0.419414 0.551205 0.382654 0.551217 0.382654 0.551217 0.518455 0.551205 0.518455 0.551205 0.469318 0.546547 0.469318 0.546547 0.512164 0.470680 0.512164 0.470680 0.382654 0.546896 0.382654
0 0.551217 0.583602 0.551184 0.583602 0.551184 0.561771 0.546547 0.561771 0.546547 0.583602 0.470680 0.583602 0.470680 0.518455 0.551217 0.518455
0 0.815566 0.939653 0.699831 0.939653 0.699831 0.869717 0.815566 0.870150 0.815566 0.939107 0.815566 0.939653
0 0.090667 0.584083 0.090667 0.299768 0.203070 0.299768 0.203070 0.440839 0.091399 0.583132 0.090667 0.584083
0 0.323608 0.870150 0.323608 0.967845 0.459008 0.967489 0.459008 0.870150 0.323608 0.870150 0.323608 0.870150
3 0.815566 0.870150 0.815566 0.939653 0.827653 0.925205 0.827653 0.854929
3 0.815566 0.939653 1.000000 0.939653 0.986629 0.925205 0.827653 0.925205
2 0.855666 0.939653 0.948444 0.939653 0.948444 0.925205 0.855666 0.925205
3 1.000000 0.939653 1.000000 0.567555 0.986629 0.582981 0.986629 0.925205
1 1.000000 0.700308 1.000000 0.666645 0.986629 0.666645 0.986629 0.700308
1 1.000000 0.842595 1.000000 0.810646 0.986629 0.810646 0.986629 0.842595
3 1.000000 0.567555 0.742283 0.567555 0.730005 0.582981 0.986629 0.582981
1 0.899514 0.567555 0.875037 0.567555 0.875037 0.582981 0.899514 0.582981
3 0.742283 0.567555 0.742283 0.449239 0.730005 0.464665 0.730005 0.582981
1 0.742283 0.513975 0.742283 0.480328 0.730005 0.480328 0.730005 0.513975
3 0.742283 0.449239 0.628850 0.449239 0.616510 0.464665 0.730005 0.464665
1 0.707335 0.449239 0.670625 0.449239 0.670625 0.464665 0.707335 0.464665
3 0.628850 0.449239 0.628850 0.110344 0.616510 0.127478 0.616510 0.464665
2 0.628850 0.439645 0.628850 0.402410 0.616510 0.402410 0.616510 0.439645
1 0.628850 0.216228 0.628850 0.183306 0.616510 0.183306 0.616510 0.216228
1 0.628850 0.371071 0.628850 0.339236 0.616510 0.339236 0.616510 0.371071
3 0.628850 0.110344 0.266642 0.110344 0.280711 0.127478 0.616510 0.127478
1 0.369741 0.110344 0.342758 0.110344 0.342758 0.127478 0.369741 0.127478
1 0.450761 0.110344 0.429063 0.110344 0.429063 0.127478 0.450761 0.127478
1 0.490437 0.110344 0.454330 0.110344 0.454330 0.127478 0.490437 0.127478
1 0.520586 0.110344 0.493770 0.110344 0.493770 0.127478 0.520586 0.127478
3 0.266642 0.110344 0.266642 0.299179 0.280711 0.315318 0.280711 0.127478
1 0.266642 0.180171 0.266642 0.229492 0.280711 0.229492 0.280711 0.180171
3 0.266642 0.299179 0.202646 0.299179 0.216004 0.315318 0.280711 0.315318
1 0.257713 0.299179 0.220824 0.299179 0.220824 0.315318 0.257713 0.315318
3 0.202646 0.299179 0.202646 0.441012 0.216004 0.448504 0.216004 0.315318
1 0.202646 0.373001 0.202646 0.417879 0.216004 0.417879 0.216004 0.373001
1 0.202646 0.322350 0.202646 0.368558 0.216004 0.368558 0.216004 0.322350
3 0.202646 0.441012 0.090244 0.584337 0.110458 0.583089 0.216004 0.448504
2 0.190746 0.456184 0.170050 0.482577 0.179473 0.495084 0.200174 0.468691
1 0.130107 0.533503 0.104774 0.565809 0.114202 0.578316 0.139535 0.546010
1 0.159097 0.496543 0.134432 0.527990 0.143856 0.540497 0.168521 0.509051
3 0.090244 0.584337 0.162483 0.679731 0.174720 0.667953 0.110458 0.583089
1 0.131848 0.639274 0.156246 0.671499 0.166987 0.657738 0.142585 0.625518
1 0.103531 0.601887 0.128462 0.634809 0.139202 0.621048 0.114272 0.588126
3 0.162483 0.679731 0.162483 0.870150 0.174720 0.854929 0.174720 0.667953
1 0.162483 0.769773 0.162483 0.817316 0.174720 0.817316 0.174720 0.769773
3 0.162483 0.870150 0.815566 0.870150 0.827653 0.854929 0.174720 0.854929
2 0.373111 0.870150 0.406285 0.870150 0.406285 0.854929 0.373111 0.854929
2 0.767957 0.870150 0.800022 0.870150 0.800022 0.854929 0.767957 0.854929
1 0.209211 0.870150 0.244732 0.870150 0.244732 0.854929 0.209211 0.854929
1 0.601119 0.870150 0.672482 0.870150 0.672482 0.854929 0.601119 0.854929
1 0.493396 0.870150 0.565772 0.870150 0.565772 0.854929 0.493396 0.854929
3 0.729988 0.567555 0.729988 0.870150 0.737812 0.870150 0.737812 0.567555
3 0.827752 0.870150 0.827752 0.567555 0.823115 0.567555 0.823115 0.870150
3 0.266642 0.315124 0.408554 0.315124 0.403771 0.308967 0.266642 0.308967
2 0.311957 0.315124 0.373747 0.315124 0.373747 0.308967 0.311957 0.308967
3 0.408554 0.315124 0.408554 0.110344 0.403771 0.110344 0.403771 0.308967
3 0.403248 0.308967 0.403248 0.382654 0.408682 0.376022 0.408682 0.308967
2 0.403248 0.328793 0.403248 0.367590 0.408682 0.367590 0.408682 0.328793
3 0.403248 0.382654 0.628850 0.382654 0.628850 0.376022 0.408682 0.376022
2 0.582139 0.382654 0.607439 0.382654 0.607439 0.376022 0.582139 0.376022
1 0.409526 0.382654 0.441541 0.382654 0.441541 0.376022 0.409526 0.376022
3 0.539014 0.382654 0.539014 0.110344 0.534281 0.110344 0.534281 0.382654
3 0.534281 0.256014 0.628850 0.256014 0.628850 0.249361 0.534281 0.249361
2 0.584694 0.256014 0.610506 0.256014 0.610506 0.249361 0.584694 0.249361
3 0.616397 0.449239 0.616397 0.673153 0.621147 0.666013 0.621147 0.449239
2 0.616397 0.619897 0.616397 0.654927 0.621147 0.654927 0.621147 0.619897
3 0.616397 0.673153 0.737812 0.673153 0.737812 0.666013 0.621147 0.666013
3 0.403214 0.376022 0.403214 0.589532 0.408657 0.583602 0.408657 0.376022
3 0.403214 0.589532 0.621147 0.589532 0.621147 0.583602 0.408657 0.583602
2 0.555069 0.589532 0.582206 0.589532 0.582206 0.583602 0.555069 0.583602
2 0.425710 0.589532 0.451941 0.589532 0.451941 0.583602 0.425710 0.583602
3 0.464447 0.376022 0.464447 0.589532 0.470680 0.589532 0.470680 0.376022
2 0.464447 0.422430 0.464447 0.453984 0.470680 0.453984 0.470680 0.422430
3 0.403214 0.467394 0.470680 0.467394 0.470680 0.461189 0.403214 0.461189
3 0.464447 0.518455 0.551205 0.518455 0.546547 0.512164 0.464447 0.512164
3 0.551205 0.518455 0.551205 0.469318 0.546547 0.469318 0.546547 0.512164
3 0.551205 0.419414 0.551205 0.376022 0.546896 0.376022 0.546896 0.419414
3 0.546547 0.561771 0.546547 0.589532 0.551184 0.589532 0.551184 0.561771
3 0.279851 0.674147 0.307411 0.674147 0.313137 0.666705 0.279851 0.666705
3 0.307411 0.674147 0.307411 0.870150 0.313137 0.870150 0.313137 0.666705
3 0.445804 0.870150 0.445804 0.671839 0.440776 0.663732 0.440776 0.870150
3 0.445804 0.671839 0.545778 0.671839 0.548554 0.663732 0.440776 0.663732
3 0.545778 0.671839 0.580884 0.722511 0.580951 0.710496 0.548554 0.663732
2 0.552339 0.681309 0.571768 0.709345 0.576397 0.703918 0.556968 0.675877
3 0.580884 0.722511 0.621084 0.666105 0.616514 0.660591 0.580951 0.710496
2 0.590640 0.708826 0.611254 0.679898 0.606683 0.674390 0.586070 0.703313
3 0.578100 0.710496 0.578100 0.870150 0.584333 0.870150 0.584333 0.710496
3 0.307411 0.768216 0.445804 0.768216 0.445804 0.762465 0.307411 0.762465
2 0.334781 0.768216 0.359512 0.768216 0.359512 0.762465 0.334781 0.762465
2 0.372903 0.768216 0.405874 0.768216 0.405874 0.762465 0.372903 0.762465
3 0.364498 0.762465 0.364498 0.870150 0.369251 0.870150 0.369251 0.762465
