0 0.369112 0.595073 0.271764 0.595073 0.271764 0.856932 0.044315 0.856932 0.044315 0.424509 0.369112 0.424509
0 0.773624 0.595073 0.369112 0.595073 0.369112 0.104349 0.773624 0.104349
0 0.332448 0.390154 0.038205 0.390154 0.038205 0.073812 0.332448 0.073812
0 0.972387 0.595073 0.781093 0.595073 0.781093 0.104349 0.972387 0.104349
0 0.721766 0.856932 0.477676 0.856932 0.477676 0.609070 0.721766 0.609070
0 0.470208 0.856932 0.291453 0.856932 0.291453 0.609070 0.470208 0.609070
0 0.835164 0.796175 0.731950 0.796175 0.731950 0.615457 0.835164 0.615457
3 0.044315 0.856932 0.721766 0.856932 0.735345 0.882380 0.030057 0.882380
2 0.362832 0.856932 0.425594 0.856932 0.425594 0.882380 0.362832 0.882380
3 0.735345 0.882380 0.735345 0.838164 0.721766 0.796175 0.721766 0.856932
3 0.735345 0.838164 0.856891 0.838164 0.835164 0.796175 0.721766 0.796175
3 0.835164 0.796175 0.835164 0.595073 0.856891 0.620521 0.856891 0.838164
3 0.835164 0.595073 0.972387 0.595073 0.985966 0.620521 0.856891 0.620521
3 0.972387 0.595073 0.972387 0.425323 0.985966 0.425323 0.985966 0.620521
3 0.972387 0.425323 0.972387 0.104349 1.000000 0.055998 1.000000 0.425323
3 0.972387 0.104349 0.332448 0.104349 0.332448 0.055998 1.000000 0.055998
1 0.914106 0.104349 0.793483 0.104349 0.793483 0.055998 0.914106 0.055998
1 0.554662 0.104349 0.379853 0.104349 0.379853 0.055998 0.554662 0.055998
3 0.369112 0.104349 0.369112 0.424509 0.332448 0.390154 0.332448 0.055998
1 0.369112 0.152382 0.369112 0.347898 0.332448 0.347898 0.332448 0.152382
3 0.369112 0.424509 0.044315 0.424509 0.030057 0.390154 0.332448 0.390154
1 0.267262 0.424509 0.113215 0.424509 0.113215 0.390154 0.267262 0.390154
2 0.329298 0.424509 0.273257 0.424509 0.273257 0.390154 0.329298 0.390154
3 0.044315 0.390154 0.044315 0.556482 0.030057 0.556482 0.030057 0.390154
3 0.044315 0.556482 0.044315 0.673936 0.020891 0.673936 0.020891 0.556482
3 0.044315 0.673936 0.044315 0.856932 0.030057 0.882380 0.030057 0.673936
3 0.271764 0.856932 0.271764 0.595073 0.291453 0.609070 0.291453 0.856932
3 0.835164 0.595073 0.721766 0.595073 0.721766 0.615457 0.835164 0.615457
3 0.721766 0.796175 0.721766 0.595073 0.731950 0.595073 0.731950 0.796175
2 0.721766 0.729031 0.721766 0.622901 0.731950 0.622901 0.731950 0.729031
3 0.721766 0.595073 0.271764 0.595073 0.291453 0.609070 0.721766 0.609070
2 0.427305 0.595073 0.340854 0.595073 0.340854 0.609070 0.427305 0.609070
3 0.477676 0.609070 0.477676 0.856932 0.470208 0.856932 0.470208 0.609070
2 0.477676 0.654469 0.477676 0.759734 0.470208 0.759734 0.470208 0.654469
3 0.781093 0.595073 0.781093 0.104349 0.773624 0.104349 0.773624 0.595073
2 0.781093 0.254822 0.781093 0.135014 0.773624 0.135014 0.773624 0.254822
3 0.030057 0.390154 0.030057 0.055998 0.038205 0.073812 0.038205 0.390154
1 0.030057 0.388933 0.030057 0.109031 0.038205 0.109031 0.038205 0.388933
3 0.030057 0.055998 0.332448 0.055998 0.332448 0.073812 0.038205 0.073812
1 0.057792 0.055998 0.331892 0.055998 0.331892 0.073812 0.057792 0.073812
