0 0.541794 0.502273 0.500806 0.502273 0.500806 0.386239 0.541794 0.386239
0 0.541794 0.386239 0.500806 0.386239 0.500758 0.305414 0.541794 0.305414
0 0.226515 0.508755 0.083193 0.508755 0.083193 0.200074 0.226515 0.200074
0 0.172309 0.945115 0.083193 0.945115 0.083193 0.522671 0.172309 0.522671
0 0.455159 0.943489 0.316221 0.943489 0.316221 0.650343 0.455159 0.650343
0 0.493360 0.639357 0.386848 0.639357 0.386848 0.325930 0.493360 0.325930
0 0.256024 0.650343 0.312498 0.650343 0.312498 0.767586 0.249008 0.767586 0.249008 0.827924 0.204624 0.827924 0.204624 0.522671 0.256024 0.522671
0 0.295352 0.372191 0.298012 0.372191 0.298012 0.510220 0.230238 0.510220 0.230238 0.200074 0.295352 0.200074
0 0.493360 0.943489 0.458883 0.943489 0.458883 0.650343 0.493360 0.650343
0 0.382859 0.482819 0.302001 0.482819 0.302001 0.337195 0.382859 0.337195
0 0.382859 0.639357 0.316452 0.639357 0.316452 0.493806 0.382859 0.493806
0 0.298012 0.570602 0.312463 0.570602 0.312463 0.639357 0.260013 0.639357 0.260013 0.522832 0.298012 0.522832
0 0.312498 0.859199 0.256455 0.859199 0.256455 0.777840 0.312498 0.777840
0 0.200369 0.827924 0.179756 0.827924 0.179756 0.765337 0.176830 0.765337 0.176830 0.668515 0.200369 0.668515
0 0.312498 0.943489 0.256455 0.943489 0.256455 0.870911 0.312498 0.870911
0 0.200369 0.656796 0.176830 0.656796 0.176830 0.522671 0.200369 0.522671
3 0.083193 0.945115 0.172309 0.945115 0.180022 0.964159 0.074417 0.964159
3 0.172309 0.945115 0.172309 0.827924 0.180022 0.846235 0.180022 0.964159
3 0.180022 0.846235 0.248742 0.846235 0.256455 0.827924 0.172309 0.827924
3 0.248742 0.846235 0.248742 0.963997 0.256455 0.943489 0.256455 0.827924
3 0.256455 0.943489 0.493360 0.943489 0.500806 0.963997 0.248742 0.963997
1 0.335986 0.943489 0.392013 0.943489 0.392013 0.963997 0.335986 0.963997
3 0.493360 0.943489 0.493360 0.502273 0.500806 0.502273 0.500806 0.963997
3 0.493360 0.502273 0.541794 0.502273 0.545517 0.514724 0.500806 0.514724
3 0.541794 0.502273 0.541794 0.305414 0.545517 0.305414 0.545517 0.514724
3 0.493360 0.502273 0.493360 0.325930 0.500806 0.303956 0.500806 0.502273
2 0.493360 0.497849 0.493360 0.436177 0.500806 0.436177 0.500806 0.497849
3 0.295352 0.337195 0.295352 0.200074 0.303862 0.175903 0.303862 0.303956
3 0.295352 0.200074 0.083193 0.200074 0.074417 0.175903 0.303862 0.175903
1 0.292411 0.200074 0.235110 0.200074 0.235110 0.175903 0.292411 0.175903
1 0.220680 0.200074 0.165102 0.200074 0.165102 0.175903 0.220680 0.175903
1 0.149808 0.200074 0.090786 0.200074 0.090786 0.175903 0.149808 0.175903
3 0.083193 0.200074 0.083193 0.945115 0.074417 0.964159 0.074417 0.175903
1 0.083193 0.613641 0.083193 0.687837 0.074417 0.687837 0.074417 0.613641
1 0.083193 0.524378 0.083193 0.594473 0.074417 0.594473 0.074417 0.524378
3 0.172309 0.827924 0.172309 0.765337 0.179756 0.765337 0.179756 0.827924
3 0.172309 0.765337 0.172309 0.508755 0.176830 0.522671 0.176830 0.765337
2 0.172309 0.583523 0.172309 0.530677 0.176830 0.530677 0.176830 0.583523
3 0.172309 0.522671 0.083193 0.522671 0.083193 0.508755 0.176830 0.508755
3 0.172309 0.508755 0.230238 0.508755 0.230238 0.522671 0.176830 0.522671
2 0.205109 0.508755 0.225310 0.508755 0.225310 0.522671 0.205109 0.522671
3 0.226515 0.508755 0.226515 0.200074 0.230238 0.200074 0.230238 0.522671
2 0.226515 0.422627 0.226515 0.251931 0.230238 0.251931 0.230238 0.422627
3 0.302001 0.372191 0.302001 0.482819 0.298012 0.570602 0.298012 0.372191
2 0.302001 0.375458 0.302001 0.426531 0.298012 0.426531 0.298012 0.375458
3 0.302001 0.482819 0.316452 0.482819 0.316452 0.570602 0.298012 0.570602
3 0.295352 0.337195 0.382859 0.337195 0.386848 0.303956 0.303862 0.303956
1 0.330957 0.337195 0.377141 0.337195 0.377141 0.303956 0.330957 0.303956
3 0.386848 0.325930 0.493360 0.325930 0.500806 0.303956 0.386848 0.303956
1 0.410579 0.325930 0.456064 0.325930 0.456064 0.303956 0.410579 0.303956
3 0.302001 0.372191 0.302001 0.337195 0.295352 0.337195 0.295352 0.372191
3 0.386848 0.303956 0.386848 0.639357 0.382859 0.650343 0.382859 0.337195
3 0.382859 0.639357 0.260013 0.639357 0.256024 0.650343 0.382859 0.650343
3 0.260013 0.639357 0.260013 0.522832 0.256024 0.510220 0.256024 0.650343
2 0.260013 0.625902 0.260013 0.575392 0.256024 0.575392 0.256024 0.625902
3 0.256024 0.522671 0.230238 0.522671 0.230238 0.510220 0.260013 0.510220
2 0.253511 0.522671 0.231929 0.522671 0.231929 0.510220 0.253511 0.510220
3 0.316452 0.482819 0.316452 0.639357 0.312463 0.639357 0.312463 0.570602
3 0.256024 0.510220 0.298012 0.510220 0.298012 0.522832 0.260013 0.522832
3 0.204624 0.827924 0.204624 0.522671 0.200369 0.522671 0.200369 0.827924
2 0.204624 0.587463 0.204624 0.523045 0.200369 0.523045 0.200369 0.587463
2 0.204624 0.825485 0.204624 0.770823 0.200369 0.770823 0.200369 0.825485
3 0.176830 0.656796 0.200369 0.656796 0.200369 0.668515 0.176830 0.668515
3 0.256455 0.827924 0.256455 0.777840 0.249008 0.767586 0.249008 0.827924
3 0.249008 0.767586 0.312498 0.767586 0.316221 0.777840 0.256455 0.777840
2 0.257713 0.767586 0.277467 0.767586 0.277467 0.777840 0.257713 0.777840
3 0.316221 0.767586 0.316221 0.943489 0.312498 0.943489 0.312498 0.777840
3 0.312498 0.859199 0.256455 0.859199 0.256455 0.870911 0.312498 0.870911
2 0.277374 0.859199 0.259670 0.859199 0.259670 0.870911 0.277374 0.870911
3 0.316221 0.777840 0.316221 0.650343 0.312498 0.650343 0.312498 0.767586
2 0.316221 0.720262 0.316221 0.661345 0.312498 0.661345 0.312498 0.720262
3 0.382859 0.650343 0.493360 0.650343 0.493360 0.639357 0.386848 0.639357
2 0.388513 0.650343 0.413430 0.650343 0.413430 0.639357 0.388513 0.639357
3 0.458883 0.650343 0.458883 0.943489 0.455159 0.943489 0.455159 0.650343
2 0.458883 0.684453 0.458883 0.730890 0.455159 0.730890 0.455159 0.684453
3 0.500806 0.303956 0.500806 0.172739 0.493626 0.172739 0.493626 0.303956
3 0.316452 0.482819 0.382859 0.482819 0.382859 0.493806 0.316452 0.493806
2 0.344746 0.482819 0.362352 0.482819 0.362352 0.493806 0.344746 0.493806
0 0.801735 0.311962 0.801735 0.127679 0.882493 0.127679 0.882493 0.176629 0.827673 0.176629 0.827673 0.182488 0.991121 0.182488 0.991121 0.311962 0.801735 0.311962
0 0.794555 0.518950 0.715481 0.518950 0.715481 0.517551 0.578745 0.517551 0.578745 0.195943 0.794555 0.195943
0 0.748855 0.529205 0.794555 0.529205 0.794555 0.573181 0.935560 0.573181 0.935560 0.679714 0.700726 0.679714 0.700726 0.526341 0.715481 0.526341 0.715481 0.518950 0.748855 0.518950
0 0.882104 0.448387 0.898074 0.448387 0.898138 0.562194 0.813924 0.562194 0.813924 0.476066 0.798278 0.476066 0.798278 0.331738 0.882104 0.331738
0 0.991387 0.562194 0.898138 0.562194 0.898074 0.448387 0.882104 0.448387 0.882104 0.331738 0.991387 0.331738
0 0.900247 0.949231 0.807754 0.949231 0.807754 0.690701 0.900247 0.690701
0 0.991387 0.949231 0.903705 0.949231 0.903705 0.690701 0.991387 0.690701
0 0.676903 0.969249 0.676903 0.850227 0.745583 0.850227 0.745647 0.969249 0.676903 0.969249
0 0.669988 0.950205 0.578745 0.950205 0.578745 0.526341 0.669988 0.526341
0 0.697269 0.837776 0.672914 0.837776 0.672914 0.526341 0.697269 0.526341
0 0.803765 0.949231 0.752232 0.949231 0.752232 0.805262 0.803765 0.805262
0 0.745589 0.837776 0.700726 0.837776 0.700726 0.690701 0.745589 0.690701
0 0.991387 0.679714 0.939283 0.679714 0.939283 0.573181 0.991387 0.573181
0 0.775550 0.795741 0.749312 0.795741 0.749312 0.690701 0.775550 0.690701
0 0.803765 0.795741 0.779008 0.795741 0.779008 0.690701 0.803765 0.690701
3 0.578745 0.950205 0.669988 0.950205 0.676903 0.969249 0.571298 0.969249
2 0.583752 0.950205 0.663829 0.950205 0.663829 0.969249 0.583752 0.969249
3 0.669988 0.950205 0.669988 0.837776 0.676903 0.850227 0.676903 0.969249
3 0.669988 0.837776 0.752232 0.837776 0.745583 0.850227 0.676903 0.850227
1 0.677655 0.837776 0.696500 0.837776 0.696500 0.850227 0.677655 0.850227
1 0.701431 0.837776 0.717699 0.837776 0.717699 0.850227 0.701431 0.850227
2 0.719319 0.837776 0.744421 0.837776 0.744421 0.850227 0.719319 0.850227
3 0.752232 0.837776 0.752232 0.949231 0.745583 0.969007 0.745583 0.850227
3 0.752232 0.949231 0.991387 0.949231 0.998568 0.969007 0.745583 0.969007
1 0.761609 0.949231 0.793584 0.949231 0.793584 0.969007 0.761609 0.969007
1 0.833173 0.949231 0.890556 0.949231 0.890556 0.969007 0.833173 0.969007
1 0.914443 0.949231 0.958122 0.949231 0.958122 0.969007 0.914443 0.969007
3 0.991387 0.949231 0.991387 0.331738 0.998568 0.311962 0.998568 0.969007
1 0.991387 0.653251 0.991387 0.608074 0.998568 0.608074 0.998568 0.653251
1 0.991387 0.545128 0.991387 0.495498 0.998568 0.495498 0.998568 0.545128
3 0.991387 0.331738 0.794555 0.331738 0.801735 0.311962 0.998568 0.311962
1 0.874570 0.331738 0.828798 0.331738 0.828798 0.311962 0.874570 0.311962
1 0.952277 0.331738 0.908515 0.331738 0.908515 0.311962 0.952277 0.311962
3 0.794555 0.331738 0.794555 0.195943 0.801735 0.176167 0.801735 0.311962
2 0.794555 0.306242 0.794555 0.249448 0.801735 0.249448 0.801735 0.306242
3 0.794555 0.195943 0.578745 0.195943 0.571298 0.176167 0.801735 0.176167
1 0.785930 0.195943 0.727664 0.195943 0.727664 0.176167 0.785930 0.176167
1 0.722606 0.195943 0.655779 0.195943 0.655779 0.176167 0.722606 0.176167
1 0.651042 0.195943 0.587396 0.195943 0.587396 0.176167 0.651042 0.176167
3 0.578745 0.195943 0.578745 0.950205 0.571298 0.969249 0.571298 0.176167
1 0.578745 0.527901 0.578745 0.692268 0.571298 0.692268 0.571298 0.527901
3 0.672914 0.517551 0.578745 0.517551 0.578745 0.526341 0.669988 0.526341
3 0.672914 0.517551 0.715481 0.517551 0.715481 0.526341 0.672914 0.526341
3 0.794555 0.331738 0.794555 0.476066 0.798278 0.476066 0.798278 0.331738
3 0.794555 0.476066 0.794555 0.573181 0.813924 0.562194 0.813924 0.476066
3 0.794555 0.573181 0.991387 0.573181 0.991387 0.562194 0.813924 0.562194
2 0.904476 0.573181 0.927254 0.573181 0.927254 0.562194 0.904476 0.562194
2 0.842010 0.573181 0.864057 0.573181 0.864057 0.562194 0.842010 0.562194
3 0.991387 0.690701 0.745589 0.690701 0.745589 0.679714 0.991387 0.679714
2 0.773893 0.690701 0.754088 0.690701 0.754088 0.679714 0.773893 0.679714
2 0.864693 0.690701 0.836026 0.690701 0.836026 0.679714 0.864693 0.679714
2 0.927201 0.690701 0.904859 0.690701 0.904859 0.679714 0.927201 0.679714
3 0.807754 0.949231 0.807754 0.690701 0.803765 0.690701 0.803765 0.949231
3 0.752232 0.837776 0.752232 0.805262 0.745589 0.795741 0.745589 0.837776
3 0.745589 0.795741 0.745589 0.679714 0.749312 0.679714 0.749312 0.795741
3 0.745589 0.679714 0.700726 0.679714 0.697269 0.690701 0.745589 0.690701
2 0.743639 0.679714 0.718348 0.679714 0.718348 0.690701 0.743639 0.690701
3 0.700726 0.690701 0.700726 0.837776 0.697269 0.837776 0.697269 0.679714
2 0.700726 0.776521 0.700726 0.833491 0.697269 0.833491 0.697269 0.776521
3 0.697269 0.690701 0.697269 0.526341 0.700726 0.526341 0.700726 0.679714
3 0.745589 0.795741 0.803765 0.795741 0.803765 0.805262 0.752232 0.805262
2 0.753990 0.795741 0.774159 0.795741 0.774159 0.805262 0.753990 0.805262
3 0.903705 0.690701 0.903705 0.949231 0.900247 0.949231 0.900247 0.690701
3 0.939283 0.679714 0.939283 0.573181 0.935560 0.573181 0.935560 0.679714
2 0.939283 0.650212 0.939283 0.609122 0.935560 0.609122 0.935560 0.650212
3 0.794555 0.518950 0.748855 0.518950 0.748855 0.529205 0.794555 0.529205
3 0.779008 0.690701 0.779008 0.795741 0.775550 0.795741 0.775550 0.690701
2 0.779008 0.718666 0.779008 0.762605 0.775550 0.762605 0.775550 0.718666
3 0.998568 0.311962 0.998568 0.176629 0.991121 0.176629 0.991121 0.311962
3 0.669988 0.837776 0.669988 0.526341 0.672914 0.517551 0.672914 0.837776
2 0.669988 0.833886 0.669988 0.776536 0.672914 0.776536 0.672914 0.833886
