0 0.734345 0.535509 0.734345 0.682859 0.297682 0.682859 0.297682 0.534516
0 0.734345 0.843072 0.677431 0.843072 0.677431 0.961781 0.538891 0.961781 0.538891 0.690425 0.734345 0.690425
0 0.533170 0.961781 0.394331 0.961781 0.394331 0.843735 0.377477 0.843735 0.377477 0.761505 0.394395 0.761505 0.394395 0.690425 0.533170 0.690425
0 0.391702 0.757945 0.374785 0.757945 0.374785 0.843735 0.297682 0.843735 0.297682 0.690425 0.391702 0.690425
3 0.289269 0.523371 0.289269 0.854862 0.297682 0.843735 0.297682 0.534516
1 0.289269 0.588643 0.289269 0.627370 0.297682 0.627370 0.297682 0.588643
1 0.289269 0.747583 0.289269 0.789199 0.297682 0.789199 0.297682 0.747583
3 0.289269 0.854862 0.385917 0.854862 0.394331 0.843735 0.297682 0.843735
3 0.394331 0.843735 0.394331 0.961781 0.385917 0.972908 0.385917 0.854862
3 0.385917 0.972908 0.685844 0.972908 0.677431 0.961781 0.394331 0.961781
1 0.571407 0.972908 0.604158 0.972908 0.604158 0.961781 0.571407 0.961781
1 0.485157 0.972908 0.518730 0.972908 0.518730 0.961781 0.485157 0.961781
1 0.407644 0.972908 0.441216 0.972908 0.441216 0.961781 0.407644 0.961781
3 0.685844 0.972908 0.685844 0.854199 0.677431 0.843072 0.677431 0.961781
1 0.685844 0.943269 0.685844 0.912585 0.677431 0.912585 0.677431 0.943269
3 0.677431 0.843072 0.734345 0.843072 0.742759 0.854199 0.685844 0.854199
3 0.742759 0.854199 0.742759 0.524404 0.734345 0.535509 0.734345 0.843072
2 0.742759 0.661424 0.742759 0.556521 0.734345 0.556521 0.734345 0.661424
2 0.742759 0.776389 0.742759 0.730011 0.734345 0.730011 0.734345 0.776389
1 0.742759 0.726851 0.742759 0.696501 0.734345 0.696501 0.734345 0.726851
1 0.742759 0.809410 0.742759 0.781000 0.734345 0.781000 0.734345 0.809410
3 0.742759 0.524404 0.289269 0.523371 0.297682 0.534516 0.734345 0.535509
3 0.289269 0.690425 0.742759 0.690425 0.742759 0.682859 0.289269 0.682859
2 0.434432 0.690425 0.462549 0.690425 0.462549 0.682859 0.434432 0.682859
2 0.616334 0.690425 0.645326 0.690425 0.645326 0.682859 0.616334 0.682859
3 0.533170 0.682859 0.533170 0.972908 0.538891 0.972908 0.538891 0.682859
2 0.533170 0.718906 0.533170 0.754527 0.538891 0.754527 0.538891 0.718906
3 0.394395 0.682859 0.394395 0.761505 0.391702 0.757945 0.391702 0.682859
2 0.394395 0.719138 0.394395 0.755319 0.391702 0.755319 0.391702 0.719138
3 0.394395 0.761505 0.377477 0.761505 0.374785 0.757945 0.391702 0.757945
3 0.374785 0.757945 0.374785 0.854862 0.377477 0.854862 0.377477 0.761505
0 0.467456 0.036274 0.467456 0.185365 0.348132 0.185365 0.348132 0.036052
0 0.467456 0.344705 0.385662 0.344705 0.385662 0.189816 0.467456 0.189816
0 0.382296 0.344705 0.278900 0.344705 0.278900 0.302039 0.330784 0.302039 0.330784 0.271769 0.382296 0.271769
0 0.094744 0.036052 0.094744 0.065708 0.063086 0.105775 0.029864 0.105775 0.029864 0.035892
0 0.325699 0.260522 0.325803 0.267412 0.327418 0.267412 0.327418 0.297589 0.278900 0.297589 0.278900 0.241980 0.311022 0.241980
0 0.069504 0.258185 0.029864 0.258185 0.029864 0.213080 0.069504 0.213080
0 0.110520 0.344705 0.029864 0.344705 0.029864 0.262636 0.072869 0.262636 0.072869 0.208629 0.037638 0.208629 0.110520 0.206520
0 0.117460 0.206435 0.110520 0.206435 0.110520 0.206520 0.037638 0.208629 0.029864 0.208629 0.029864 0.110225 0.064436 0.110225 0.098109 0.067608 0.098109 0.036052 0.117460 0.036052
0 0.344766 0.175292 0.198836 0.175292 0.198836 0.170739 0.120825 0.170739 0.120825 0.036052 0.344766 0.036052
0 0.344766 0.189816 0.382296 0.189816 0.382296 0.267318 0.329168 0.267318 0.329034 0.258581 0.312369 0.237529 0.275535 0.237529 0.275535 0.175292 0.344766 0.175292
0 0.195471 0.202754 0.198836 0.202754 0.198836 0.175292 0.275535 0.175292 0.275535 0.344705 0.113886 0.344705 0.113886 0.210886 0.120825 0.210886 0.120825 0.175292 0.195471 0.175292
0 0.279086 0.466539 0.412662 0.466539 0.412662 0.355387 0.278900 0.355410 0.279086 0.466539 0.279086 0.466539
0 0.127613 0.466539 0.127613 0.355387 0.270487 0.355410 0.270659 0.466539 0.127613 0.466539 0.127613 0.466539
0 0.029884 0.355387 0.030200 0.466668 0.118190 0.466539 0.118190 0.355387 0.029884 0.355387 0.029884 0.355387
0 0.412662 0.410992 0.504393 0.410992 0.504393 0.280520 0.474789 0.280520 0.475532 0.355387 0.412756 0.355387 0.412662 0.410992 0.412662 0.410992
3 0.021787 0.025201 0.021787 0.355387 0.029864 0.344705 0.029864 0.035892
1 0.021787 0.159977 0.021787 0.205229 0.029864 0.205229 0.029864 0.159977
1 0.021787 0.055898 0.021787 0.089044 0.029864 0.089044 0.029864 0.055898
1 0.021787 0.284481 0.021787 0.315472 0.029864 0.315472 0.029864 0.284481
3 0.021787 0.355387 0.475532 0.355387 0.467456 0.344705 0.029864 0.344705
2 0.058708 0.355387 0.086734 0.355387 0.086734 0.344705 0.058708 0.344705
2 0.141003 0.355387 0.186385 0.355387 0.186385 0.344705 0.141003 0.344705
2 0.331551 0.355387 0.360196 0.355387 0.360196 0.344705 0.331551 0.344705
1 0.190864 0.355387 0.222878 0.355387 0.222878 0.344705 0.190864 0.344705
1 0.226048 0.355387 0.258173 0.355387 0.258173 0.344705 0.226048 0.344705
1 0.289266 0.355387 0.309259 0.355387 0.309259 0.344705 0.289266 0.344705
1 0.404669 0.355387 0.422603 0.355387 0.422603 0.344705 0.404669 0.344705
3 0.475532 0.355387 0.475532 0.025597 0.467456 0.036274 0.467456 0.344705
1 0.475532 0.278984 0.475532 0.233042 0.467456 0.233042 0.467456 0.278984
1 0.475532 0.137358 0.475532 0.091612 0.467456 0.091612 0.467456 0.137358
3 0.475532 0.025597 0.021787 0.025201 0.029864 0.035892 0.467456 0.036274
1 0.182888 0.025343 0.149171 0.025312 0.149168 0.035994 0.182881 0.036025
1 0.251897 0.025405 0.217786 0.025374 0.217783 0.036056 0.251890 0.036088
1 0.321300 0.025463 0.287193 0.025432 0.287186 0.036114 0.321297 0.036145
3 0.344766 0.025486 0.344766 0.189816 0.348132 0.185365 0.348132 0.025486
2 0.344766 0.096405 0.344766 0.156118 0.348132 0.156118 0.348132 0.096405
3 0.344766 0.189816 0.475532 0.189816 0.475532 0.185365 0.348132 0.185365
3 0.382296 0.185365 0.382296 0.355387 0.385662 0.355387 0.385662 0.185365
2 0.382296 0.220678 0.382296 0.257678 0.385662 0.257678 0.385662 0.220678
3 0.021787 0.213080 0.069504 0.213080 0.072869 0.208629 0.021787 0.208629
3 0.072869 0.208629 0.072869 0.262636 0.069504 0.258185 0.069504 0.213080
2 0.072869 0.215163 0.072869 0.242167 0.069504 0.242167 0.069504 0.215163
3 0.072869 0.262636 0.021787 0.262636 0.021787 0.258185 0.069504 0.258185
3 0.098109 0.025267 0.098109 0.067608 0.094744 0.065708 0.094744 0.025267
3 0.098109 0.067608 0.064436 0.110225 0.063086 0.105775 0.094744 0.065708
2 0.088824 0.079363 0.074235 0.097821 0.071910 0.094607 0.086499 0.076145
3 0.064436 0.110225 0.021787 0.110225 0.021787 0.105775 0.063086 0.105775
3 0.117460 0.025285 0.117460 0.206435 0.120825 0.210886 0.120825 0.025285
2 0.117460 0.082118 0.117460 0.118949 0.120825 0.118949 0.120825 0.082118
3 0.110520 0.206435 0.110520 0.355387 0.113886 0.355387 0.113886 0.210886
2 0.110520 0.212484 0.110520 0.248295 0.113886 0.248295 0.113886 0.212484
3 0.117460 0.175190 0.195471 0.175190 0.198836 0.170739 0.117460 0.170739
3 0.195471 0.175190 0.195471 0.202754 0.198836 0.202754 0.198836 0.170739
3 0.385662 0.271769 0.330784 0.271769 0.327418 0.267318 0.385662 0.267318
2 0.359907 0.271769 0.331739 0.271769 0.331739 0.267318 0.359907 0.267318
3 0.327418 0.267318 0.327418 0.297589 0.330784 0.302039 0.330784 0.271769
3 0.327418 0.297589 0.278900 0.297589 0.275535 0.302039 0.330784 0.302039
3 0.275535 0.302039 0.275535 0.355387 0.278900 0.355387 0.278900 0.302039
3 0.275535 0.302039 0.275535 0.237529 0.278900 0.241980 0.278900 0.297589
3 0.275535 0.237529 0.312369 0.237529 0.311022 0.241980 0.278900 0.241980
3 0.312369 0.237529 0.331393 0.261559 0.327502 0.262801 0.311022 0.241980
2 0.313688 0.239193 0.329232 0.258830 0.326907 0.262048 0.311362 0.242411
3 0.127613 0.355387 0.127613 0.466984 0.118190 0.475440 0.118190 0.355387
2 0.127613 0.377775 0.127613 0.406043 0.118190 0.406043 0.118190 0.377775
3 0.118190 0.475440 0.279086 0.475440 0.270659 0.466984 0.127613 0.466984
1 0.132984 0.475440 0.162824 0.475440 0.162824 0.466984 0.132984 0.466984
1 0.166294 0.475440 0.195902 0.475440 0.195902 0.466984 0.166294 0.466984
1 0.199139 0.475440 0.228515 0.475440 0.228515 0.466984 0.199139 0.466984
1 0.232217 0.475440 0.261593 0.475440 0.261593 0.466984 0.232217 0.466984
3 0.279086 0.475440 0.278900 0.355387 0.270487 0.355410 0.270659 0.466984
2 0.278991 0.414312 0.278934 0.377081 0.270521 0.377107 0.270578 0.414334
1 0.279059 0.456600 0.279005 0.421901 0.270592 0.421923 0.270645 0.456622
0 0.991923 0.345587 0.840289 0.345587 0.840289 0.197707 0.805064 0.197707 0.805064 0.190176 0.707379 0.190176 0.707379 0.345587 0.554876 0.345587 0.554876 0.037129 0.991923 0.036880
0 0.800689 0.345587 0.711417 0.345587 0.711417 0.195962 0.800689 0.195962
0 0.835914 0.345587 0.805064 0.345587 0.805064 0.203493 0.835914 0.203493
3 0.546800 0.026451 0.546800 0.356269 0.554876 0.345587 0.554876 0.037129
1 0.546800 0.167049 0.546800 0.212729 0.554876 0.212729 0.554876 0.167049
3 0.546800 0.356269 1.000000 0.356269 0.991923 0.345587 0.554876 0.345587
3 1.000000 0.356269 1.000000 0.026193 0.991923 0.036880 0.991923 0.345587
1 1.000000 0.213272 1.000000 0.169226 0.991923 0.169226 0.991923 0.213272
3 1.000000 0.026193 0.546800 0.026451 0.554876 0.037129 0.991923 0.036880
3 0.707379 0.356269 0.707379 0.190176 0.711417 0.195962 0.711417 0.356269
3 0.707379 0.190176 0.805064 0.190176 0.800689 0.195962 0.711417 0.195962
2 0.739972 0.190176 0.771303 0.190176 0.771303 0.195962 0.739972 0.195962
3 0.805064 0.190176 0.805064 0.356269 0.800689 0.356269 0.800689 0.195962
3 0.835914 0.197929 0.835914 0.356269 0.840289 0.356269 0.840289 0.197929
3 0.840289 0.197707 0.800689 0.197707 0.800689 0.203493 0.840289 0.203493
2 0.835315 0.197707 0.805576 0.197707 0.805576 0.203493 0.835315 0.203493
