0 0.225205 0.297514 0.193779 0.297514 0.193779 0.125992 0.322152 0.125992 0.564763 0.155116 0.564763 0.278082 0.225205 0.297514
0 0.639587 0.502574 0.265413 0.502574 0.265413 0.304188 0.639587 0.304188
0 0.979449 0.710734 0.822733 0.710734 0.822733 0.756484 0.639587 0.756484 0.639587 0.304188 0.979449 0.304188
0 0.979449 0.906526 0.822733 0.906526 0.822733 0.710734 0.979449 0.710734
0 0.629758 0.756484 0.265413 0.756484 0.265413 0.511548 0.629758 0.511548
0 0.812904 0.906526 0.540781 0.906526 0.540781 0.765457 0.812904 0.765457
0 0.530952 0.906526 0.400005 0.906526 0.400005 0.765457 0.530952 0.765457
0 0.390177 0.906526 0.265413 0.906526 0.265413 0.765457 0.390177 0.765457
3 0.265413 0.906526 0.265413 0.304188 0.225205 0.278082 0.225205 0.930184
1 0.265413 0.740331 0.265413 0.646840 0.225205 0.646840 0.225205 0.740331
1 0.265413 0.379306 0.265413 0.311244 0.225205 0.311244 0.225205 0.379306
3 0.265413 0.304188 0.979449 0.304188 1.000000 0.278082 0.225205 0.278082
2 0.474445 0.304188 0.546195 0.304188 0.546195 0.278082 0.474445 0.278082
1 0.586056 0.304188 0.751573 0.304188 0.751573 0.278082 0.586056 0.278082
1 0.766378 0.304188 0.928857 0.304188 0.928857 0.278082 0.766378 0.278082
3 0.979449 0.304188 0.979449 0.906526 1.000000 0.925289 1.000000 0.278082
3 0.979449 0.906526 0.794927 0.906526 0.794927 0.925289 1.000000 0.925289
2 0.907377 0.906526 0.825548 0.906526 0.825548 0.925289 0.907377 0.925289
3 0.794927 0.906526 0.265413 0.906526 0.225205 0.930184 0.794927 0.930184
1 0.595187 0.906526 0.542112 0.906526 0.542112 0.930184 0.595187 0.930184
1 0.518264 0.906526 0.466323 0.906526 0.466323 0.930184 0.518264 0.930184
3 0.822733 0.906526 0.822733 0.756484 0.812904 0.765457 0.812904 0.906526
2 0.822733 0.837403 0.822733 0.773216 0.812904 0.773216 0.812904 0.837403
3 0.822733 0.756484 0.263626 0.756484 0.263626 0.765457 0.812904 0.765457
2 0.386817 0.756484 0.330694 0.756484 0.330694 0.765457 0.386817 0.765457
3 0.540781 0.906526 0.540781 0.765457 0.530952 0.765457 0.530952 0.906526
2 0.540781 0.817603 0.540781 0.768460 0.530952 0.768460 0.530952 0.817603
3 0.400005 0.906526 0.400005 0.765457 0.390177 0.765457 0.390177 0.906526
3 0.639587 0.756484 0.639587 0.502574 0.629758 0.511548 0.629758 0.756484
2 0.639587 0.751083 0.639587 0.684555 0.629758 0.684555 0.629758 0.751083
3 0.639587 0.502574 0.263626 0.502574 0.263626 0.511548 0.629758 0.511548
