0 0.325949 0.250397 0.035766 0.250397 0.035766 0.035754 0.325949 0.035754 0.325949 0.250397
0 0.658018 0.884757 0.304252 0.884757 0.304252 0.706381 0.658018 0.706381
0 0.918598 0.884757 0.688587 0.884757 0.688587 0.813488 0.663576 0.813488 0.663576 0.706381 0.918598 0.706381
0 0.303647 0.706381 0.304252 0.706381 0.304252 0.884757 0.038274 0.884757 0.038274 0.296923 0.303647 0.296923
0 0.804742 0.696837 0.538271 0.696837 0.538271 0.296923 0.804742 0.296923
0 0.532713 0.661859 0.490375 0.661859 0.490375 0.696837 0.309205 0.696837 0.309205 0.296923 0.532713 0.296923
0 0.912477 0.696837 0.810300 0.696837 0.810300 0.527182 0.849755 0.527182 0.849755 0.487670 0.912477 0.487670
0 0.918598 0.478127 0.810300 0.478127 0.810300 0.296923 0.918598 0.296923
3 0.038274 0.296923 0.918598 0.296923 0.940830 0.250397 0.016737 0.250397
1 0.590773 0.296923 0.716988 0.296923 0.716988 0.250397 0.590773 0.250397
1 0.359144 0.296923 0.485713 0.296923 0.485713 0.250397 0.359144 0.250397
1 0.085913 0.296923 0.232227 0.296923 0.232227 0.250397 0.085913 0.250397
2 0.236527 0.296923 0.292851 0.296923 0.292851 0.250397 0.236527 0.250397
3 0.918598 0.296923 0.918598 0.478127 0.940830 0.478127 0.940830 0.250397
3 0.918598 0.884757 0.038274 0.884757 0.016737 0.905038 0.940851 0.905038
2 0.489104 0.884757 0.433802 0.884757 0.433802 0.905038 0.489104 0.905038
3 0.038274 0.884757 0.038274 0.296923 0.016737 0.250397 0.016737 0.905038
1 0.038274 0.403469 0.038274 0.337473 0.016737 0.337473 0.016737 0.403469
3 0.658018 0.884757 0.658018 0.813488 0.688587 0.813488 0.688587 0.884757
3 0.658018 0.813488 0.658018 0.706381 0.663576 0.696837 0.663576 0.813488
2 0.658018 0.802918 0.658018 0.720506 0.663576 0.720506 0.663576 0.802918
3 0.658018 0.706381 0.918598 0.706381 0.940851 0.696837 0.658018 0.696837
2 0.815309 0.706381 0.856529 0.706381 0.856529 0.696837 0.815309 0.696837
3 0.918598 0.884757 0.918598 0.696837 0.940851 0.696837 0.940851 0.905038
1 0.918598 0.780239 0.918598 0.709996 0.940851 0.709996 0.940851 0.780239
3 0.912477 0.478127 0.912477 0.696837 0.940830 0.696837 0.940830 0.478127
1 0.912477 0.602710 0.912477 0.673503 0.940830 0.673503 0.940830 0.602710
3 0.918598 0.696837 0.918598 0.706381 0.940851 0.706381 0.940851 0.696837
3 0.804742 0.696837 0.804742 0.296923 0.810300 0.296923 0.810300 0.696837
2 0.804742 0.426840 0.804742 0.352171 0.810300 0.352171 0.810300 0.426840
3 0.918598 0.478127 0.849755 0.478127 0.849755 0.487670 0.918598 0.487670
3 0.849755 0.478127 0.810300 0.478127 0.810300 0.527182 0.849755 0.527182
3 0.663576 0.696837 0.309205 0.696837 0.303647 0.706381 0.658018 0.706381
2 0.371163 0.696837 0.315764 0.696837 0.315764 0.706381 0.371163 0.706381
2 0.600479 0.696837 0.545726 0.696837 0.545726 0.706381 0.600479 0.706381
3 0.309205 0.696837 0.309205 0.296923 0.303647 0.296923 0.303647 0.706381
3 0.532713 0.296923 0.532713 0.661859 0.538271 0.661859 0.538271 0.296923
3 0.490375 0.661859 0.490375 0.696837 0.538271 0.696837 0.538271 0.661859
3 0.035766 0.250397 0.035766 0.103695 0.023955 0.103695 0.023955 0.250397
3 0.337759 0.250397 0.337759 0.103695 0.325949 0.103695 0.325949 0.250397
