0 0.724287 0.743984 0.844186 0.743984 0.844186 0.784550 0.724276 0.784550 0.724287 0.743984 0.724287 0.743984
0 0.618361 0.766124 0.517446 0.766124 0.517446 0.682466 0.618680 0.682466 0.618361 0.766124 0.618361 0.766124
0 0.892070 0.130223 0.892070 0.279315 0.869870 0.279315 0.869870 0.340060 0.819959 0.340060 0.820050 0.682466 0.618634 0.682466 0.618361 0.762903 0.625194 0.762903 0.625194 0.784533 0.709039 0.784533 0.709392 0.733109 0.862269 0.733109 0.862223 0.748466 0.985196 0.748466 0.985196 0.130223 0.892070 0.130223 0.892070 0.130223
0 0.820050 0.279315 0.820050 0.340063 0.869933 0.340063 0.869933 0.279256 0.820050 0.279315 0.820050 0.279315
0 0.467113 0.130167 0.467113 0.101775 0.530365 0.101775 0.530365 0.130136 0.985287 0.130136 0.985196 0.023025 0.307450 0.023025 0.307450 0.130223 0.467113 0.130167 0.467113 0.130167
0 0.467164 0.130205 0.467164 0.101730 0.530382 0.101730 0.530382 0.130139 0.467164 0.130205 0.467164 0.130205
0 0.514115 0.992096 0.172042 0.992096 0.172042 0.788306 0.514940 0.788306 0.514940 0.992068 0.514115 0.992096 0.514115 0.992096
0 0.802969 0.468626 0.519911 0.468973 0.519911 0.440509 0.520110 0.369736 0.519871 0.369736 0.519871 0.272025 0.802969 0.272025
0 0.644097 0.525698 0.625108 0.525698 0.625108 0.672052 0.519911 0.672052 0.519911 0.468973 0.644097 0.468973
0 0.519871 0.369736 0.305172 0.369736 0.305172 0.272025 0.519871 0.272025
0 0.519911 0.440439 0.514787 0.440439 0.514787 0.465353 0.305172 0.465353 0.305172 0.369736 0.520110 0.369736
0 0.874989 0.268901 0.672520 0.268901 0.672520 0.140637 0.874989 0.140637
0 0.802969 0.672052 0.630233 0.672052 0.630233 0.528822 0.802969 0.528822
0 0.514787 0.569468 0.305172 0.569468 0.305172 0.468477 0.514787 0.468477
0 0.514787 0.672052 0.509435 0.672052 0.342848 0.671785 0.305172 0.671785 0.305172 0.572592 0.514787 0.572592
0 0.574793 0.268901 0.442824 0.268901 0.442824 0.140637 0.574793 0.140637
0 0.500364 0.676426 0.500364 0.777954 0.342848 0.777954 0.342848 0.676210
0 0.288091 0.682198 0.325766 0.682198 0.325766 0.781297 0.172042 0.781297 0.172042 0.679970 0.288091 0.679970
0 0.802969 0.525698 0.649221 0.525698 0.649221 0.471910 0.802969 0.471910
0 0.437699 0.207449 0.305172 0.207449 0.305172 0.140637 0.437699 0.140637
0 0.437699 0.268901 0.305172 0.268901 0.305172 0.210573 0.437699 0.210573
0 0.667395 0.268901 0.579917 0.268901 0.579917 0.201159 0.667395 0.201159
0 0.667395 0.198035 0.579917 0.198035 0.579917 0.140637 0.667395 0.140637
3 0.288091 0.130223 0.892070 0.130223 0.874989 0.140637 0.305172 0.140637
1 0.401339 0.130223 0.431311 0.130223 0.431311 0.140637 0.401339 0.140637
2 0.474321 0.130223 0.524489 0.130223 0.524489 0.140637 0.474321 0.140637
1 0.688024 0.130223 0.717648 0.130223 0.717648 0.140637 0.688024 0.140637
3 0.874989 0.140637 0.874989 0.268901 0.892070 0.279315 0.892070 0.130223
1 0.874989 0.228863 0.874989 0.268842 0.892070 0.268842 0.892070 0.228863
3 0.892070 0.279315 0.820050 0.279315 0.802969 0.268901 0.874989 0.268901
1 0.872102 0.279315 0.840103 0.279315 0.840103 0.268901 0.872102 0.268901
3 0.820050 0.279315 0.820050 0.682466 0.802969 0.672052 0.802969 0.268901
2 0.820050 0.301594 0.820050 0.332423 0.802969 0.332423 0.802969 0.301594
1 0.820050 0.338924 0.820050 0.356264 0.802969 0.356264 0.802969 0.338924
1 0.820050 0.362283 0.820050 0.422972 0.802969 0.422972 0.802969 0.362283
1 0.820050 0.504888 0.820050 0.521296 0.802969 0.521296 0.802969 0.504888
1 0.820050 0.560710 0.820050 0.578115 0.802969 0.578115 0.802969 0.560710
3 0.802969 0.672052 0.500364 0.672052 0.517446 0.682466 0.820050 0.682466
1 0.751236 0.672052 0.686020 0.672052 0.686020 0.682466 0.751236 0.682466
1 0.619557 0.672052 0.589118 0.672052 0.589118 0.682466 0.619557 0.682466
2 0.578556 0.672052 0.522348 0.672052 0.522348 0.682466 0.578556 0.682466
3 0.517446 0.682466 0.517446 0.788368 0.500364 0.777954 0.500364 0.672052
2 0.517446 0.729606 0.517446 0.758387 0.500364 0.758387 0.500364 0.729606
3 0.517446 0.788368 0.325766 0.788368 0.342848 0.777954 0.500364 0.777954
3 0.342848 0.777954 0.342848 0.671785 0.325766 0.682198 0.325766 0.788368
3 0.325766 0.682198 0.288091 0.682198 0.305172 0.671785 0.342848 0.671785
3 0.305172 0.671785 0.305172 0.140637 0.288091 0.130223 0.288091 0.682198
1 0.305172 0.630181 0.305172 0.583700 0.288091 0.583700 0.288091 0.630181
1 0.305172 0.543954 0.305172 0.500358 0.288091 0.500358 0.288091 0.543954
1 0.305172 0.435604 0.305172 0.384957 0.288091 0.384957 0.288091 0.435604
1 0.305172 0.350335 0.305172 0.292957 0.288091 0.292957 0.288091 0.350335
1 0.305172 0.265388 0.305172 0.225961 0.288091 0.225961 0.288091 0.265388
3 0.819617 0.268901 0.288091 0.268901 0.288091 0.272025 0.819617 0.272025
2 0.528195 0.268901 0.480829 0.268901 0.480829 0.272025 0.528195 0.272025
2 0.800304 0.268901 0.756126 0.268901 0.756126 0.272025 0.800304 0.272025
3 0.437699 0.130223 0.437699 0.272025 0.442824 0.272025 0.442824 0.130223
2 0.437699 0.144670 0.437699 0.172180 0.442824 0.172180 0.442824 0.144670
3 0.442824 0.210573 0.288091 0.210573 0.288091 0.207449 0.442824 0.207449
2 0.433708 0.210573 0.388044 0.210573 0.388044 0.207449 0.433708 0.207449
3 0.574793 0.130223 0.574793 0.272025 0.579917 0.272025 0.579917 0.130223
2 0.574793 0.225791 0.574793 0.254481 0.579917 0.254481 0.579917 0.225791
3 0.667395 0.130223 0.667395 0.272025 0.672520 0.272025 0.672520 0.130223
2 0.667395 0.163124 0.667395 0.186006 0.672520 0.186006 0.672520 0.163124
2 0.667395 0.227232 0.667395 0.253999 0.672520 0.253999 0.672520 0.227232
3 0.672520 0.201159 0.574793 0.201159 0.574793 0.198035 0.672520 0.198035
3 0.288091 0.468477 0.519911 0.468477 0.514787 0.465353 0.288091 0.465353
3 0.514787 0.682466 0.514787 0.468477 0.519911 0.468477 0.519911 0.682466
2 0.514787 0.603094 0.514787 0.575393 0.519911 0.575393 0.519911 0.603094
2 0.514787 0.565601 0.514787 0.537081 0.519911 0.537081 0.519911 0.565601
3 0.288091 0.572592 0.519911 0.572592 0.519911 0.569468 0.288091 0.569468
3 0.820050 0.528822 0.630233 0.528822 0.625108 0.525698 0.820050 0.525698
3 0.630233 0.528822 0.630233 0.682466 0.625108 0.682466 0.625108 0.525698
2 0.630233 0.641057 0.630233 0.669782 0.625108 0.669782 0.625108 0.641057
3 0.649221 0.528822 0.649221 0.471910 0.644097 0.468786 0.644097 0.528822
2 0.649221 0.523511 0.649221 0.494838 0.644097 0.494838 0.644097 0.523511
3 0.649221 0.471910 0.820050 0.471910 0.820050 0.468786 0.644097 0.468786
3 0.509435 0.672052 0.329217 0.671785 0.329200 0.676158 0.509417 0.676426
3 0.519911 0.468477 0.519911 0.440439 0.514787 0.440439 0.514787 0.465353
3 0.288091 0.679970 0.172042 0.679970 0.160893 0.673669 0.288091 0.673669
3 0.172042 0.679970 0.172042 0.992096 0.160893 1.000000 0.160893 0.673669
3 0.172042 0.992096 0.515111 0.992096 0.515111 1.000000 0.160893 1.000000
3 0.325869 0.788306 0.160893 0.788306 0.160893 0.781297 0.325869 0.781297
2 0.253206 0.788306 0.209489 0.788306 0.209489 0.781297 0.253206 0.781297
