0 0.784092 0.922675 0.784092 1.000000 0.874117 1.000000 0.874117 0.923496 0.784192 0.923496 0.784092 0.922675
0 0.397626 0.771325 0.397626 0.907441 0.451261 0.907441 0.451261 0.771295 0.397626 0.771325 0.397626 0.771325
0 0.766968 0.190270 0.784326 0.190270 0.784326 0.171318 0.986547 0.171318 0.986547 0.408505 0.978865 0.408505 0.978865 0.434992 0.986547 0.434992 0.986547 0.673898 0.960585 0.673898 0.960585 0.674308 0.784451 0.674764 0.784451 0.654340 0.767197 0.654340 0.767197 0.674764 0.530130 0.674764 0.530130 0.171318 0.766968 0.171318
0 0.327939 0.192704 0.345711 0.192704 0.345711 0.171318 0.508706 0.171318 0.508706 0.541814 0.525332 0.541814 0.525332 0.609902 0.508706 0.609902 0.508706 0.674764 0.344834 0.674764 0.344834 0.651861 0.328198 0.651861 0.328198 0.674764 0.201015 0.674764 0.201015 0.503767 0.298459 0.503767 0.298459 0.494806 0.264988 0.494806 0.264988 0.171318 0.327939 0.171318
0 0.259009 0.433842 0.195037 0.433842 0.194807 0.495090 0.195037 0.494806 0.195037 0.674764 0.099965 0.674764 0.099965 0.674741 0.079801 0.674741 0.079801 0.171392 0.259009 0.171318
0 0.784471 0.694926 0.960585 0.694179 0.960585 0.908532 0.871935 0.908532 0.871935 0.825367 0.787540 0.825367 0.787540 0.908532 0.696818 0.908532 0.696818 0.694926 0.784451 0.694926 0.784451 0.674764
0 0.318916 0.896240 0.201015 0.896240 0.201015 0.697913 0.318916 0.697913
0 0.195037 0.896240 0.099965 0.896240 0.099965 0.697913 0.195037 0.697913
0 0.387662 0.896240 0.324895 0.896240 0.324895 0.789590 0.387662 0.789590
0 0.866454 0.908532 0.793519 0.908532 0.793519 0.837457 0.866454 0.837457
0 0.387662 0.780630 0.324895 0.780630 0.324895 0.697913 0.387662 0.697913
0 0.259009 0.442803 0.259009 0.494806 0.201015 0.494806 0.201015 0.442803
3 0.079801 0.171392 0.079801 0.674741 0.066349 0.694904 0.066349 0.151230
1 0.079801 0.508897 0.079801 0.601665 0.066349 0.601665 0.066349 0.508897
3 0.066349 0.694904 0.086512 0.694904 0.099965 0.674741 0.079801 0.674741
3 0.099965 0.674741 0.099965 0.896240 0.086512 0.901467 0.086512 0.694904
1 0.099965 0.748841 0.099965 0.842527 0.086512 0.842527 0.086512 0.748841
3 0.099965 0.896240 0.244745 0.896240 0.244745 0.901467 0.086512 0.901467
3 0.244745 0.896240 0.288215 0.896240 0.288215 0.902961 0.244745 0.902961
3 0.288215 0.896240 0.387662 0.896240 0.397626 0.907441 0.288215 0.907441
3 0.397626 0.907441 0.397626 0.789590 0.387662 0.789590 0.387662 0.896240
2 0.397626 0.867364 0.397626 0.793571 0.387662 0.793571 0.387662 0.867364
3 0.397626 0.789590 0.397626 0.694179 0.387662 0.674764 0.387662 0.789590
1 0.397626 0.771019 0.397626 0.719203 0.387662 0.719203 0.387662 0.771019
3 0.397626 0.694179 0.686853 0.694179 0.696818 0.674764 0.387662 0.674764
1 0.602677 0.694179 0.664134 0.694179 0.664134 0.674764 0.602677 0.674764
1 0.440454 0.694179 0.503291 0.694179 0.503291 0.674764 0.440454 0.674764
3 0.686853 0.694179 0.686853 0.923466 0.696818 0.908532 0.696818 0.674764
1 0.686853 0.778964 0.686853 0.874629 0.696818 0.874629 0.696818 0.778964
3 0.686853 0.923466 0.970549 0.923466 0.960585 0.908532 0.696818 0.908532
1 0.886887 0.923466 0.949185 0.923466 0.949185 0.908532 0.886887 0.908532
1 0.709074 0.923466 0.771791 0.923466 0.771791 0.908532 0.709074 0.908532
2 0.805058 0.923466 0.853575 0.923466 0.853575 0.908532 0.805058 0.908532
3 0.960585 0.908532 0.960585 0.673898 0.970549 0.694060 0.970549 0.923466
1 0.960585 0.874263 0.960585 0.776903 0.970549 0.776903 0.970549 0.874263
3 0.970549 0.694060 1.000000 0.694060 0.986547 0.673898 0.960585 0.673898
3 1.000000 0.694060 1.000000 0.434992 0.986547 0.434992 0.986547 0.673898
1 1.000000 0.600941 1.000000 0.507202 0.986547 0.507202 0.986547 0.600941
3 1.000000 0.434992 1.000000 0.408505 0.978865 0.408505 0.978865 0.434992
3 1.000000 0.408505 1.000000 0.151156 0.986547 0.171318 0.986547 0.408505
3 0.986547 0.171318 0.784326 0.171318 0.784326 0.151156 1.000000 0.151156
1 0.923397 0.171318 0.860735 0.171318 0.860735 0.151156 0.923397 0.151156
3 0.784326 0.190270 0.766968 0.190270 0.766968 0.151156 0.784326 0.151156
3 0.686853 0.674764 0.767197 0.674764 0.767197 0.694926 0.686853 0.694926
3 0.767197 0.654340 0.784451 0.654340 0.784451 0.694926 0.767197 0.694926
3 0.784451 0.674764 0.970549 0.673898 0.970589 0.694060 0.784471 0.694926
2 0.807444 0.674659 0.852414 0.674450 0.852454 0.694612 0.807489 0.694821
3 0.793519 0.923466 0.793519 0.837457 0.787540 0.825367 0.787540 0.923466
3 0.787540 0.825367 0.871935 0.825367 0.866454 0.837457 0.793519 0.837457
2 0.807913 0.825367 0.851896 0.825367 0.851896 0.837457 0.807913 0.837457
3 0.871935 0.825367 0.871935 0.908532 0.866454 0.908532 0.866454 0.837457
3 0.530130 0.694179 0.530130 0.609902 0.508706 0.609902 0.508706 0.694179
3 0.530130 0.609902 0.530130 0.541814 0.525332 0.541814 0.525332 0.609902
2 0.530130 0.605630 0.530130 0.544786 0.525332 0.544786 0.525332 0.605630
3 0.530130 0.541814 0.530130 0.151185 0.508706 0.151185 0.508706 0.541814
3 0.397626 0.674764 0.344834 0.674764 0.344834 0.697913 0.397626 0.697913
3 0.344834 0.651861 0.328198 0.651861 0.328198 0.697913 0.344834 0.697913
3 0.328198 0.674764 0.086512 0.674741 0.086512 0.697890 0.328193 0.697913
2 0.269910 0.674756 0.224696 0.674756 0.224696 0.697905 0.269910 0.697905
3 0.318916 0.674764 0.318916 0.907441 0.324895 0.907441 0.324895 0.674764
2 0.318916 0.725751 0.318916 0.778031 0.324895 0.778031 0.324895 0.725751
2 0.318916 0.794892 0.318916 0.866042 0.324895 0.866042 0.324895 0.794892
3 0.397626 0.789590 0.318916 0.789590 0.318916 0.780630 0.397626 0.780630
3 0.201015 0.901467 0.201015 0.503767 0.195037 0.494806 0.195037 0.901467
1 0.201015 0.533144 0.201015 0.506351 0.195037 0.506351 0.195037 0.533144
1 0.201015 0.673308 0.201015 0.602524 0.195037 0.602524 0.195037 0.673308
2 0.201015 0.597364 0.201015 0.537737 0.195037 0.537737 0.195037 0.597364
2 0.201015 0.831468 0.201015 0.763701 0.195037 0.763701 0.195037 0.831468
3 0.195037 0.503767 0.259009 0.503767 0.259009 0.494806 0.201015 0.494806
3 0.264988 0.503767 0.264988 0.151215 0.259009 0.151215 0.259009 0.494806
3 0.201015 0.494806 0.201015 0.442803 0.195037 0.433842 0.195037 0.503767
2 0.201015 0.490871 0.201015 0.445484 0.195037 0.445484 0.195037 0.490871
3 0.195037 0.433842 0.264988 0.433842 0.264988 0.442803 0.201015 0.442803
3 0.259009 0.494806 0.298459 0.494806 0.298459 0.503767 0.259009 0.503767
3 0.766968 0.171318 0.345711 0.171318 0.345711 0.151156 0.766968 0.151156
1 0.414212 0.171318 0.351984 0.171318 0.351984 0.151156 0.414212 0.151156
1 0.596215 0.171318 0.535063 0.171318 0.535063 0.151156 0.596215 0.151156
1 0.760686 0.171318 0.697909 0.171318 0.697909 0.151156 0.760686 0.151156
3 0.345711 0.192704 0.327939 0.192704 0.327939 0.151156 0.345711 0.151156
3 0.327939 0.171318 0.079801 0.171392 0.066349 0.151230 0.327934 0.151156
1 0.228876 0.171348 0.166025 0.171362 0.166025 0.151200 0.228876 0.151185
