0 0.386965 0.604240 0.275019 0.604240 0.275019 0.652899 0.165103 0.652899 0.165103 0.351196 0.386965 0.351196
0 0.493374 0.434069 0.386965 0.434069 0.386965 0.376599 0.395236 0.376599 0.395236 0.351196 0.493374 0.351196
0 0.810526 0.473867 0.810494 0.473867 0.810494 0.616408 0.610571 0.616408 0.610571 0.625109 0.493470 0.625109 0.493470 0.751686 0.485410 0.751686 0.395312 0.751139 0.395312 0.536878 0.501811 0.536878 0.501811 0.351196 0.810526 0.351196
0 0.610571 0.625423 0.810494 0.625423 0.810494 0.888293 0.493470 0.888293 0.493470 0.625109 0.610571 0.625109
0 0.485410 0.751686 0.485410 0.888293 0.351404 0.888293 0.351404 0.761993 0.395312 0.761993 0.395312 0.751139
0 0.447658 0.328282 0.954361 0.328282 0.954361 0.182011 0.961125 0.182011 0.961125 0.039754 0.447658 0.039886 0.447658 0.328282 0.447658 0.328282
0 0.835358 0.912024 0.835358 1.000000 0.931369 1.000000 0.931369 0.911586 0.835358 0.912024
0 0.369983 0.994956 0.496625 0.994744 0.496625 0.911659 0.370321 0.911659 0.370321 0.996664 0.369983 0.994956
0 0.037829 0.912221 0.037829 0.996357 0.131241 0.996357 0.131241 0.911798 0.037829 0.912221 0.037829 0.912221
0 0.386965 0.751044 0.342980 0.751044 0.342980 0.888293 0.164605 0.888293 0.164605 0.662827 0.282804 0.662827 0.282804 0.613138 0.386965 0.613138
0 0.955715 0.888293 0.817092 0.888293 0.817092 0.625423 0.955715 0.625423
0 0.144327 0.888548 0.048475 0.888548 0.048341 0.656359 0.144327 0.656359
0 0.949118 0.486306 0.949118 0.616408 0.817092 0.616408 0.817092 0.486291 0.953838 0.486291
0 0.953838 0.473867 0.821824 0.473867 0.821824 0.357313 0.953838 0.357313
0 0.493374 0.527235 0.395312 0.527235 0.395312 0.443340 0.493374 0.443340
3 0.030790 0.912206 0.144372 0.912206 0.144372 0.888548 0.048475 0.888548
2 0.052250 0.912206 0.109711 0.912206 0.109711 0.888548 0.052250 0.888548
3 0.144372 0.912097 0.973771 0.912097 0.955715 0.888293 0.144372 0.888293
2 0.395683 0.912097 0.452704 0.912097 0.452704 0.888293 0.395683 0.888293
2 0.858586 0.912097 0.908907 0.912097 0.908907 0.888293 0.858586 0.888293
1 0.459812 0.912097 0.485506 0.912097 0.485506 0.888293 0.459812 0.888293
1 0.516571 0.912097 0.573713 0.912097 0.573713 0.888293 0.516571 0.888293
1 0.577928 0.912097 0.636220 0.912097 0.636220 0.888293 0.577928 0.888293
1 0.226607 0.912097 0.294543 0.912097 0.294543 0.888293 0.226607 0.888293
1 0.298835 0.912097 0.322434 0.912097 0.322434 0.888293 0.298835 0.888293
3 0.973771 0.912097 0.973771 0.621576 0.955715 0.621576 0.955715 0.888293
3 0.973822 0.327990 0.810615 0.327990 0.810615 0.357313 0.953838 0.357313
1 0.867470 0.327990 0.828351 0.327990 0.828351 0.357313 0.867470 0.357313
3 0.810615 0.328282 0.144953 0.328282 0.165103 0.351196 0.810615 0.351196
2 0.599681 0.328282 0.548191 0.328282 0.548191 0.351196 0.599681 0.351196
1 0.682626 0.328282 0.607843 0.328282 0.607843 0.351196 0.682626 0.351196
1 0.763156 0.328282 0.688374 0.328282 0.688374 0.351196 0.763156 0.351196
1 0.333259 0.328282 0.265764 0.328282 0.265764 0.351196 0.333259 0.351196
1 0.365091 0.328282 0.337864 0.328282 0.337864 0.351196 0.365091 0.351196
3 0.144953 0.328282 0.144953 0.636117 0.165103 0.656359 0.165103 0.351196
3 0.144953 0.636117 0.030624 0.636117 0.048341 0.656359 0.165103 0.656359
3 0.030624 0.636117 0.030790 0.912206 0.048475 0.888548 0.048341 0.656359
3 0.953838 0.357313 0.953838 0.486306 0.973822 0.486306 0.973822 0.327990
3 0.973771 0.621576 0.973771 0.486306 0.949118 0.486306 0.949118 0.621576
3 0.144327 0.636117 0.144327 0.908506 0.164605 0.908506 0.164605 0.636117
3 0.810526 0.328282 0.810526 0.486291 0.821824 0.473867 0.821824 0.328282
3 0.810526 0.486291 0.973771 0.486291 0.973771 0.473867 0.821824 0.473867
2 0.829865 0.486291 0.883290 0.486291 0.883290 0.473867 0.829865 0.473867
3 0.810494 0.473867 0.810494 0.912097 0.817092 0.912097 0.817092 0.473867
2 0.810494 0.690464 0.810494 0.753460 0.817092 0.753460 0.817092 0.690464
3 0.610571 0.625423 0.973771 0.625423 0.973771 0.616408 0.610571 0.616408
2 0.827495 0.625423 0.882951 0.625423 0.882951 0.616408 0.827495 0.616408
3 0.386965 0.328282 0.386965 0.376599 0.395236 0.376599 0.395236 0.328282
3 0.386965 0.434069 0.386965 0.751044 0.395312 0.761993 0.395312 0.443340
2 0.386965 0.680667 0.386965 0.744094 0.395312 0.744094 0.395312 0.680667
2 0.386965 0.539243 0.386965 0.600291 0.395312 0.600291 0.395312 0.539243
3 0.386965 0.751044 0.342980 0.751044 0.351404 0.761993 0.395312 0.761993
3 0.342980 0.751044 0.342980 0.912097 0.351404 0.912097 0.351404 0.761993
3 0.144327 0.662827 0.282804 0.662827 0.275019 0.652899 0.144327 0.652899
3 0.282804 0.662827 0.282804 0.613138 0.275019 0.604240 0.275019 0.652899
3 0.282804 0.613138 0.395312 0.613138 0.395312 0.604240 0.275019 0.604240
3 0.386965 0.536878 0.501811 0.536878 0.493374 0.527235 0.386965 0.527235
2 0.435383 0.536878 0.488501 0.536878 0.488501 0.527235 0.435383 0.527235
3 0.501811 0.536878 0.501811 0.328282 0.493374 0.328282 0.493374 0.527235
3 0.395312 0.443340 0.501811 0.443340 0.501811 0.434069 0.386965 0.434069
3 0.485410 0.751686 0.485410 0.912097 0.493470 0.912097 0.493470 0.751686
3 0.973771 0.357313 0.973771 0.181850 0.953697 0.181850 0.953697 0.357313
3 0.973771 0.181850 0.973771 0.034192 0.961904 0.034192 0.961904 0.181850
