0 0.081567 0.971490 0.952960 0.971490 0.952509 0.776096 0.081567 0.776096 0.081567 0.971490 0.081567 0.971490
0 0.097835 0.759939 0.952509 0.759939 0.952509 0.085803 0.097835 0.085803 0.097835 0.759939 0.097835 0.759939
3 0.081567 0.085803 0.968777 0.085803 0.968777 0.069647 0.081567 0.069647
1 0.309811 0.085803 0.386698 0.085803 0.386698 0.069647 0.309811 0.069647
3 0.952509 0.085803 0.952509 0.776096 0.968777 0.776096 0.968777 0.085803
1 0.952509 0.310242 0.952509 0.529846 0.968777 0.529846 0.968777 0.310242
3 0.952509 0.759939 0.081567 0.759939 0.097835 0.776096 0.968777 0.776096
2 0.839019 0.759939 0.708847 0.759939 0.708847 0.776096 0.839019 0.776096
1 0.555300 0.759939 0.335227 0.759939 0.335227 0.776096 0.555300 0.776096
3 0.081567 0.776096 0.081567 0.069647 0.097835 0.085803 0.097835 0.759939
1 0.081567 0.616060 0.081567 0.396344 0.097835 0.396344 0.097835 0.616060
3 0.968777 0.085803 0.968777 0.042131 0.952509 0.042131 0.952509 0.069647
3 0.081567 0.085803 0.081567 0.042131 0.097835 0.042131 0.097835 0.085803
3 0.081567 0.085803 0.054086 0.085803 0.054086 0.069647 0.081567 0.069647
3 0.081567 0.776096 0.054086 0.776096 0.054086 0.759939 0.081567 0.759939
3 0.081567 0.759939 0.081567 0.816263 0.097835 0.816263 0.097835 0.776096
3 0.968777 0.776096 0.968777 0.803438 0.952509 0.803438 0.952509 0.776096
3 0.952509 0.776096 1.000000 0.776096 1.000000 0.759939 0.968777 0.759939
3 0.968777 0.085803 1.000000 0.085803 1.000000 0.069647 0.968777 0.069647
3 0.081567 0.932727 0.081567 1.000000 0.097835 1.000000 0.097835 0.932727
3 0.968777 0.921753 0.968777 0.992257 0.952509 0.992257 0.952509 0.921753
3 0.054086 0.971490 0.124027 0.971490 0.124027 0.959062 0.054086 0.959062
3 0.329145 0.971490 0.395958 0.971490 0.395958 0.959062 0.329145 0.959062
3 0.604280 0.971490 0.674621 0.971490 0.674621 0.959062 0.604280 0.959062
3 0.926204 0.971490 0.995345 0.971490 0.995345 0.959062 0.926204 0.959062
3 0.627669 0.933448 0.627669 0.999130 0.645188 0.999130 0.645188 0.933448
3 0.354173 0.932143 0.354173 0.999814 0.371693 0.999814 0.371693 0.932143
3 0.531548 0.085803 0.531548 0.053080 0.517782 0.053080 0.517782 0.085803
