0 0.213546 0.827098 0.213546 0.982941 0.355073 0.982941 0.354875 0.827098 0.213546 0.827098 0.213546 0.827098
0 0.540476 0.245545 0.540476 0.048760 0.779222 0.048760 0.779222 0.245545 0.540476 0.245545 0.540476 0.245545
0 0.368401 0.525012 0.368401 0.582342 0.363164 0.582342 0.363164 0.537432 0.262909 0.537432 0.262909 0.582327 0.257672 0.582327 0.257672 0.525012
0 0.528133 0.524815 0.408678 0.524815 0.408678 0.539426 0.528133 0.539426 0.528133 0.881111 0.368341 0.881111 0.368341 0.669121 0.256576 0.669121 0.256576 0.727547 0.207561 0.727547 0.207561 0.251142 0.282505 0.251142 0.282505 0.132544 0.528133 0.132544
0 0.779222 0.881111 0.658222 0.881111 0.658222 0.466499 0.779222 0.466499
0 0.201951 0.880190 0.049258 0.880190 0.049258 0.632511 0.201951 0.632511
0 0.201951 0.372727 0.049258 0.372727 0.048985 0.132544 0.201951 0.132544
0 0.201951 0.618630 0.049258 0.618630 0.049258 0.385147 0.201951 0.385147
0 0.652985 0.668150 0.534492 0.668150 0.534492 0.583021 0.557177 0.583021 0.557177 0.466499 0.652985 0.466499
0 0.726792 0.456270 0.617892 0.456270 0.617892 0.273308 0.726792 0.273308
0 0.652985 0.881111 0.579029 0.881111 0.579029 0.679109 0.652985 0.679109
0 0.611160 0.456270 0.535614 0.456270 0.535614 0.273308 0.611160 0.273308
0 0.362356 0.806641 0.262187 0.806641 0.262187 0.682272 0.362356 0.682272
0 0.573419 0.881111 0.534492 0.881111 0.534492 0.679109 0.573419 0.679109
0 0.779222 0.456270 0.732403 0.456270 0.732403 0.273308 0.779222 0.273308
0 0.276894 0.240183 0.207561 0.240183 0.207561 0.132544 0.276894 0.132544
0 0.256576 0.806641 0.207561 0.806641 0.207561 0.738506 0.256576 0.738506
3 0.050470 0.104051 0.540476 0.104051 0.528133 0.132544 0.036256 0.132544
1 0.097779 0.104051 0.118352 0.104051 0.118352 0.132544 0.097779 0.132544
1 0.118352 0.104051 0.158550 0.104051 0.158550 0.132544 0.118352 0.132544
1 0.229447 0.104051 0.249069 0.104051 0.249069 0.132544 0.229447 0.132544
1 0.305090 0.104051 0.351299 0.104051 0.351299 0.132544 0.305090 0.132544
1 0.359685 0.104051 0.402256 0.104051 0.402256 0.132544 0.359685 0.132544
1 0.408902 0.104051 0.454323 0.104051 0.454323 0.132544 0.408902 0.132544
1 0.461126 0.104051 0.507968 0.104051 0.507968 0.132544 0.461126 0.132544
3 0.540476 0.104051 0.540476 0.245545 0.528133 0.273308 0.528133 0.132544
2 0.540476 0.174802 0.540476 0.239079 0.528133 0.239079 0.528133 0.174802
3 0.540476 0.245545 0.792687 0.245545 0.779222 0.273308 0.528133 0.273308
2 0.691938 0.245545 0.724873 0.245545 0.724873 0.273308 0.691938 0.273308
1 0.591945 0.245545 0.610404 0.245545 0.610404 0.273308 0.591945 0.273308
1 0.617979 0.245545 0.638136 0.245545 0.638136 0.273308 0.617979 0.273308
1 0.638136 0.245545 0.682359 0.245545 0.682359 0.273308 0.638136 0.273308
1 0.733248 0.245545 0.752822 0.245545 0.752822 0.273308 0.733248 0.273308
3 0.792687 0.245545 0.792687 0.904490 0.779222 0.904490 0.779222 0.273308
1 0.792687 0.276340 0.792687 0.359386 0.779222 0.359386 0.779222 0.276340
1 0.792687 0.371989 0.792687 0.451770 0.779222 0.451770 0.779222 0.371989
1 0.792687 0.470407 0.792687 0.563310 0.779222 0.563310 0.779222 0.470407
1 0.792687 0.573881 0.792687 0.669048 0.779222 0.669048 0.779222 0.573881
1 0.792687 0.684157 0.792687 0.779324 0.779222 0.779324 0.779222 0.684157
1 0.792687 0.791408 0.792687 0.878268 0.779222 0.878268 0.779222 0.791408
3 0.792687 0.904490 0.354875 0.904490 0.368341 0.881111 0.779222 0.881111
2 0.614545 0.904490 0.582699 0.904490 0.582699 0.881111 0.614545 0.881111
2 0.762281 0.904490 0.664487 0.904490 0.664487 0.881111 0.762281 0.881111
1 0.486756 0.904490 0.396016 0.904490 0.396016 0.881111 0.486756 0.881111
1 0.501733 0.904490 0.486756 0.904490 0.486756 0.881111 0.501733 0.881111
3 0.354875 0.904490 0.354875 0.827098 0.368341 0.806641 0.368341 0.881111
3 0.354875 0.827098 0.213546 0.827098 0.201951 0.806641 0.368341 0.806641
2 0.252563 0.827098 0.217283 0.827098 0.217283 0.806641 0.252563 0.806641
1 0.353375 0.827098 0.264061 0.827098 0.264061 0.806641 0.353375 0.806641
3 0.213546 0.827098 0.213546 0.904300 0.201951 0.880190 0.201951 0.806641
3 0.213546 0.904300 0.050762 0.904300 0.036548 0.880190 0.201951 0.880190
1 0.135292 0.904300 0.094734 0.904300 0.094734 0.880190 0.135292 0.880190
1 0.157234 0.904300 0.135292 0.904300 0.135292 0.880190 0.157234 0.880190
3 0.036548 0.904300 0.036256 0.104051 0.048985 0.132544 0.049258 0.880190
1 0.036372 0.426813 0.036361 0.389859 0.049078 0.389845 0.049090 0.426791
1 0.036428 0.579127 0.036372 0.426813 0.049090 0.426791 0.049146 0.579112
1 0.036439 0.609322 0.036428 0.579127 0.049146 0.579112 0.049157 0.609300
3 0.036256 0.132544 0.036256 0.091602 0.050470 0.091602 0.050470 0.104051
3 0.036548 0.880190 0.036548 0.915163 0.050762 0.915163 0.050762 0.904300
3 0.792687 0.904490 0.792687 0.919247 0.778474 0.919247 0.778474 0.904490
3 0.528133 0.273308 0.528133 0.466499 0.535614 0.456270 0.535614 0.273308
3 0.528133 0.456270 0.528133 0.583021 0.557177 0.583021 0.557177 0.456270
3 0.528133 0.583021 0.528133 0.904490 0.534492 0.904490 0.534492 0.583021
2 0.528133 0.596201 0.528133 0.662911 0.534492 0.662911 0.534492 0.596201
3 0.535614 0.456270 0.792687 0.456270 0.792687 0.466499 0.528133 0.466499
2 0.621584 0.456270 0.651179 0.456270 0.651179 0.466499 0.621584 0.466499
3 0.658222 0.456270 0.658222 0.904490 0.652985 0.904490 0.652985 0.456270
2 0.658222 0.614005 0.658222 0.662371 0.652985 0.662371 0.652985 0.614005
3 0.579029 0.904490 0.579029 0.668150 0.573419 0.679109 0.573419 0.904490
3 0.573419 0.668150 0.658222 0.668150 0.658222 0.679109 0.573419 0.679109
3 0.579029 0.668150 0.528133 0.668150 0.528133 0.679109 0.573419 0.679109
2 0.570422 0.668150 0.538423 0.668150 0.538423 0.679109 0.570422 0.679109
3 0.617892 0.466499 0.617892 0.245545 0.611160 0.245545 0.611160 0.466499
2 0.617892 0.451039 0.617892 0.400526 0.611160 0.400526 0.611160 0.451039
3 0.732403 0.466499 0.732403 0.245545 0.726792 0.245545 0.726792 0.466499
2 0.732403 0.452245 0.732403 0.400658 0.726792 0.400658 0.726792 0.452245
3 0.368341 0.806641 0.368341 0.669121 0.362356 0.682272 0.362356 0.806641
3 0.368341 0.669121 0.256576 0.669121 0.262187 0.682272 0.362356 0.682272
2 0.319749 0.669121 0.294415 0.669121 0.294415 0.682272 0.319749 0.682272
3 0.256576 0.669121 0.256576 0.827098 0.262187 0.827098 0.262187 0.682272
3 0.201951 0.806641 0.201951 0.104051 0.207561 0.104051 0.207561 0.806641
2 0.201951 0.710480 0.201951 0.645954 0.207561 0.645954 0.207561 0.710480
2 0.201951 0.538944 0.201951 0.474448 0.207561 0.474448 0.207561 0.538944
2 0.201951 0.354038 0.201951 0.288321 0.207561 0.288321 0.207561 0.354038
3 0.201951 0.738506 0.262187 0.738506 0.262187 0.727547 0.201951 0.727547
2 0.219688 0.738506 0.252881 0.738506 0.252881 0.727547 0.219688 0.727547
3 0.036447 0.632511 0.207561 0.632511 0.207561 0.618630 0.036447 0.618630
3 0.036357 0.385147 0.207561 0.385147 0.207561 0.372727 0.036357 0.372727
3 0.257672 0.582327 0.257672 0.525012 0.262909 0.537432 0.262909 0.582327
3 0.257672 0.525012 0.368401 0.525012 0.363164 0.537432 0.262909 0.537432
3 0.368401 0.525012 0.368401 0.582342 0.363164 0.582342 0.363164 0.537432
3 0.201951 0.251142 0.282505 0.251142 0.276894 0.240183 0.201951 0.240183
2 0.235170 0.251142 0.256326 0.251142 0.256326 0.240183 0.235170 0.240183
3 0.282505 0.251142 0.282505 0.104051 0.276894 0.104051 0.276894 0.240183
3 0.408678 0.524815 0.557177 0.524815 0.557177 0.539426 0.408678 0.539426
0 0.940001 0.457790 0.822323 0.457790 0.822323 0.379653 0.814094 0.379653 0.827560 0.379609 0.827466 0.272139 0.940001 0.272139
0 0.940001 0.672183 0.826438 0.672183 0.826438 0.583364 0.850447 0.583364 0.850447 0.478977 0.940001 0.478977
0 0.902178 0.884983 0.826438 0.884983 0.826438 0.686064 0.902178 0.686064
0 0.943368 0.890097 0.907415 0.890097 0.907415 0.686064 0.943368 0.686064
3 0.813982 0.246568 0.950849 0.246568 0.940001 0.272139 0.827466 0.272139
3 0.950849 0.246568 0.950849 0.686064 0.940001 0.686064 0.940001 0.272139
3 0.950849 0.686064 0.950849 0.909823 0.943368 0.890097 0.943368 0.686064
3 0.950849 0.909823 0.907415 0.909823 0.907415 0.890097 0.943368 0.890097
3 0.907415 0.909823 0.814094 0.909823 0.826438 0.884983 0.907415 0.884983
3 0.814094 0.909823 0.814094 0.583364 0.826438 0.583364 0.826438 0.884983
3 0.814094 0.583364 0.814094 0.457790 0.850447 0.457790 0.850447 0.583364
3 0.814094 0.457790 0.814094 0.379653 0.822323 0.379653 0.822323 0.457790
3 0.814094 0.379653 0.813982 0.246568 0.827466 0.272139 0.827560 0.379609
3 0.814094 0.457790 0.950849 0.457790 0.950849 0.478977 0.814094 0.478977
2 0.910904 0.457790 0.937510 0.457790 0.937510 0.478977 0.910904 0.478977
3 0.950849 0.686064 0.814094 0.686064 0.814094 0.672183 0.950849 0.672183
2 0.899159 0.686064 0.870575 0.686064 0.870575 0.672183 0.899159 0.672183
2 0.938475 0.686064 0.912517 0.686064 0.912517 0.672183 0.938475 0.672183
3 0.907343 0.672183 0.907415 0.909823 0.902178 0.909823 0.902107 0.672183
