0 0.780468 0.055926 0.939725 0.055926 0.939725 0.355492 0.771231 0.355492 0.771231 0.323560 0.780468 0.323644 0.780468 0.055926 0.780468 0.055926
0 0.544999 0.664589 0.371870 0.664589 0.371870 0.363487 0.461986 0.363487 0.461986 0.354549 0.544999 0.354549
0 0.544999 0.354549 0.461986 0.354549 0.461986 0.349299 0.157754 0.349299 0.157754 0.051719 0.544999 0.051719
0 0.443849 0.984143 0.050424 0.984143 0.050424 0.673769 0.443849 0.673769
0 0.756116 0.481481 0.554236 0.481481 0.554236 0.051719 0.756116 0.051719
0 0.362633 0.664589 0.050424 0.664589 0.050424 0.363487 0.362633 0.363487
0 0.756116 0.664589 0.554236 0.664589 0.554236 0.490661 0.756116 0.490661
3 0.157754 0.363487 0.157754 0.051719 0.135083 0.022509 0.135083 0.336780
1 0.157754 0.220773 0.157754 0.069362 0.135083 0.069362 0.135083 0.220773
3 0.157754 0.051719 0.756116 0.051719 0.780468 0.022509 0.135083 0.022509
1 0.224393 0.051719 0.298387 0.051719 0.298387 0.022509 0.224393 0.022509
1 0.620782 0.051719 0.698950 0.051719 0.698950 0.022509 0.620782 0.022509
3 0.756116 0.051719 0.756116 0.355492 0.780468 0.323644 0.780468 0.022509
1 0.756116 0.085153 0.756116 0.155275 0.780468 0.155275 0.780468 0.085153
2 0.756116 0.167618 0.756116 0.227082 0.780468 0.227082 0.780468 0.167618
3 0.756116 0.355492 0.756116 0.664589 0.771231 0.680446 0.771231 0.355492
3 0.756116 0.664589 0.443849 0.664589 0.459803 0.680446 0.771231 0.680446
2 0.539717 0.664589 0.463288 0.664589 0.463288 0.680446 0.539717 0.680446
1 0.050424 0.486396 0.050424 0.411684 0.026912 0.411684 0.026912 0.486396
1 0.050424 0.906026 0.050424 0.754206 0.026912 0.754206 0.026912 0.906026
3 0.050424 0.363487 0.157754 0.363487 0.135083 0.336780 0.026912 0.336780
3 0.756116 0.355492 0.939725 0.355492 0.929649 0.323644 0.780468 0.323644
3 0.939725 0.355492 0.939725 0.166266 0.929649 0.166266 0.929649 0.323644
3 0.157754 0.363487 0.461986 0.363487 0.461986 0.349299 0.157754 0.349299
3 0.443849 0.664589 0.026912 0.664589 0.026912 0.673769 0.443849 0.673769
2 0.438743 0.664589 0.372273 0.664589 0.372273 0.673769 0.438743 0.673769
3 0.362633 0.349299 0.362633 0.673769 0.371870 0.673769 0.371870 0.349299
2 0.362633 0.593040 0.362633 0.659105 0.371870 0.659105 0.371870 0.593040
3 0.544999 0.022509 0.544999 0.680446 0.554236 0.680446 0.554236 0.022509
2 0.544999 0.546603 0.544999 0.603472 0.554236 0.603472 0.554236 0.546603
2 0.544999 0.417677 0.544999 0.475830 0.554236 0.475830 0.554236 0.417677
2 0.544999 0.147722 0.544999 0.232699 0.554236 0.232699 0.554236 0.147722
3 0.544999 0.490661 0.771231 0.490661 0.771231 0.481481 0.544999 0.481481
