0 0.587453 0.901530 0.449022 0.901530 0.449022 0.850498 0.587453 0.850498
0 0.710348 0.681432 0.669396 0.681432 0.669396 0.709380 0.710348 0.709380 0.710348 0.709539 0.598442 0.709539 0.598203 0.600615 0.710348 0.600615
0 0.881219 0.757414 0.721338 0.757414 0.721338 0.647417 0.881219 0.647417
0 0.710348 0.765723 0.892179 0.765723 0.892179 0.901530 0.597084 0.901530 0.597084 0.717848 0.710348 0.717848
0 0.892179 0.637598 0.721338 0.637598 0.721338 0.592306 0.598203 0.592306 0.598203 0.255858 0.892179 0.255858
0 0.220075 0.230123 0.220564 0.064252 0.896175 0.064516 0.896175 0.230546 0.218396 0.230546 0.220075 0.230123
0 0.587213 0.592306 0.587193 0.592306 0.587453 0.647319 0.436034 0.647319 0.436034 0.649608 0.219795 0.649608 0.220654 0.255858 0.587213 0.255858
0 0.411806 0.648830 0.411806 0.743976 0.434825 0.743976 0.434825 0.843042 0.587113 0.843042 0.587113 0.647485 0.413085 0.647810 0.411806 0.648830
0 0.411806 0.648165 0.219206 0.648762 0.218746 0.903343 0.434855 0.903343 0.434855 0.744550 0.410378 0.744550 0.410378 0.648520 0.411806 0.648165
3 0.220564 0.230931 0.912160 0.230931 0.892179 0.255858 0.204579 0.255858
2 0.467724 0.230931 0.554044 0.230931 0.554044 0.255858 0.467724 0.255858
1 0.260078 0.230931 0.455655 0.230931 0.455655 0.255858 0.260078 0.255858
1 0.660285 0.230931 0.826290 0.230931 0.826290 0.255858 0.660285 0.255858
3 0.912160 0.230931 0.912160 0.925702 0.892179 0.901530 0.892179 0.255858
3 0.912160 0.925702 0.202481 0.925702 0.218656 0.901530 0.892179 0.901530
2 0.580029 0.925702 0.481761 0.925702 0.481761 0.901530 0.580029 0.901530
1 0.789175 0.925702 0.725494 0.925702 0.725494 0.901530 0.789175 0.901530
1 0.350693 0.925702 0.256721 0.925702 0.256721 0.901530 0.350693 0.901530
3 0.202481 0.925702 0.204579 0.231376 0.220684 0.231399 0.218656 0.901530
3 0.587453 0.925702 0.587453 0.709539 0.597084 0.717848 0.597084 0.925702
2 0.587453 0.835912 0.587453 0.769885 0.597084 0.769885 0.597084 0.835912
3 0.587453 0.709539 0.721338 0.709539 0.710348 0.717848 0.597084 0.717848
3 0.721338 0.717848 0.721338 0.647417 0.710348 0.647417 0.710348 0.717848
3 0.710348 0.637598 0.912160 0.637598 0.912160 0.647417 0.721338 0.647417
3 0.710348 0.717848 0.710348 0.765723 0.721338 0.757414 0.721338 0.709539
3 0.710348 0.765723 0.912160 0.765723 0.912160 0.757414 0.721338 0.757414
2 0.729710 0.765723 0.816279 0.765723 0.816279 0.757414 0.729710 0.757414
3 0.721338 0.647417 0.721338 0.592306 0.710348 0.600615 0.710348 0.647417
3 0.721338 0.592306 0.587193 0.592306 0.598203 0.600615 0.710348 0.600615
3 0.587193 0.592306 0.587453 0.714456 0.598442 0.714441 0.598203 0.600615
2 0.587333 0.657381 0.587433 0.706396 0.598422 0.706381 0.598322 0.657373
3 0.598203 0.592306 0.598203 0.230931 0.587213 0.230931 0.587213 0.592306
2 0.598203 0.585591 0.598203 0.522283 0.587213 0.522283 0.587213 0.585591
3 0.597084 0.842189 0.436034 0.842189 0.449022 0.850498 0.597084 0.850498
2 0.578341 0.842189 0.483669 0.842189 0.483669 0.850498 0.578341 0.850498
3 0.436034 0.842189 0.436034 0.925702 0.449022 0.925702 0.449022 0.850498
3 0.912160 0.255858 0.912160 0.059984 0.896175 0.059984 0.896175 0.255858
1 0.912160 0.229526 0.912160 0.071533 0.896175 0.071533 0.896175 0.229526
3 0.881219 0.647417 0.881219 0.757414 0.892209 0.757414 0.892209 0.647417
3 0.710348 0.681432 0.669396 0.681432 0.669396 0.709380 0.710348 0.709380
3 0.218656 0.901530 0.252485 0.901530 0.252485 0.878114 0.218656 0.878114
3 0.204579 0.255858 0.204579 0.059719 0.220564 0.070302 0.220564 0.230931
1 0.204579 0.229979 0.204579 0.069705 0.220564 0.069705 0.220564 0.229979
3 0.204579 0.059719 0.910891 0.059984 0.910881 0.070559 0.220564 0.070302
1 0.221014 0.059727 0.893927 0.059976 0.893927 0.070551 0.221014 0.070302
