0 0.827777 0.566745 0.827777 0.660711 0.552805 0.660711 0.552805 0.566745
0 0.827777 0.767134 0.552805 0.767134 0.552805 0.660711 0.827777 0.660711
0 0.553704 0.205620 0.553704 0.107667 0.089014 0.107667 0.089014 0.205620 0.553704 0.205620 0.553704 0.205620
0 0.534823 0.557796 0.357480 0.557796 0.357480 0.485828 0.099346 0.485828 0.099346 0.231654 0.534823 0.231654
0 0.827777 0.532705 0.781415 0.532705 0.781415 0.557796 0.534823 0.557796 0.534823 0.231654 0.827777 0.231654
0 0.357480 0.557796 0.356712 0.557796 0.357480 0.596334 0.339497 0.596334 0.339497 0.666162 0.099346 0.666162 0.099346 0.485828 0.357480 0.485828
0 0.534823 0.557796 0.534577 0.558105 0.534823 0.789661 0.099346 0.789661 0.099346 0.675111 0.357480 0.675111 0.357480 0.596334 0.356712 0.557796
0 0.827777 0.897483 0.552805 0.897483 0.552805 0.776083 0.827777 0.776083
0 0.534823 0.897483 0.302551 0.897483 0.302551 0.798610 0.534823 0.798610
0 0.284568 0.897483 0.099346 0.897483 0.099346 0.798610 0.284568 0.798610
3 0.061746 0.205620 0.865378 0.205620 0.827777 0.231654 0.099346 0.231654
2 0.402045 0.205620 0.533678 0.205620 0.533678 0.231654 0.402045 0.231654
1 0.134069 0.205620 0.199576 0.205620 0.199576 0.231654 0.134069 0.231654
1 0.199576 0.205620 0.380204 0.205620 0.380204 0.231654 0.199576 0.231654
1 0.584455 0.205620 0.732616 0.205620 0.732616 0.231654 0.584455 0.231654
3 0.865378 0.205620 0.865378 0.925738 0.827777 0.897483 0.827777 0.231654
3 0.865378 0.925738 0.061746 0.925738 0.099346 0.897483 0.827777 0.897483
2 0.519603 0.925738 0.370379 0.925738 0.370379 0.897483 0.519603 0.897483
1 0.712296 0.925738 0.652985 0.925738 0.652985 0.897483 0.712296 0.897483
1 0.652985 0.925738 0.561257 0.925738 0.561257 0.897483 0.652985 0.897483
3 0.061746 0.925738 0.061746 0.205620 0.099346 0.231654 0.099346 0.897483
3 0.552805 0.925738 0.552805 0.566745 0.534823 0.557796 0.534823 0.925738
2 0.552805 0.745428 0.552805 0.679586 0.534823 0.679586 0.534823 0.745428
3 0.552805 0.566745 0.781415 0.566745 0.781415 0.557796 0.534823 0.557796
3 0.781415 0.566745 0.865378 0.566745 0.865378 0.532705 0.781415 0.532705
3 0.552805 0.789661 0.061746 0.789661 0.061746 0.798610 0.552805 0.798610
2 0.520633 0.789661 0.372439 0.789661 0.372439 0.798610 0.520633 0.798610
2 0.218588 0.789661 0.104758 0.789661 0.104758 0.798610 0.218588 0.798610
3 0.284568 0.789661 0.284568 0.925738 0.302551 0.925738 0.302551 0.789661
3 0.061746 0.675111 0.357480 0.675111 0.339497 0.666162 0.061746 0.666162
3 0.357480 0.675111 0.357480 0.596334 0.339497 0.596334 0.339497 0.666162
3 0.534823 0.776083 0.865378 0.776083 0.865378 0.767134 0.534823 0.767134
2 0.571916 0.776083 0.672930 0.776083 0.672930 0.767134 0.571916 0.767134
