0 0.904529 0.257600 0.987800 0.257600 0.987800 0.853230 0.904529 0.853230 0.904529 0.257600
0 0.519359 0.876679 0.423702 0.876679 0.423702 0.552345 0.519359 0.552345
0 0.519359 0.552345 0.133844 0.552345 0.133844 0.162332 0.519359 0.162332
0 0.891611 0.876679 0.527971 0.876679 0.527971 0.568333 0.891611 0.568333
0 0.891611 0.552345 0.531559 0.552345 0.531559 0.257600 0.891611 0.257600
0 0.265880 0.735728 0.415807 0.735728 0.415807 0.876679 0.133844 0.876679 0.133844 0.568333 0.265880 0.568333
0 0.415807 0.725069 0.286125 0.725069 0.286125 0.568333 0.415807 0.568333
3 0.133844 0.162332 0.519359 0.162332 0.544477 0.120763 0.109444 0.120763
1 0.136808 0.162332 0.517149 0.162332 0.517149 0.120763 0.136808 0.120763
3 0.519359 0.162332 0.519359 0.257600 0.544477 0.220294 0.544477 0.120763
3 0.519359 0.257600 0.891611 0.257600 0.904529 0.220294 0.544477 0.220294
3 0.891611 0.257600 0.891611 0.876679 0.904529 0.899062 0.904529 0.220294
1 0.891611 0.260467 0.891611 0.449318 0.904529 0.449318 0.904529 0.260467
1 0.891611 0.660254 0.891611 0.846941 0.904529 0.846941 0.904529 0.660254
2 0.891611 0.570891 0.891611 0.653688 0.904529 0.653688 0.904529 0.570891
2 0.891611 0.455074 0.891611 0.538307 0.904529 0.538307 0.904529 0.455074
3 0.904529 0.899062 0.109444 0.899062 0.133844 0.876679 0.891611 0.876679
2 0.501224 0.899062 0.433261 0.899062 0.433261 0.876679 0.501224 0.876679
3 0.133844 0.876679 0.133844 0.162332 0.109444 0.120763 0.109444 0.899062
1 0.133844 0.810744 0.133844 0.570966 0.109444 0.570966 0.109444 0.810744
3 0.519359 0.257600 0.519359 0.568333 0.531559 0.568333 0.531559 0.257600
2 0.519359 0.467406 0.519359 0.547932 0.531559 0.547932 0.531559 0.467406
3 0.531559 0.552345 0.904529 0.552345 0.904529 0.568333 0.519359 0.568333
3 0.423702 0.552345 0.423702 0.899062 0.415807 0.899062 0.415807 0.568333
2 0.423702 0.739746 0.423702 0.811181 0.415807 0.811181 0.415807 0.739746
2 0.423702 0.586538 0.423702 0.659230 0.415807 0.659230 0.415807 0.586538
3 0.265880 0.552345 0.265880 0.735728 0.286125 0.725069 0.286125 0.568333
3 0.265880 0.735728 0.423702 0.735728 0.423702 0.725069 0.286125 0.725069
3 0.423702 0.552345 0.265880 0.552345 0.286125 0.568333 0.415807 0.568333
3 0.273774 0.552345 0.109444 0.552345 0.109444 0.568333 0.273774 0.568333
2 0.265306 0.552345 0.203192 0.552345 0.203192 0.568333 0.265306 0.568333
3 0.519359 0.568333 0.519359 0.899062 0.527971 0.899062 0.527971 0.568333
2 0.519359 0.572884 0.519359 0.650021 0.527971 0.650021 0.527971 0.572884
3 0.904529 0.899062 1.000000 0.899062 1.000000 0.853230 0.904529 0.853230
3 0.904529 0.220294 1.000000 0.220294 1.000000 0.257600 0.904529 0.257600
