0 0.142690 0.285934 0.023670 0.285934 0.023917 0.115884 0.142690 0.115884
0 0.050329 0.305193 0.142690 0.305193 0.142690 0.485642 0.023670 0.485642 0.023670 0.285934 0.050329 0.285934
0 0.207225 0.791271 0.023312 0.791271 0.023670 0.505914 0.207225 0.505914
0 0.338845 0.979728 0.188396 0.979728 0.188396 0.809516 0.282385 0.809516 0.282385 0.783132 0.338845 0.783132
0 0.275217 0.485642 0.216424 0.485642 0.216424 0.115884 0.275217 0.115884
0 0.208540 0.485642 0.176312 0.485642 0.176312 0.416678 0.149858 0.416678 0.149858 0.115884 0.208540 0.115884
0 0.275217 0.791271 0.215109 0.791271 0.215109 0.505914 0.275217 0.505914
3 0.023917 0.115884 0.275217 0.115884 0.283460 0.096626 0.015693 0.096626
3 0.275217 0.115884 0.275217 0.783132 0.283460 0.761846 0.283460 0.096626
1 0.275217 0.329965 0.275217 0.377137 0.283460 0.377137 0.283460 0.329965
3 0.275217 0.783132 0.338845 0.783132 0.346012 0.761846 0.283460 0.761846
3 0.338845 0.783132 0.338845 0.979728 0.346012 1.000000 0.346012 0.761846
3 0.338845 0.979728 0.188396 0.979728 0.181229 1.000000 0.346012 1.000000
3 0.188396 0.979728 0.188396 0.791271 0.181229 0.809516 0.181229 1.000000
3 0.188396 0.791271 0.023312 0.791271 0.015051 0.809516 0.181229 0.809516
3 0.023312 0.791271 0.023917 0.115884 0.015693 0.096626 0.015051 0.809516
2 0.023337 0.763742 0.023509 0.569933 0.015266 0.569872 0.015094 0.763681
3 0.181229 0.809516 0.282385 0.809516 0.275217 0.791271 0.181229 0.791271
3 0.275217 0.791271 0.275217 0.761846 0.282385 0.761846 0.282385 0.809516
3 0.283460 0.505924 0.015324 0.505914 0.015324 0.485642 0.283460 0.485653
2 0.076482 0.505924 0.049544 0.505914 0.049544 0.485642 0.076482 0.485653
2 0.242251 0.505924 0.219506 0.505924 0.219506 0.485653 0.242251 0.485653
3 0.176312 0.505924 0.176312 0.416678 0.142690 0.416678 0.142690 0.505924
3 0.149858 0.416678 0.149858 0.287657 0.142690 0.287657 0.142690 0.416678
3 0.149858 0.287657 0.149858 0.096626 0.142690 0.096626 0.142690 0.287657
3 0.149858 0.305193 0.050329 0.305193 0.050329 0.285934 0.149858 0.285934
3 0.215109 0.809516 0.215109 0.485653 0.207225 0.485653 0.207225 0.809516
2 0.215109 0.641472 0.215109 0.571808 0.207225 0.571808 0.207225 0.641472
3 0.216424 0.485653 0.216424 0.096626 0.208540 0.096626 0.208540 0.485653
2 0.216424 0.383351 0.216424 0.305223 0.208540 0.305223 0.208540 0.383351
0 0.618926 0.485784 0.517132 0.485784 0.517132 0.431527 0.477472 0.431527 0.477472 0.118722 0.618926 0.118722
0 0.471738 0.485784 0.446878 0.485784 0.446878 0.423753 0.411937 0.423753 0.411937 0.485784 0.383125 0.485784 0.383125 0.425759 0.361924 0.425759 0.361931 0.118722 0.471738 0.118722
0 0.618926 0.793318 0.581702 0.793318 0.581702 0.699987 0.586759 0.699987 0.586759 0.690864 0.534244 0.690864 0.534244 0.685573 0.530660 0.685573 0.530660 0.727465 0.486617 0.727465 0.486617 0.602935 0.530660 0.602935 0.530660 0.609787 0.534244 0.609787 0.534244 0.499975 0.618926 0.499975
0 0.481600 0.499975 0.481600 0.793318 0.383282 0.793318 0.383282 0.675924 0.361566 0.675924 0.361566 0.499975
0 0.530660 0.593813 0.486617 0.593813 0.486617 0.499975 0.530660 0.499975
0 0.577402 0.793318 0.534244 0.793318 0.534244 0.699987 0.577402 0.699987
0 0.443294 0.485784 0.415521 0.485784 0.415521 0.433888 0.443294 0.433888
0 0.506718 0.793318 0.484825 0.793318 0.484825 0.736588 0.506718 0.736588
0 0.530302 0.793318 0.510301 0.793318 0.510301 0.736588 0.530302 0.736588
0 0.379699 0.793318 0.361566 0.793318 0.361566 0.739233 0.379699 0.739233
0 0.379900 0.485784 0.361566 0.485784 0.361924 0.433524 0.379900 0.433524
0 0.379699 0.732138 0.361566 0.732138 0.361566 0.684033 0.379699 0.684033
0 0.520210 0.811563 0.520210 0.999645 0.576556 0.999645 0.688058 0.999645 0.688058 0.752805 0.625376 0.762941 0.625376 0.811563 0.520210 0.811563 0.520210 0.811563
3 0.361931 0.118722 0.618926 0.118722 0.625376 0.100477 0.355491 0.100477
1 0.572668 0.118722 0.593525 0.118722 0.593525 0.100477 0.572668 0.100477
3 0.618926 0.118722 0.618926 0.793318 0.625376 0.811563 0.625376 0.100477
1 0.618926 0.225484 0.618926 0.385297 0.625376 0.385297 0.625376 0.225484
1 0.618926 0.504850 0.618926 0.555854 0.625376 0.555854 0.625376 0.504850
3 0.618926 0.793318 0.361566 0.793318 0.355108 0.811563 0.625376 0.811563
2 0.567239 0.793318 0.539243 0.793318 0.539243 0.811563 0.567239 0.811563
1 0.455486 0.793318 0.408368 0.793318 0.408368 0.811563 0.455486 0.811563
3 0.361566 0.793318 0.361931 0.118722 0.355491 0.100477 0.355108 0.811563
1 0.361637 0.660923 0.361677 0.587133 0.355226 0.587103 0.355187 0.660893
1 0.361798 0.365136 0.361870 0.235305 0.355420 0.235275 0.355348 0.365106
3 0.355276 0.499975 0.625376 0.499975 0.625376 0.485784 0.355276 0.485784
2 0.549600 0.499975 0.577979 0.499975 0.577979 0.485784 0.549600 0.485784
2 0.386278 0.499975 0.409701 0.499975 0.409701 0.485784 0.386278 0.485784
3 0.471738 0.499975 0.471738 0.431527 0.517132 0.431527 0.517132 0.499975
3 0.471738 0.431527 0.471738 0.100477 0.477472 0.100477 0.477472 0.431527
2 0.471738 0.396730 0.471738 0.316819 0.477472 0.316819 0.477472 0.396730
3 0.481600 0.485784 0.481600 0.735939 0.486617 0.735939 0.486617 0.485784
2 0.481600 0.610872 0.481600 0.690783 0.486617 0.690783 0.486617 0.610872
3 0.481600 0.735939 0.481600 0.811563 0.484825 0.811563 0.484825 0.735939
2 0.481600 0.739598 0.481600 0.786598 0.484825 0.786598 0.484825 0.739598
3 0.481600 0.736588 0.534244 0.736588 0.534244 0.727465 0.481600 0.727465
3 0.534244 0.727465 0.534244 0.811563 0.530302 0.811563 0.530302 0.727465
2 0.534244 0.739953 0.534244 0.784429 0.530302 0.784429 0.530302 0.739953
3 0.510301 0.811563 0.510301 0.727465 0.506718 0.727465 0.506718 0.811563
3 0.534244 0.727465 0.534244 0.685573 0.530660 0.685573 0.530660 0.727465
3 0.534244 0.609787 0.534244 0.485784 0.530660 0.485784 0.530660 0.609787
3 0.481600 0.602935 0.534244 0.602935 0.534244 0.593813 0.481600 0.593813
2 0.507926 0.602935 0.526715 0.602935 0.526715 0.593813 0.507926 0.593813
3 0.581702 0.811563 0.581702 0.699987 0.577402 0.690864 0.577402 0.811563
2 0.581702 0.785879 0.581702 0.705602 0.577402 0.705602 0.577402 0.785879
3 0.355312 0.433524 0.379900 0.433524 0.383125 0.425759 0.355312 0.425759
3 0.379900 0.433524 0.379900 0.499975 0.383125 0.499975 0.383125 0.425759
2 0.379900 0.437385 0.379900 0.479541 0.383125 0.479541 0.383125 0.437385
3 0.415521 0.499975 0.415521 0.433888 0.411937 0.423753 0.411937 0.499975
3 0.415521 0.433888 0.443294 0.433888 0.446878 0.423753 0.411937 0.423753
2 0.418485 0.433888 0.433389 0.433888 0.433389 0.423753 0.418485 0.423753
3 0.443294 0.433888 0.443294 0.499975 0.446878 0.499975 0.446878 0.423753
3 0.383282 0.811563 0.383282 0.675924 0.379699 0.684033 0.379699 0.811563
2 0.383282 0.786963 0.383282 0.741767 0.379699 0.741767 0.379699 0.786963
2 0.383282 0.729107 0.383282 0.687165 0.379699 0.687165 0.379699 0.729107
3 0.383282 0.675924 0.355179 0.675924 0.355179 0.684033 0.379699 0.684033
3 0.355144 0.739233 0.383282 0.739233 0.383282 0.732138 0.355144 0.732138
3 0.530660 0.699987 0.577402 0.699987 0.577402 0.690864 0.530660 0.690864
2 0.538605 0.699987 0.568776 0.699987 0.568776 0.690864 0.538605 0.690864
3 0.577402 0.690864 0.586759 0.690864 0.586759 0.699987 0.581702 0.699987
0 0.862112 0.564946 0.856378 0.564946 0.856378 0.792528 0.763834 0.792528 0.763834 0.500988 0.862112 0.500988
0 0.966974 0.792528 0.862112 0.792528 0.862112 0.500988 0.966974 0.500988
0 0.760967 0.108302 0.760451 0.285833 0.760251 0.425050 0.760096 0.425050 0.760096 0.435186 0.760251 0.435186 0.759892 0.487812 0.731090 0.487812 0.731090 0.803677 0.709323 0.803677 0.709323 0.345635 0.713158 0.345635 0.713158 0.257179 0.709323 0.257179 0.709323 0.108231
0 0.915021 0.487812 0.866638 0.487812 0.866638 0.427057 0.822821 0.427057 0.822821 0.487812 0.797886 0.487812 0.797886 0.425050 0.764909 0.425050 0.765626 0.119452 0.915021 0.119452
0 0.971991 0.253895 0.968156 0.253895 0.968156 0.352558 0.971991 0.352558 0.971991 0.487812 0.940989 0.487812 0.940989 0.400105 0.921117 0.400105 0.921117 0.108860 0.971991 0.108860
0 0.760251 0.697007 0.736107 0.697007 0.736107 0.500988 0.760251 0.500988
0 0.760251 0.792528 0.736107 0.792528 0.736107 0.706129 0.760251 0.706129
0 0.793586 0.487812 0.764551 0.487812 0.764909 0.435186 0.793586 0.435186
0 0.936330 0.487812 0.921117 0.487812 0.921117 0.413282 0.936330 0.413282
3 0.765089 0.119452 0.920397 0.119452 0.920397 0.100194 0.765089 0.100194
1 0.813504 0.119452 0.869835 0.119452 0.869835 0.100194 0.813504 0.100194
3 0.920397 0.108860 0.971991 0.108860 0.974858 0.100194 0.920397 0.100194
3 0.974858 0.100194 0.974858 0.253895 0.971991 0.253895 0.971991 0.108860
3 0.974858 0.253895 0.974858 0.352558 0.968156 0.352558 0.968156 0.253895
1 0.974858 0.262034 0.974858 0.345645 0.968156 0.345645 0.968156 0.262034
3 0.974858 0.352558 0.974858 0.490183 0.971991 0.490183 0.971991 0.352558
3 0.974858 0.490183 0.974858 0.811786 0.966974 0.792528 0.966974 0.490183
3 0.974858 0.811786 0.731090 0.811786 0.731090 0.792528 0.966974 0.792528
1 0.880181 0.811786 0.864087 0.811786 0.864087 0.792528 0.880181 0.792528
1 0.853741 0.811786 0.819578 0.811786 0.819578 0.792528 0.853741 0.792528
1 0.815801 0.811786 0.793464 0.811786 0.793464 0.792528 0.815801 0.792528
3 0.736107 0.811786 0.706456 0.811786 0.709323 0.803677 0.731090 0.803677
3 0.706456 0.811786 0.706456 0.345635 0.709323 0.345635 0.709323 0.803677
3 0.706456 0.345635 0.706456 0.257179 0.713158 0.257179 0.713158 0.345635
1 0.706456 0.335428 0.706456 0.259246 0.713158 0.259246 0.713158 0.335428
3 0.706456 0.257179 0.706456 0.100123 0.709323 0.108231 0.709323 0.257179
3 0.731090 0.803677 0.731090 0.487812 0.736107 0.500988 0.736107 0.811786
3 0.736107 0.500988 0.822821 0.500988 0.822821 0.487812 0.731090 0.487812
3 0.822821 0.500988 0.866638 0.500988 0.866638 0.427057 0.822821 0.427057
3 0.866638 0.500988 0.974858 0.500988 0.974858 0.487812 0.866638 0.487812
2 0.869835 0.500988 0.898741 0.500988 0.898741 0.487812 0.869835 0.487812
3 0.763834 0.811786 0.763834 0.487812 0.760251 0.487812 0.760251 0.811786
2 0.763834 0.776260 0.763834 0.725631 0.760251 0.725631 0.760251 0.776260
2 0.763834 0.673603 0.763834 0.616467 0.760251 0.616467 0.760251 0.673603
3 0.731090 0.706129 0.763834 0.706129 0.763834 0.697007 0.731090 0.697007
3 0.862112 0.811786 0.862112 0.564946 0.856378 0.564946 0.856378 0.811786
2 0.862112 0.659200 0.862112 0.594168 0.856378 0.594168 0.856378 0.659200
3 0.921117 0.100194 0.921117 0.500988 0.915021 0.500988 0.915021 0.100194
2 0.921117 0.429723 0.921117 0.480818 0.915021 0.480818 0.915021 0.429723
2 0.921117 0.338215 0.921117 0.395352 0.915021 0.395352 0.915021 0.338215
3 0.915021 0.413282 0.936330 0.413282 0.940989 0.400105 0.915021 0.400105
3 0.936330 0.413282 0.936330 0.500988 0.940989 0.500988 0.940989 0.400105
3 0.764551 0.501008 0.765805 0.100214 0.761146 0.100102 0.759892 0.500887
2 0.764823 0.414427 0.765038 0.345706 0.760380 0.345594 0.760165 0.414316
3 0.706456 0.100123 0.760788 0.100194 0.760788 0.108302 0.709323 0.108231
3 0.760096 0.435186 0.793586 0.435186 0.797886 0.425050 0.760096 0.425050
2 0.772277 0.435186 0.791002 0.435186 0.791002 0.425050 0.772277 0.425050
3 0.793586 0.435186 0.793586 0.500988 0.797886 0.500988 0.797886 0.425050
3 0.903819 0.704011 0.933656 0.704011 0.930073 0.693875 0.903819 0.693875
3 0.933656 0.704011 0.933656 0.587032 0.930073 0.587032 0.930073 0.693875
