0 0.953208 0.166439 0.953208 0.031325 0.518681 0.031325 0.518681 0.074210 0.543205 0.077647 0.543444 0.166439 0.953208 0.166439 0.953208 0.166439
0 0.499779 0.469448 0.430590 0.469448 0.430590 0.496341 0.348097 0.496341 0.348097 0.441235 0.310772 0.441235 0.310772 0.496341 0.076939 0.496341 0.076939 0.108583 0.499779 0.108583
0 0.500200 0.182721 0.952070 0.182721 0.952070 0.636503 0.519546 0.636503 0.519546 0.306745 0.500200 0.306745 0.500200 0.469448 0.499779 0.469448 0.499779 0.108583 0.500200 0.108583
0 0.733350 0.644689 0.952070 0.644689 0.952070 0.809020 0.429133 0.809020 0.429133 0.647357 0.578664 0.647357 0.578664 0.636503 0.733350 0.636503
0 0.519546 0.182721 0.519546 0.207036 0.500200 0.207036 0.500200 0.182721
0 0.421167 0.815352 0.492029 0.815352 0.492029 0.986432 0.076939 0.986432 0.076939 0.647357 0.421167 0.647357
0 0.500200 0.636503 0.076939 0.636503 0.076939 0.504283 0.500200 0.504283
3 0.492029 0.986432 0.076939 0.986432 0.031420 1.000000 0.519660 1.000000
3 0.076939 0.986432 0.076939 0.108583 0.031420 0.074210 0.031420 1.000000
1 0.076939 0.909933 0.076939 0.778772 0.031420 0.778772 0.031420 0.909933
1 0.076939 0.631663 0.076939 0.524391 0.031420 0.524391 0.031420 0.631663
1 0.076939 0.467305 0.076939 0.355772 0.031420 0.355772 0.031420 0.467305
3 0.031420 0.074210 0.543444 0.074210 0.500200 0.108583 0.076939 0.108583
1 0.205827 0.074210 0.370254 0.074210 0.370254 0.108583 0.205827 0.108583
3 0.500200 0.108583 0.500200 0.182721 0.543444 0.166439 0.543444 0.074210
3 0.500200 0.182721 0.952070 0.182721 0.972554 0.166439 0.543444 0.166439
2 0.552229 0.182721 0.643791 0.182721 0.643791 0.166439 0.552229 0.166439
1 0.653964 0.182721 0.948486 0.182721 0.948486 0.166439 0.653964 0.166439
3 0.952070 0.182721 0.952070 0.809020 0.972554 0.824398 0.972554 0.166439
3 0.952070 0.809020 0.492029 0.809020 0.519660 0.824398 0.972554 0.824398
2 0.849299 0.809020 0.743524 0.809020 0.743524 0.824398 0.849299 0.824398
3 0.492029 0.809020 0.492029 0.986432 0.519660 1.000000 0.519660 0.824398
3 0.500200 0.182721 0.500200 0.207036 0.519546 0.207036 0.519546 0.182721
3 0.500200 0.306745 0.500200 0.636503 0.519546 0.647357 0.519546 0.306745
3 0.492029 0.809020 0.429133 0.809020 0.421167 0.815352 0.492029 0.815352
3 0.421167 0.815352 0.421167 0.636503 0.429133 0.647357 0.429133 0.809020
2 0.421167 0.751183 0.421167 0.676104 0.429133 0.676104 0.429133 0.751183
3 0.031420 0.647357 0.421167 0.647357 0.421167 0.636503 0.031420 0.636503
3 0.429133 0.647357 0.519546 0.647357 0.500200 0.636503 0.421167 0.636503
2 0.430624 0.647357 0.496638 0.647357 0.496638 0.636503 0.430624 0.636503
3 0.500200 0.647357 0.578664 0.647357 0.578664 0.636503 0.519546 0.636503
3 0.733350 0.636503 0.972554 0.636503 0.972554 0.644689 0.733350 0.644689
3 0.519546 0.504283 0.031420 0.504283 0.031420 0.496341 0.519546 0.496341
2 0.424729 0.504283 0.352672 0.504283 0.352672 0.496341 0.424729 0.496341
3 0.972554 0.166439 0.972554 0.031325 0.953208 0.031325 0.953208 0.166439
3 0.498345 0.031325 0.498345 0.074210 0.518681 0.074210 0.518681 0.031325
3 0.348097 0.496341 0.348097 0.441235 0.310772 0.441235 0.310772 0.496341
3 0.500200 0.469448 0.430590 0.469448 0.430590 0.496585 0.500200 0.496585
