0 0.812675 0.536255 0.122335 0.536255 0.122335 0.191759 0.183758 0.191759 0.320636 0.191330 0.812675 0.191330
0 0.605841 0.674105 0.371265 0.674105 0.371265 0.545689 0.605841 0.545689
0 0.801224 0.674121 0.618517 0.674105 0.618517 0.545689 0.801224 0.545689
0 0.830061 0.991557 0.607883 0.991557 0.607883 0.883857 0.830061 0.883857
0 0.356678 0.862790 0.122335 0.862790 0.122335 0.815584 0.356678 0.815584
0 0.370885 0.537106 0.355220 0.537106 0.355220 0.681861 0.355322 0.681861 0.355322 0.729083 0.370885 0.729083 0.370885 0.788859 0.356678 0.788859 0.356678 0.808171 0.122335 0.808171 0.122335 0.536255 0.370885 0.536255
0 0.812675 0.537106 0.370885 0.537106 0.370885 0.536255 0.812675 0.536255
0 0.812427 0.681931 0.812427 0.862790 0.371265 0.862790 0.371265 0.788859 0.370885 0.788859 0.370885 0.729083 0.371265 0.729083 0.371265 0.681861
0 0.109003 0.883178 0.109003 0.999797 0.595237 0.999360 0.595237 0.883857 0.350844 0.883857 0.350844 0.872988 0.226890 0.872988 0.226890 0.883857 0.109003 0.883178 0.109003 0.883178
3 0.122335 0.191759 0.122335 0.862790 0.080035 0.883857 0.080035 0.166790
3 0.122335 0.862790 0.226890 0.862790 0.226890 0.883857 0.080035 0.883857
3 0.226890 0.862790 0.350844 0.862790 0.350844 0.872988 0.226890 0.872988
2 0.231761 0.862790 0.348102 0.862790 0.348102 0.872988 0.231761 0.872988
3 0.350844 0.862790 0.607883 0.862790 0.595237 0.883857 0.350844 0.883857
1 0.370535 0.862790 0.423294 0.862790 0.423294 0.883857 0.370535 0.883857
1 0.423294 0.862790 0.597600 0.862790 0.597600 0.883857 0.423294 0.883857
3 0.852057 0.681931 0.852057 0.537106 0.801224 0.537106 0.801224 0.674121
3 0.852057 0.537106 0.852057 0.166361 0.812675 0.191330 0.812675 0.537106
3 0.812675 0.191330 0.320636 0.191330 0.320490 0.166361 0.852057 0.166361
1 0.504919 0.191330 0.321671 0.191330 0.321671 0.166361 0.504919 0.166361
1 0.687656 0.191330 0.504919 0.191330 0.504919 0.166361 0.687656 0.166361
3 0.320636 0.191330 0.183758 0.191759 0.183583 0.176029 0.320461 0.175592
2 0.314714 0.191345 0.190438 0.191735 0.190263 0.176005 0.314539 0.175615
3 0.183758 0.191759 0.122335 0.191759 0.080035 0.166790 0.183627 0.166790
3 0.852057 0.537106 0.355220 0.537106 0.371265 0.545689 0.852057 0.545689
3 0.355220 0.537106 0.355220 0.681861 0.371265 0.681861 0.371265 0.545689
2 0.355220 0.593191 0.355220 0.638548 0.371265 0.638548 0.371265 0.593191
3 0.371265 0.681861 0.852057 0.681931 0.801224 0.674121 0.355322 0.674058
3 0.371265 0.681861 0.371265 0.729083 0.355322 0.729083 0.355322 0.674058
3 0.618517 0.537106 0.618517 0.681900 0.605841 0.681900 0.605841 0.537106
2 0.618517 0.552789 0.618517 0.594947 0.605841 0.594947 0.605841 0.552789
3 0.371265 0.788859 0.371265 0.883857 0.356678 0.883857 0.356678 0.788859
3 0.371265 0.815584 0.080035 0.815584 0.080035 0.808171 0.371265 0.808171
2 0.350698 0.815584 0.230945 0.815584 0.230945 0.808171 0.350698 0.808171
3 0.595237 0.883857 0.595237 0.999360 0.607883 0.991557 0.607883 0.862790
2 0.595237 0.903652 0.595237 0.974548 0.607883 0.974548 0.607883 0.903652
3 0.595237 0.999360 0.838871 0.999360 0.830061 0.991557 0.607883 0.991557
3 0.838871 0.999360 0.838871 0.883678 0.830061 0.883678 0.830061 0.991557
3 0.851809 0.883678 0.852057 0.674121 0.812675 0.674105 0.812427 0.883670
3 0.595237 0.862790 0.851839 0.862790 0.851839 0.883857 0.595237 0.883857
