0 0.833040 0.186709 0.935033 0.186709 0.935033 0.564402 0.833040 0.564402 0.833040 0.186709
0 0.466883 0.417049 0.474535 0.417049 0.474535 0.564402 0.465409 0.564402 0.465409 0.808788 0.322889 0.808788 0.322889 0.638849 0.318019 0.638849 0.318019 0.808788 0.318006 0.808788 0.318006 0.449871 0.254578 0.449871 0.254578 0.347762 0.466883 0.347762
0 0.318006 0.808788 0.047456 0.808788 0.047456 0.463009 0.318006 0.463009
0 0.816345 0.564402 0.474535 0.564402 0.474535 0.066839 0.816345 0.066839
0 0.816345 0.978501 0.561148 0.978501 0.561148 0.684595 0.476539 0.684595 0.476539 0.577541 0.816345 0.577541
0 0.305004 0.334623 0.246926 0.334623 0.246926 0.449871 0.047456 0.449871 0.047456 0.066839 0.305004 0.066839
0 0.466883 0.334623 0.309874 0.334623 0.309874 0.244792 0.330047 0.244792 0.330047 0.066839 0.466883 0.066839
0 0.554887 0.978501 0.500886 0.978501 0.500886 0.911101 0.476539 0.911101 0.476539 0.695344 0.554887 0.695344
3 0.047456 0.066839 0.816345 0.066839 0.833040 0.046534 0.025891 0.046534
1 0.816345 0.193827 0.816345 0.411149 0.833040 0.411149 0.833040 0.193827
1 0.816345 0.698235 0.816345 0.872952 0.833040 0.872952 0.833040 0.698235
2 0.816345 0.414863 0.816345 0.512434 0.833040 0.512434 0.833040 0.414863
3 0.476539 0.808788 0.047456 0.808788 0.025891 0.830288 0.464018 0.830288
2 0.460449 0.808788 0.396813 0.808788 0.396813 0.830288 0.460449 0.830288
3 0.047456 0.808788 0.047456 0.066839 0.025891 0.046534 0.025891 0.830288
1 0.047456 0.725395 0.047456 0.540180 0.025891 0.540180 0.025891 0.725395
1 0.047456 0.340763 0.047456 0.161722 0.025891 0.161722 0.025891 0.340763
3 0.476539 0.808788 0.476539 0.577541 0.465409 0.564402 0.465409 0.808788
2 0.476539 0.678862 0.476539 0.582020 0.465409 0.582020 0.465409 0.678862
3 0.465409 0.564402 0.833040 0.564402 0.833040 0.577541 0.476539 0.577541
3 0.833040 0.564402 0.939902 0.564402 0.939902 0.583513 0.833040 0.583513
3 0.939902 0.186709 0.833040 0.186709 0.833040 0.166404 0.939902 0.166404
3 0.025891 0.463009 0.254578 0.463009 0.254578 0.449871 0.025891 0.449871
3 0.254578 0.449871 0.254578 0.347762 0.246926 0.334623 0.246926 0.449871
2 0.254578 0.445559 0.254578 0.352420 0.246926 0.352420 0.246926 0.445559
3 0.246926 0.334623 0.474535 0.334623 0.466883 0.347762 0.254578 0.347762
2 0.370498 0.334623 0.420923 0.334623 0.420923 0.347762 0.370498 0.347762
3 0.474535 0.347762 0.474535 0.046534 0.466883 0.046534 0.466883 0.347762
3 0.474535 0.334623 0.474535 0.417049 0.466883 0.417049 0.466883 0.347762
3 0.254578 0.463009 0.318019 0.463009 0.318019 0.449871 0.254578 0.449871
2 0.256095 0.463009 0.314228 0.463009 0.314228 0.449871 0.256095 0.449871
3 0.318019 0.638849 0.318019 0.830288 0.322889 0.830288 0.322889 0.638849
3 0.309874 0.347762 0.309874 0.046534 0.305004 0.046534 0.305004 0.347762
3 0.309874 0.066839 0.309874 0.244792 0.330047 0.244792 0.330047 0.066839
3 0.465409 0.695344 0.554887 0.695344 0.561148 0.684595 0.465409 0.684595
2 0.506569 0.695344 0.552146 0.695344 0.552146 0.684595 0.506569 0.684595
3 0.476539 0.978501 0.476539 0.911101 0.500886 0.911101 0.500886 0.978501
