0 0.098045 0.401059 0.287115 0.401059 0.287115 0.850172 0.098045 0.849398 0.098045 0.401059 0.098045 0.401059
0 0.491642 0.931058 0.600359 0.931058 0.600359 0.850172 0.491642 0.850172 0.491642 0.931058 0.491642 0.931058
0 0.577521 0.689439 0.461298 0.689439 0.461298 0.490075 0.577521 0.490075
0 0.799293 0.826285 0.577521 0.826285 0.577521 0.510667 0.799293 0.510667
0 0.799293 0.490075 0.461298 0.490075 0.461298 0.172100 0.799293 0.172100
0 0.984945 0.490075 0.805426 0.490075 0.805426 0.172100 0.984945 0.172100
0 0.984945 0.826285 0.805426 0.826285 0.805426 0.510667 0.984945 0.510667
0 0.454607 0.490075 0.302170 0.490075 0.302170 0.172100 0.454607 0.172100
0 0.376892 0.590086 0.395409 0.617432 0.454607 0.617432 0.454607 0.826285 0.404386 0.826285 0.404386 0.742401 0.365417 0.697486 0.302170 0.697486 0.302170 0.510675 0.376892 0.510675
0 0.287115 0.390351 0.105294 0.390351 0.105294 0.160569 0.287115 0.160569
0 0.570830 0.826285 0.461298 0.826285 0.461298 0.699323 0.570830 0.699323
0 0.397695 0.747220 0.397695 0.826285 0.302170 0.826285 0.302170 0.707370 0.363114 0.707370
0 0.454607 0.607548 0.398180 0.607548 0.383583 0.585992 0.383583 0.510675 0.454607 0.510675
3 0.287115 0.850172 1.000000 0.850172 0.984945 0.826285 0.302170 0.826285
1 0.865857 0.850172 0.950409 0.850172 0.950409 0.826285 0.865857 0.826285
1 0.638224 0.850172 0.720273 0.850172 0.720273 0.826285 0.638224 0.826285
1 0.336043 0.850172 0.364558 0.850172 0.364558 0.826285 0.336043 0.826285
2 0.524316 0.850172 0.568421 0.850172 0.568421 0.826285 0.524316 0.826285
3 0.984945 0.826285 0.984945 0.172100 1.000000 0.149861 1.000000 0.850172
3 0.984945 0.172100 0.287115 0.172100 0.287115 0.149861 1.000000 0.149861
1 0.418091 0.172100 0.333043 0.172100 0.333043 0.149861 0.418091 0.149861
2 0.542666 0.172100 0.498640 0.172100 0.498640 0.149861 0.542666 0.149861
1 0.715767 0.172100 0.560676 0.172100 0.560676 0.149861 0.715767 0.149861
1 0.950409 0.172100 0.864859 0.172100 0.864859 0.149861 0.950409 0.149861
3 0.287115 0.149861 0.287115 0.401059 0.302170 0.401059 0.302170 0.172100
3 0.287115 0.401059 0.287115 0.850172 0.302170 0.826285 0.302170 0.390351
3 0.287115 0.401059 0.098045 0.401059 0.105294 0.390351 0.302170 0.390351
2 0.212266 0.401059 0.173519 0.401059 0.173519 0.390351 0.212266 0.390351
3 0.098045 0.401059 0.098045 0.149861 0.105294 0.160569 0.105294 0.390351
3 0.098045 0.149861 0.287115 0.149861 0.287115 0.160569 0.105294 0.160569
3 0.454607 0.826285 0.454607 0.172100 0.461298 0.172100 0.461298 0.826285
2 0.454607 0.684546 0.454607 0.621155 0.461298 0.621155 0.461298 0.684546
2 0.454607 0.581240 0.454607 0.514917 0.461298 0.514917 0.461298 0.581240
2 0.454607 0.484391 0.454607 0.419238 0.461298 0.419238 0.461298 0.484391
3 0.302170 0.490075 0.461298 0.490075 0.461298 0.510675 0.302170 0.510675
3 0.376892 0.510675 0.376892 0.590086 0.383583 0.585992 0.383583 0.510675
3 0.376892 0.590086 0.395409 0.617432 0.398180 0.607548 0.383583 0.585992
3 0.395409 0.617432 0.461298 0.617432 0.461298 0.607548 0.398180 0.607548
3 0.454607 0.689439 0.577521 0.689439 0.570830 0.699323 0.454607 0.699323
2 0.524316 0.689439 0.567623 0.689439 0.567623 0.699323 0.524316 0.699323
3 0.570830 0.699323 0.570830 0.826285 0.577521 0.826285 0.577521 0.689439
3 0.805426 0.826285 0.805426 0.149861 0.799293 0.149861 0.799293 0.826285
2 0.805426 0.631526 0.805426 0.568432 0.799293 0.568432 0.799293 0.631526
2 0.805426 0.482711 0.805426 0.416190 0.799293 0.416190 0.799293 0.482711
3 0.577521 0.490075 0.984945 0.490075 0.984945 0.510667 0.577521 0.510667
3 0.302170 0.697486 0.365417 0.697486 0.363114 0.707370 0.302170 0.707370
3 0.404386 0.742401 0.404386 0.826285 0.397695 0.826285 0.397695 0.747220
3 0.365417 0.697486 0.404386 0.742401 0.397695 0.747220 0.363114 0.707370
2 0.373033 0.706267 0.400098 0.737459 0.395983 0.745251 0.368918 0.714059
