0 0.704772 0.518729 0.531681 0.518729 0.531681 0.375784 0.704772 0.375784
0 0.861225 0.474508 0.704772 0.474508 0.704772 0.375784 0.861225 0.375784
0 0.520839 0.899588 0.329618 0.899588 0.329618 0.999477 0.521220 0.999477 0.520839 0.899588 0.520839 0.899588
0 0.350540 0.230569 0.350540 0.411386 0.277460 0.411386 0.277460 0.453772 0.089126 0.453772 0.088851 0.228359
0 0.350540 0.230569 0.088851 0.228359 0.089126 0.052773 0.350540 0.052773
0 0.861225 0.368417 0.521103 0.368417 0.521103 0.418936 0.350540 0.418936 0.350963 0.418752 0.350963 0.411386 0.350540 0.411386 0.350540 0.052773 0.861225 0.052773
0 0.521103 0.741623 0.350963 0.741623 0.350963 0.546081 0.288090 0.546081 0.288090 0.418936 0.521103 0.418936
0 0.340386 0.873806 0.089126 0.873806 0.089126 0.553447 0.340386 0.553447
0 0.861225 0.873806 0.531681 0.873806 0.531681 0.627841 0.861225 0.627841
0 0.521103 0.873806 0.350963 0.873806 0.350963 0.748989 0.521103 0.748989
0 0.861225 0.620474 0.715350 0.620474 0.715350 0.481875 0.861225 0.481875
0 0.277460 0.546081 0.089126 0.546081 0.089126 0.461138 0.277460 0.461138
0 0.704772 0.620474 0.531681 0.620474 0.531681 0.526096 0.704772 0.526096
3 0.089126 0.873806 0.089126 0.052773 0.071145 0.026991 0.071145 0.899588
3 0.089126 0.052773 0.861225 0.052773 0.880264 0.026991 0.071145 0.026991
1 0.135181 0.052773 0.320098 0.052773 0.320098 0.026991 0.135181 0.026991
2 0.424287 0.052773 0.518819 0.052773 0.518819 0.026991 0.424287 0.026991
1 0.556771 0.052773 0.761700 0.052773 0.761700 0.026991 0.556771 0.026991
3 0.861225 0.052773 0.861225 0.873806 0.880264 0.899588 0.880264 0.026991
3 0.861225 0.873806 0.089126 0.873806 0.071145 0.899588 0.880264 0.899588
1 0.292871 0.873806 0.139634 0.873806 0.139634 0.899588 0.292871 0.899588
2 0.447970 0.873806 0.352878 0.873806 0.352878 0.899588 0.447970 0.899588
1 0.768301 0.873806 0.584590 0.873806 0.584590 0.899588 0.768301 0.899588
3 0.340386 0.899588 0.340386 0.553447 0.350963 0.546081 0.350963 0.899588
2 0.340386 0.627598 0.340386 0.568497 0.350963 0.568497 0.350963 0.627598
3 0.350963 0.546081 0.071145 0.546081 0.071145 0.553447 0.340386 0.553447
2 0.233849 0.546081 0.166924 0.546081 0.166924 0.553447 0.233849 0.553447
3 0.071145 0.461138 0.277460 0.461138 0.288037 0.453772 0.071145 0.453772
3 0.288037 0.461138 0.288037 0.418752 0.277460 0.411386 0.277460 0.461138
3 0.288037 0.418752 0.350963 0.418752 0.350963 0.411386 0.277460 0.411386
3 0.288037 0.453772 0.288037 0.553447 0.277460 0.553447 0.277460 0.461138
3 0.521103 0.899588 0.521103 0.368417 0.531681 0.375784 0.531681 0.899588
2 0.521103 0.481035 0.521103 0.424336 0.531681 0.424336 0.531681 0.481035
2 0.521103 0.580025 0.521103 0.534854 0.531681 0.534854 0.531681 0.580025
2 0.521103 0.712172 0.521103 0.652585 0.531681 0.652585 0.531681 0.712172
3 0.531681 0.375784 0.880264 0.375784 0.880264 0.368417 0.521103 0.368417
3 0.521103 0.627841 0.880264 0.627841 0.880264 0.620474 0.521103 0.620474
3 0.715350 0.627841 0.715350 0.481875 0.704772 0.474508 0.704772 0.627841
3 0.704772 0.474508 0.880264 0.474508 0.880264 0.481875 0.715350 0.481875
2 0.718914 0.474508 0.803101 0.474508 0.803101 0.481875 0.718914 0.481875
3 0.521103 0.526096 0.715350 0.526096 0.715350 0.518729 0.521103 0.518729
3 0.340386 0.748989 0.531681 0.748989 0.531681 0.741623 0.340386 0.741623
2 0.353914 0.748989 0.450509 0.748989 0.450509 0.741623 0.353914 0.741623
3 0.333246 0.345390 0.333246 0.229486 0.343823 0.229486 0.343823 0.345390
