0 0.795563 0.373712 0.993312 0.373712 0.993312 0.870831 0.795563 0.870831 0.795563 0.373712 0.795563 0.373712
0 0.630613 0.084364 0.630613 0.149855 0.548188 0.149855 0.548188 0.084364 0.630613 0.084364 0.630613 0.084364
0 0.484898 0.906918 0.484898 1.000000 0.576024 1.000000 0.576024 0.906918 0.484898 0.906918 0.484898 0.906918
0 0.531394 0.332569 0.377038 0.332569 0.377038 0.166804 0.531394 0.166804
0 0.531394 0.486654 0.491265 0.486654 0.491265 0.561600 0.377038 0.561600 0.377038 0.332569 0.531394 0.332569
0 0.780180 0.486654 0.531394 0.486654 0.531394 0.166804 0.780180 0.166804
0 0.598744 0.495497 0.640692 0.495497 0.640692 0.571180 0.598744 0.571180 0.598744 0.791530 0.493593 0.791530 0.493593 0.561600 0.491265 0.561600 0.491265 0.486654 0.598744 0.486654
0 0.780180 0.889969 0.605432 0.889969 0.605432 0.578549 0.780180 0.578549
0 0.989968 0.364869 0.795563 0.364869 0.795563 0.241094 0.989968 0.241094
0 0.484898 0.760873 0.377038 0.760873 0.377038 0.571180 0.484898 0.571180 0.484891 0.571121
0 0.484898 0.889969 0.377038 0.889969 0.377038 0.770454 0.484898 0.770454
0 0.780180 0.571180 0.648718 0.571180 0.648718 0.495497 0.780180 0.495497
0 0.598744 0.889969 0.493593 0.889969 0.493593 0.800373 0.598744 0.800373
3 0.377038 0.166804 0.780180 0.166804 0.795563 0.149855 0.361655 0.149855
1 0.419234 0.166804 0.481133 0.166804 0.481133 0.149855 0.419234 0.149855
2 0.559464 0.166804 0.623049 0.166804 0.623049 0.149855 0.559464 0.149855
1 0.629369 0.166804 0.756123 0.166804 0.756123 0.149855 0.629369 0.149855
3 0.795563 0.149855 0.795563 0.906918 0.780180 0.889969 0.780180 0.166804
3 0.795563 0.906918 0.361655 0.906918 0.377038 0.889969 0.780180 0.889969
1 0.758812 0.906918 0.626005 0.906918 0.626005 0.889969 0.758812 0.889969
2 0.561203 0.906918 0.498221 0.906918 0.498221 0.889969 0.561203 0.889969
1 0.456694 0.906918 0.395992 0.906918 0.395992 0.889969 0.456694 0.889969
3 0.377038 0.889969 0.377038 0.166804 0.361655 0.149855 0.361655 0.906918
3 0.780180 0.228566 1.000000 0.228566 0.989968 0.241094 0.780180 0.241094
3 1.000000 0.228566 1.000000 0.373712 0.989968 0.364869 0.989968 0.241094
3 1.000000 0.373712 0.780180 0.373712 0.780180 0.364869 0.989968 0.364869
2 0.886408 0.373712 0.828930 0.373712 0.828930 0.364869 0.886408 0.364869
3 0.361655 0.561600 0.493593 0.561600 0.484898 0.571180 0.361655 0.571180
3 0.493593 0.561600 0.493593 0.906918 0.484898 0.906918 0.484898 0.561600
2 0.493593 0.621571 0.493593 0.672361 0.484898 0.672361 0.484898 0.621571
3 0.361655 0.760873 0.493593 0.760873 0.493593 0.770454 0.361655 0.770454
2 0.434784 0.760873 0.477682 0.760873 0.477682 0.770454 0.434784 0.770454
3 0.605432 0.906918 0.605432 0.578549 0.598744 0.571180 0.598744 0.906918
2 0.605432 0.651579 0.605432 0.587960 0.598744 0.587960 0.598744 0.651579
3 0.598744 0.571180 0.795563 0.571180 0.795563 0.578549 0.605432 0.578549
2 0.687482 0.571180 0.731250 0.571180 0.731250 0.578549 0.687482 0.578549
3 0.598744 0.486654 0.795563 0.486654 0.795563 0.495497 0.598744 0.495497
3 0.648718 0.486654 0.648718 0.578549 0.640692 0.578549 0.640692 0.486654
3 0.484898 0.791530 0.605432 0.791530 0.605432 0.800373 0.484898 0.800373
2 0.498676 0.791530 0.561658 0.791530 0.561658 0.800373 0.498676 0.800373
3 0.490536 0.495497 0.539480 0.495497 0.531454 0.486654 0.490536 0.486654
3 0.539480 0.495497 0.539480 0.332090 0.531454 0.332090 0.531454 0.486654
