0 0.966723 0.952210 0.350362 0.952210 0.350362 0.113675 0.966723 0.113675
0 0.340701 0.952210 0.156347 0.952210 0.156347 0.113675 0.340701 0.113675
3 0.124144 0.999998 1.000000 0.999998 0.966723 0.952210 0.156347 0.952210
1 0.188594 0.999998 0.298718 0.999998 0.298718 0.952210 0.188594 0.952210
2 0.373580 0.999998 0.646418 0.999998 0.646418 0.952210 0.373580 0.952210
2 0.683054 0.999998 0.948324 0.999998 0.948324 0.952210 0.683054 0.952210
3 0.966723 0.952210 0.966723 0.113675 1.000000 0.073764 1.000000 0.999998
1 0.966723 0.938336 0.966723 0.809615 1.000000 0.809615 1.000000 0.938336
1 0.966723 0.802154 0.966723 0.669024 1.000000 0.669024 1.000000 0.802154
1 0.966723 0.659066 0.966723 0.539625 1.000000 0.539625 1.000000 0.659066
3 0.966723 0.113675 0.156347 0.113675 0.124144 0.073764 1.000000 0.073764
3 0.124144 0.073764 0.124144 0.999998 0.156347 0.952210 0.156347 0.113675
2 0.124144 0.798654 0.124144 0.935622 0.156347 0.935622 0.156347 0.798654
3 0.340701 0.113675 0.340701 0.952210 0.350362 0.952210 0.350362 0.113675
2 0.340701 0.801383 0.340701 0.937426 0.350362 0.937426 0.350362 0.801383
