0 0.420537 0.386630 0.603017 0.386630 0.603017 0.542193 0.603231 0.542193 0.603231 0.627675 0.376278 0.627675 0.376278 0.627176 0.289875 0.627360 0.289915 0.627675 0.096197 0.627675 0.096197 0.627480 0.031869 0.627480 0.031013 0.071003 0.420537 0.071003
0 0.603231 0.720336 0.602829 0.720336 0.602829 0.889792 0.376278 0.889792 0.376278 0.627675 0.603231 0.627675
0 0.289915 0.638520 0.356210 0.638379 0.356210 0.889792 0.031869 0.889792 0.031869 0.637370 0.096197 0.637370 0.096197 0.627675 0.289915 0.627675
0 0.896558 0.376945 0.440606 0.376945 0.440606 0.071003 0.896558 0.071003
0 0.896558 0.720336 0.623300 0.720336 0.623300 0.542193 0.896558 0.542193
0 0.896558 0.889792 0.618590 0.889792 0.618590 0.733404 0.896558 0.733404
0 0.896558 0.525925 0.614416 0.525925 0.614416 0.386630 0.896558 0.386630
3 0.011814 0.906059 0.916627 0.906059 0.896558 0.889792 0.031869 0.889792
2 0.451911 0.906059 0.567803 0.906059 0.567803 0.889792 0.451911 0.889792
3 0.916627 0.906059 0.916627 0.034000 0.896558 0.071003 0.896558 0.889792
3 0.916627 0.034000 0.010904 0.034000 0.031013 0.071003 0.896558 0.071003
1 0.748623 0.034000 0.441944 0.034000 0.441944 0.071003 0.748623 0.071003
1 0.395304 0.034000 0.034318 0.034000 0.034318 0.071003 0.395304 0.071003
3 0.010904 0.034000 0.011814 0.906059 0.031869 0.889792 0.031013 0.071003
3 0.420537 0.034000 0.420537 0.386630 0.440606 0.376945 0.440606 0.034000
3 0.420537 0.386630 0.916627 0.386630 0.916627 0.376945 0.440606 0.376945
2 0.445422 0.386630 0.534274 0.386630 0.534274 0.376945 0.445422 0.376945
3 0.603231 0.525925 0.603231 0.733404 0.623300 0.720336 0.623300 0.542193
3 0.603231 0.733404 0.916627 0.733404 0.916627 0.720336 0.623300 0.720336
2 0.624611 0.733404 0.711242 0.733404 0.711242 0.720336 0.624611 0.720336
3 0.623300 0.542193 0.916627 0.542193 0.916627 0.525925 0.603231 0.525925
3 0.602829 0.720336 0.602829 0.906059 0.618590 0.906059 0.618590 0.720336
2 0.602829 0.738968 0.602829 0.820350 0.618590 0.820350 0.618590 0.738968
3 0.603017 0.376945 0.603017 0.542193 0.614416 0.542193 0.614416 0.376945
2 0.603017 0.390415 0.603017 0.461342 0.614416 0.461342 0.614416 0.390415
3 0.096197 0.627480 0.011520 0.627480 0.011520 0.637370 0.096197 0.637370
3 0.356210 0.638379 0.356210 0.906059 0.376278 0.906059 0.376278 0.627176
3 0.376278 0.627176 0.289875 0.627360 0.289915 0.638520 0.356210 0.638379
