0 0.847289 0.358297 0.585829 0.358297 0.585829 0.208484 0.847289 0.208484
0 0.847289 0.507991 0.585829 0.507991 0.585829 0.358297 0.847289 0.358297
0 0.628111 0.636326 0.663792 0.636326 0.663792 0.750344 0.464889 0.750344 0.464889 0.515428 0.628111 0.515428
0 0.574042 0.515428 0.464889 0.515428 0.464889 0.507991 0.129463 0.507991 0.129463 0.208484 0.574042 0.208484
0 0.591487 0.871465 0.591487 0.993307 0.469498 0.993307 0.469498 0.935520 0.458889 0.935520 0.458889 0.945464 0.339092 0.945464 0.339092 0.871769 0.591487 0.871465 0.591487 0.871465
0 0.111781 0.184686 0.111781 0.033720 0.335768 0.033720 0.335768 0.108901 0.575385 0.108901 0.575385 0.184477 0.111781 0.184686 0.111781 0.184686
0 0.453101 0.849510 0.129463 0.849510 0.129463 0.615755 0.453101 0.615755
0 0.847289 0.726285 0.677937 0.726285 0.677937 0.628889 0.641077 0.628889 0.641077 0.515428 0.847289 0.515428
0 0.453101 0.608318 0.129463 0.608318 0.129463 0.515428 0.453101 0.515428
0 0.847289 0.735209 0.847289 0.849510 0.677937 0.849510 0.677937 0.735209
0 0.735790 0.993307 0.602096 0.993307 0.602096 0.863641 0.735790 0.863641
0 0.663792 0.849510 0.464889 0.849510 0.464889 0.759268 0.663792 0.759268
3 0.129463 0.849510 0.129463 0.208484 0.105887 0.184686 0.105887 0.871465
3 0.129463 0.208484 0.847289 0.208484 0.873221 0.184686 0.105887 0.184686
2 0.470417 0.208484 0.560486 0.208484 0.560486 0.184686 0.470417 0.184686
1 0.257676 0.208484 0.434524 0.208484 0.434524 0.184686 0.257676 0.184686
1 0.623655 0.208484 0.804299 0.208484 0.804299 0.184686 0.623655 0.184686
3 0.847289 0.208484 0.847289 0.849510 0.873221 0.863641 0.873221 0.184686
3 0.847289 0.849510 0.591487 0.849510 0.602096 0.863641 0.873221 0.863641
3 0.591487 0.849510 0.129463 0.849510 0.105887 0.871465 0.591487 0.871465
2 0.576564 0.849510 0.486012 0.849510 0.486012 0.871465 0.576564 0.871465
1 0.432450 0.849510 0.213779 0.849510 0.213779 0.871465 0.432450 0.871465
3 0.591487 0.849510 0.591487 1.000000 0.602096 0.993307 0.602096 0.863641
2 0.591487 0.913618 0.591487 0.957846 0.602096 0.957846 0.602096 0.913618
3 0.602096 0.993307 0.735790 0.993307 0.746399 1.000000 0.591487 1.000000
3 0.735790 0.993307 0.735790 0.863641 0.746399 0.863641 0.746399 1.000000
3 0.663792 0.849510 0.663792 0.636326 0.677937 0.628889 0.677937 0.849510
3 0.663792 0.636326 0.628111 0.636326 0.641077 0.628889 0.677937 0.628889
3 0.628111 0.636326 0.628111 0.515428 0.641077 0.507991 0.641077 0.628889
2 0.628111 0.624925 0.628111 0.578383 0.641077 0.578383 0.641077 0.624925
3 0.641077 0.515428 0.847289 0.515428 0.847289 0.507991 0.641077 0.507991
3 0.641077 0.507991 0.585829 0.507991 0.574042 0.515428 0.628111 0.515428
3 0.129463 0.515428 0.453101 0.515428 0.464889 0.507991 0.129463 0.507991
3 0.464889 0.507991 0.464889 0.849510 0.453101 0.849510 0.453101 0.515428
2 0.464889 0.618224 0.464889 0.675199 0.453101 0.675199 0.453101 0.618224
2 0.464889 0.547847 0.464889 0.587315 0.453101 0.587315 0.453101 0.547847
3 0.464889 0.759268 0.663792 0.759268 0.663792 0.750344 0.464889 0.750344
2 0.474307 0.759268 0.568749 0.759268 0.568749 0.750344 0.474307 0.750344
3 0.677937 0.735209 0.847289 0.735209 0.847289 0.726285 0.677937 0.726285
2 0.682063 0.735209 0.746399 0.735209 0.746399 0.726285 0.682063 0.726285
3 0.453101 0.615755 0.129463 0.615755 0.129463 0.608318 0.453101 0.608318
2 0.238827 0.615755 0.183933 0.615755 0.183933 0.608318 0.238827 0.608318
3 0.585829 0.507991 0.585829 0.208484 0.574042 0.208484 0.574042 0.515428
2 0.585829 0.358015 0.585829 0.266680 0.574042 0.266680 0.574042 0.358015
