0 0.215410 0.782123 0.215743 1.000000 0.396350 1.000000 0.396350 0.782684 0.215902 0.782206 0.215410 0.782123
0 0.259129 0.271615 0.384894 0.271615 0.384894 0.383476 0.263190 0.383476 0.263190 0.500242 0.168725 0.500242 0.168725 0.265504 0.196227 0.265504 0.196227 0.199527 0.259129 0.199527
0 0.384894 0.765067 0.168725 0.765067 0.168725 0.500242 0.384894 0.500242
0 0.168725 0.765067 0.042732 0.765067 0.042732 0.500242 0.168725 0.500242
0 0.191973 0.259004 0.042732 0.259004 0.042732 0.044105 0.191973 0.044105
0 0.164471 0.493741 0.042732 0.493741 0.042732 0.265504 0.164471 0.265504
0 0.384894 0.265114 0.263383 0.265114 0.263383 0.044105 0.384894 0.044105
0 0.384894 0.493741 0.267444 0.493741 0.267444 0.389977 0.384894 0.389977
0 0.259129 0.193026 0.196227 0.193026 0.196227 0.044105 0.259129 0.044105
3 0.031517 0.026966 0.031517 0.782206 0.042732 0.765067 0.042732 0.044105
1 0.031517 0.632002 0.031517 0.675350 0.042732 0.675350 0.042732 0.632002
1 0.031517 0.593452 0.031517 0.636534 0.042732 0.636534 0.042732 0.593452
1 0.031517 0.385113 0.031517 0.431086 0.042732 0.431086 0.042732 0.385113
1 0.031517 0.344034 0.031517 0.389546 0.042732 0.389546 0.042732 0.344034
1 0.031517 0.149672 0.031517 0.195207 0.042732 0.195207 0.042732 0.149672
1 0.031517 0.111536 0.031517 0.153779 0.042732 0.153779 0.042732 0.111536
3 0.031517 0.782206 0.396110 0.782206 0.384894 0.765067 0.042732 0.765067
1 0.264354 0.782206 0.293601 0.782206 0.293601 0.765067 0.264354 0.765067
1 0.235359 0.782206 0.267193 0.782206 0.267193 0.765067 0.235359 0.765067
1 0.207629 0.782206 0.238194 0.782206 0.238194 0.765067 0.207629 0.765067
1 0.180831 0.782206 0.210487 0.782206 0.210487 0.765067 0.180831 0.765067
1 0.073932 0.782206 0.101585 0.782206 0.101585 0.765067 0.073932 0.765067
2 0.300272 0.782206 0.351532 0.782206 0.351532 0.765067 0.300272 0.765067
3 0.396110 0.782206 0.396110 0.026966 0.384894 0.044105 0.384894 0.765067
1 0.396110 0.207641 0.396110 0.162697 0.384894 0.162697 0.384894 0.207641
1 0.396110 0.166958 0.396110 0.122487 0.384894 0.122487 0.384894 0.166958
1 0.396110 0.349300 0.396110 0.306229 0.384894 0.306229 0.384894 0.349300
1 0.396110 0.485373 0.396110 0.453023 0.384894 0.453023 0.384894 0.485373
1 0.396110 0.694202 0.396110 0.624366 0.384894 0.624366 0.384894 0.694202
1 0.396110 0.629041 0.396110 0.560658 0.384894 0.560658 0.384894 0.629041
3 0.396110 0.026966 0.031517 0.026966 0.042732 0.044105 0.384894 0.044105
3 0.396110 0.500242 0.263190 0.500242 0.267444 0.493741 0.396110 0.493741
3 0.263190 0.500242 0.263190 0.383476 0.267444 0.389977 0.267444 0.493741
2 0.263190 0.485025 0.263190 0.436978 0.267444 0.436978 0.267444 0.485025
3 0.263190 0.383476 0.396110 0.383476 0.396110 0.389977 0.267444 0.389977
3 0.396110 0.271615 0.259129 0.271615 0.263383 0.265114 0.396110 0.265114
3 0.259129 0.271615 0.259129 0.026966 0.263383 0.026966 0.263383 0.265114
2 0.259129 0.253957 0.259129 0.206117 0.263383 0.206117 0.263383 0.253957
3 0.031517 0.500242 0.168725 0.500242 0.164471 0.493741 0.031517 0.493741
3 0.168725 0.500242 0.168725 0.259004 0.164471 0.259004 0.164471 0.493741
2 0.168725 0.401076 0.168725 0.329277 0.164471 0.329277 0.164471 0.401076
3 0.031517 0.259004 0.191973 0.259004 0.196227 0.265504 0.031517 0.265504
3 0.191973 0.259004 0.191973 0.026966 0.196227 0.026966 0.196227 0.265504
2 0.191973 0.254169 0.191973 0.206117 0.196227 0.206117 0.196227 0.254169
3 0.263383 0.199527 0.191973 0.199527 0.191973 0.193026 0.263383 0.193026
2 0.233797 0.199527 0.206295 0.199527 0.206295 0.193026 0.233797 0.193026
0 0.831305 0.778205 0.831483 0.979239 0.984266 0.979239 0.984266 0.777176 0.831483 0.777614 0.831305 0.778205
0 0.819571 0.777614 0.819520 0.874659 0.572725 0.874659 0.572725 0.439017 0.429699 0.439017 0.429699 0.100378 0.438076 0.100378 0.438076 0.131547 0.636040 0.131547 0.636091 0.777614 0.819571 0.777614 0.819571 0.777614
0 0.768840 0.514491 0.829441 0.514491 0.829441 0.755747 0.747460 0.755747 0.747460 0.502240 0.768805 0.502240 0.768805 0.492193 0.651213 0.492193 0.651213 0.492170 0.768805 0.492170
0 0.984069 0.384593 0.853346 0.384593 0.853346 0.514491 0.768840 0.514491 0.768805 0.492170 0.651213 0.492170 0.651213 0.270339 0.984069 0.270339
0 0.984069 0.755747 0.836015 0.755747 0.836015 0.599716 0.894516 0.599716 0.894516 0.524538 0.984069 0.524538
0 0.636091 0.123237 0.445150 0.123237 0.445150 0.037923 0.636091 0.037923
0 0.740886 0.755747 0.651213 0.755747 0.651213 0.502240 0.740886 0.502240
0 0.853501 0.261042 0.736666 0.261042 0.736666 0.048933 0.853501 0.048933
0 0.730432 0.261042 0.651213 0.261042 0.651213 0.048933 0.730432 0.048933
0 0.984069 0.261042 0.860215 0.261042 0.860215 0.157349 0.984069 0.157349
0 0.984069 0.151522 0.860215 0.151522 0.860215 0.048933 0.984069 0.048933
0 0.980298 0.511347 0.939495 0.511347 0.939495 0.514491 0.903980 0.514491 0.903980 0.510714 0.863169 0.510714 0.863169 0.399746 0.980298 0.399746
0 0.887941 0.589670 0.836015 0.589670 0.836015 0.524538 0.887941 0.524538
3 0.651213 0.048933 0.651213 0.755747 0.636091 0.777614 0.636091 0.026695
2 0.651213 0.607328 0.651213 0.653295 0.636091 0.653295 0.636091 0.607328
2 0.651213 0.194770 0.651213 0.248508 0.636091 0.248508 0.636091 0.194770
3 0.636091 0.777614 0.996058 0.777614 0.984069 0.755747 0.651213 0.755747
2 0.766264 0.777614 0.799939 0.777614 0.799939 0.755747 0.766264 0.755747
2 0.866171 0.777614 0.896241 0.777614 0.896241 0.755747 0.866171 0.755747
1 0.932905 0.777614 0.969685 0.777614 0.969685 0.755747 0.932905 0.755747
3 0.996058 0.777614 0.996058 0.524538 0.984069 0.524538 0.984069 0.755747
3 0.996058 0.524538 0.996058 0.384593 0.980298 0.384593 0.980298 0.524538
3 0.996058 0.384593 0.996058 0.026695 0.984069 0.048933 0.984069 0.384593
3 0.996058 0.026695 0.636091 0.026695 0.651213 0.048933 0.984069 0.048933
1 0.823357 0.026695 0.793867 0.026695 0.793867 0.048933 0.823357 0.048933
1 0.796741 0.026695 0.768225 0.026695 0.768225 0.048933 0.796741 0.048933
3 0.996058 0.261042 0.636091 0.261042 0.636091 0.270339 0.996058 0.270339
2 0.895773 0.261042 0.872475 0.261042 0.872475 0.270339 0.895773 0.270339
2 0.839415 0.261042 0.808409 0.261042 0.808409 0.270339 0.839415 0.270339
3 0.853501 0.026695 0.853501 0.270339 0.860215 0.270339 0.860215 0.026695
3 0.730432 0.026695 0.730432 0.270339 0.736666 0.270339 0.736666 0.026695
3 0.996058 0.151522 0.853501 0.151522 0.853501 0.157349 0.996058 0.157349
2 0.905194 0.151522 0.874877 0.151522 0.874877 0.157349 0.905194 0.157349
3 0.636091 0.492193 0.768805 0.492193 0.768805 0.502240 0.636091 0.502240
3 0.740886 0.777614 0.740886 0.492193 0.747460 0.492193 0.747460 0.777614
2 0.740886 0.553413 0.740886 0.516293 0.747460 0.516293 0.747460 0.553413
3 0.829441 0.777614 0.829441 0.514491 0.836015 0.524538 0.836015 0.777614
2 0.829441 0.575569 0.829441 0.527977 0.836015 0.527977 0.836015 0.575569
2 0.829441 0.659778 0.829441 0.609178 0.836015 0.609178 0.836015 0.659778
3 0.836015 0.524538 0.853346 0.524538 0.853346 0.514491 0.829441 0.514491
3 0.853346 0.514491 0.853346 0.384593 0.863169 0.399746 0.863169 0.524538
3 0.853346 0.384593 0.996058 0.384593 0.996058 0.399746 0.863169 0.399746
3 0.853346 0.524538 0.903980 0.524538 0.903980 0.510714 0.853346 0.510714
3 0.903980 0.524538 0.939495 0.524538 0.939495 0.514491 0.903980 0.514491
2 0.906347 0.524538 0.936819 0.524538 0.936819 0.514491 0.906347 0.514491
3 0.939495 0.524538 0.996058 0.524538 0.996058 0.511347 0.939495 0.511347
3 0.887941 0.510714 0.887941 0.589670 0.894516 0.599716 0.894516 0.510714
3 0.887941 0.589670 0.829441 0.589670 0.829441 0.599716 0.894516 0.599716
3 0.996058 0.755747 0.996058 0.996673 0.984069 0.978352 0.984069 0.755747
3 0.996058 0.996673 0.937740 0.996673 0.937740 0.978352 0.984069 0.978352
3 0.651213 0.026695 0.437802 0.026695 0.445150 0.037923 0.651213 0.037923
3 0.437802 0.026695 0.437802 0.131115 0.445150 0.123237 0.445150 0.037923
3 0.437802 0.131115 0.651213 0.131115 0.651213 0.123237 0.445150 0.123237
2 0.575498 0.131115 0.609474 0.131115 0.609474 0.123237 0.575498 0.123237
