0 0.352673 0.917883 0.352673 1.000000 0.506488 1.000000 0.506488 0.918278 0.350466 0.918278 0.352673 0.917883
0 0.533158 0.192615 0.533158 0.109518 0.676458 0.109518 0.676458 0.195200 0.535252 0.195200 0.533158 0.192615
0 0.268532 0.199989 0.475901 0.199996 0.475901 0.413334 0.486033 0.413334 0.486033 0.199996 0.942874 0.200325 0.943403 0.199996 0.942874 0.576903 0.355071 0.576903 0.355071 0.496477 0.142242 0.496477 0.142242 0.199989
0 0.942874 0.911350 0.540205 0.911350 0.540205 0.817938 0.609812 0.817938 0.609812 0.584140 0.942874 0.584140
0 0.599680 0.812017 0.355071 0.812017 0.355071 0.584140 0.599680 0.584140
0 0.344939 0.791234 0.142242 0.791234 0.142242 0.655073 0.344939 0.655073
0 0.257263 0.186181 0.133968 0.186181 0.133236 0.186102 0.133236 0.023203 0.257263 0.023203
0 0.344939 0.911350 0.142242 0.911350 0.142242 0.797155 0.344939 0.797155
0 0.344939 0.576903 0.142242 0.576903 0.142242 0.502398 0.344939 0.502398
0 0.530073 0.911350 0.355071 0.911350 0.355071 0.817938 0.530073 0.817938
0 0.344939 0.649152 0.201987 0.649152 0.201987 0.635178 0.142242 0.635178 0.142242 0.584140 0.344939 0.584140
3 0.118601 0.186102 0.118601 0.925166 0.142242 0.911350 0.142242 0.186102
3 0.118601 0.925166 0.966515 0.925166 0.942874 0.911350 0.142242 0.911350
1 0.357086 0.925166 0.388934 0.925166 0.388934 0.911350 0.357086 0.911350
1 0.696328 0.925166 0.738567 0.925166 0.738567 0.911350 0.696328 0.911350
1 0.738567 0.925166 0.876340 0.925166 0.876340 0.911350 0.738567 0.911350
2 0.393043 0.925166 0.500352 0.925166 0.500352 0.911350 0.393043 0.911350
3 0.966515 0.925166 0.966515 0.186523 0.942874 0.186523 0.942874 0.911350
3 0.966515 0.186523 0.118601 0.186102 0.142242 0.199924 0.942874 0.200325
1 0.323999 0.186200 0.277336 0.186181 0.277313 0.199996 0.323988 0.200016
1 0.458890 0.186266 0.323999 0.186200 0.323988 0.200016 0.458867 0.200082
2 0.652096 0.186365 0.550033 0.186312 0.550011 0.200128 0.652085 0.200180
1 0.871578 0.186477 0.657939 0.186365 0.657928 0.200180 0.871555 0.200292
3 0.118601 0.186102 0.118601 0.014651 0.133236 0.023203 0.133236 0.186102
3 0.118601 0.014651 0.271898 0.014651 0.257263 0.023203 0.133236 0.023203
3 0.271898 0.014651 0.271898 0.199989 0.257263 0.199989 0.257263 0.023203
2 0.271898 0.024125 0.271898 0.090242 0.257263 0.090242 0.257263 0.024125
3 0.966515 0.186523 0.966515 0.015177 0.941748 0.015177 0.941748 0.186523
3 0.118601 0.576903 0.966515 0.576903 0.966515 0.584140 0.118601 0.584140
3 0.118601 0.496477 0.355071 0.496477 0.344939 0.502398 0.118601 0.502398
3 0.355071 0.496477 0.355071 0.925166 0.344939 0.925166 0.344939 0.502398
2 0.355071 0.741077 0.355071 0.789359 0.344939 0.789359 0.344939 0.741077
2 0.355071 0.537134 0.355071 0.573969 0.344939 0.573969 0.344939 0.537134
2 0.355071 0.586462 0.355071 0.630027 0.344939 0.630027 0.344939 0.586462
3 0.118601 0.791234 0.355071 0.791234 0.355071 0.797155 0.118601 0.797155
2 0.267643 0.791234 0.339805 0.791234 0.339805 0.797155 0.267643 0.797155
3 0.118601 0.649152 0.355071 0.649152 0.355071 0.655073 0.118601 0.655073
3 0.609812 0.576903 0.609812 0.817938 0.599680 0.812017 0.599680 0.576903
2 0.609812 0.587745 0.609812 0.642204 0.599680 0.642204 0.599680 0.587745
3 0.609812 0.817938 0.344939 0.817938 0.344939 0.812017 0.599680 0.812017
2 0.395025 0.817938 0.358786 0.817938 0.358786 0.812017 0.395025 0.812017
2 0.500611 0.817938 0.394631 0.817938 0.394631 0.812017 0.500611 0.812017
3 0.540205 0.812017 0.540205 0.925166 0.530073 0.925166 0.530073 0.812017
3 0.486033 0.186279 0.486033 0.413334 0.475901 0.413334 0.475901 0.186279
3 0.118601 0.635178 0.201987 0.635178 0.201987 0.651092 0.118601 0.651092
