0 0.370043 0.345940 0.340766 0.345940 0.340766 0.341113 0.307708 0.341113 0.307708 0.458412 0.235446 0.458412 0.235446 0.304368 0.370043 0.304368
0 0.370043 0.383514 0.311733 0.383514 0.311733 0.345940 0.370043 0.345940
0 0.235446 0.458412 0.235359 0.458412 0.235359 0.343981 0.231334 0.343981 0.231334 0.458412 0.075586 0.458412 0.075586 0.330665 0.135533 0.330665 0.135533 0.304368 0.235446 0.304368
0 0.327953 0.084859 0.327953 0.022681 0.220098 0.022681 0.220098 0.084871 0.327953 0.084859
0 0.206236 0.467733 0.206236 0.551687 0.380494 0.551687 0.380494 0.468111 0.206236 0.467733
0 0.494867 0.298736 0.235359 0.298736 0.235359 0.095833 0.494867 0.095833
0 0.231334 0.298736 0.135533 0.298736 0.135533 0.271380 0.075586 0.271380 0.075586 0.209053 0.160074 0.209053 0.160074 0.183697 0.231334 0.183697 0.231334 0.178870 0.160074 0.178870 0.160074 0.095833 0.231334 0.095833
0 0.494867 0.458412 0.374068 0.458412 0.374068 0.304368 0.494867 0.304368
0 0.156049 0.204226 0.075586 0.204226 0.075586 0.095833 0.156049 0.095833
0 0.370043 0.458412 0.311733 0.458412 0.311733 0.388342 0.370043 0.388342
0 0.131508 0.325838 0.075586 0.325838 0.075586 0.276208 0.131508 0.276208
3 0.494867 0.458412 0.075586 0.458412 0.066530 0.468067 0.503587 0.468067
2 0.295651 0.458412 0.263003 0.458412 0.263003 0.468067 0.295651 0.468067
1 0.454933 0.458412 0.392639 0.458412 0.392639 0.468067 0.454933 0.468067
1 0.352344 0.458412 0.314001 0.458412 0.314001 0.468067 0.352344 0.468067
1 0.253907 0.458412 0.236211 0.458412 0.236211 0.468067 0.253907 0.468067
1 0.187742 0.458412 0.146853 0.458412 0.146853 0.468067 0.187742 0.468067
1 0.142664 0.458412 0.101775 0.458412 0.101775 0.468067 0.142664 0.468067
3 0.075586 0.458412 0.075586 0.095833 0.066530 0.084971 0.066530 0.468067
2 0.075586 0.243715 0.075586 0.210140 0.066530 0.210140 0.066530 0.243715
2 0.075586 0.319969 0.075586 0.286389 0.066530 0.286389 0.066530 0.319969
1 0.075586 0.414728 0.075586 0.367696 0.066530 0.367696 0.066530 0.414728
1 0.075586 0.157210 0.075586 0.134031 0.066530 0.134031 0.066530 0.157210
3 0.075586 0.095833 0.494867 0.095833 0.503587 0.084971 0.066530 0.084971
2 0.254363 0.095833 0.282855 0.095833 0.282855 0.084971 0.254363 0.084971
1 0.286558 0.095833 0.326478 0.095833 0.326478 0.084971 0.286558 0.084971
1 0.373320 0.095833 0.413404 0.095833 0.413404 0.084971 0.373320 0.084971
1 0.416141 0.095833 0.455899 0.095833 0.455899 0.084971 0.416141 0.084971
1 0.106299 0.095833 0.148731 0.095833 0.148731 0.084971 0.106299 0.084971
1 0.161335 0.095833 0.181081 0.095833 0.181081 0.084971 0.161335 0.084971
3 0.494867 0.095833 0.494867 0.458412 0.503587 0.468067 0.503587 0.084971
1 0.494867 0.129095 0.494867 0.173310 0.503587 0.173310 0.503587 0.129095
1 0.494867 0.179292 0.494867 0.227370 0.503587 0.227370 0.503587 0.179292
1 0.494867 0.343985 0.494867 0.416582 0.503587 0.416582 0.503587 0.343985
3 0.494867 0.304368 0.135533 0.304368 0.131508 0.298736 0.494867 0.298736
2 0.229251 0.304368 0.202281 0.304368 0.202281 0.298736 0.229251 0.298736
2 0.291391 0.304368 0.245495 0.304368 0.245495 0.298736 0.291391 0.298736
2 0.435792 0.304368 0.388259 0.304368 0.388259 0.298736 0.435792 0.298736
3 0.135533 0.298736 0.135533 0.271380 0.131508 0.276208 0.131508 0.298736
3 0.131508 0.276208 0.075586 0.276208 0.075586 0.271380 0.135533 0.271380
3 0.131508 0.298736 0.131508 0.325838 0.135533 0.330665 0.135533 0.304368
3 0.131508 0.325838 0.066530 0.325838 0.066530 0.330665 0.135533 0.330665
3 0.235359 0.298736 0.235359 0.095833 0.231334 0.095833 0.231334 0.298736
3 0.160074 0.095833 0.160074 0.209053 0.156049 0.204226 0.156049 0.095833
2 0.160074 0.143420 0.160074 0.176347 0.156049 0.176347 0.156049 0.143420
3 0.160074 0.209053 0.075586 0.209053 0.075586 0.204226 0.156049 0.204226
2 0.153641 0.209053 0.127275 0.209053 0.127275 0.204226 0.153641 0.204226
3 0.231334 0.183697 0.160074 0.183697 0.160074 0.178870 0.231334 0.178870
3 0.235359 0.458412 0.235359 0.343981 0.231334 0.343981 0.231334 0.458412
3 0.311733 0.458412 0.311733 0.345940 0.307708 0.341113 0.307708 0.458412
2 0.311733 0.424206 0.311733 0.391101 0.307708 0.391101 0.307708 0.424206
2 0.311733 0.376156 0.311733 0.352510 0.307708 0.352510 0.307708 0.376156
3 0.311733 0.345940 0.340766 0.345940 0.340766 0.341113 0.307708 0.341113
3 0.374068 0.304368 0.374068 0.458412 0.370043 0.458412 0.370043 0.304368
3 0.370043 0.388342 0.311733 0.388342 0.311733 0.383514 0.370043 0.383514
0 0.967580 0.463336 0.542903 0.463336 0.542903 0.439340 0.967580 0.439340
0 0.967580 0.118961 0.542903 0.118961 0.542903 0.095463 0.967580 0.095463
0 0.899047 0.228629 0.895639 0.228629 0.841455 0.274828 0.841455 0.301616 0.777296 0.301616 0.777296 0.307248 0.841455 0.307248 0.841455 0.386374 0.777296 0.386374 0.777296 0.390800 0.841455 0.390800 0.841455 0.428478 0.707371 0.428478 0.707371 0.129823 0.899047 0.129823
0 0.964561 0.428478 0.846150 0.428478 0.846150 0.277736 0.903742 0.228629 0.964561 0.228629
0 0.702675 0.428478 0.545922 0.428478 0.545922 0.281457 0.702675 0.281457
0 0.702675 0.275825 0.545922 0.275825 0.545922 0.129823 0.702675 0.129823
0 0.964561 0.222997 0.903742 0.222997 0.903742 0.129823 0.964561 0.129823
3 0.536866 0.428478 0.973617 0.428478 0.967580 0.439340 0.542903 0.439340
2 0.717862 0.428478 0.737514 0.428478 0.737514 0.439340 0.717862 0.439340
3 0.964561 0.428478 0.964561 0.118961 0.973617 0.118961 0.973617 0.439340
1 0.964561 0.198240 0.964561 0.176062 0.973617 0.176062 0.973617 0.198240
1 0.964561 0.281220 0.964561 0.229140 0.973617 0.229140 0.973617 0.281220
1 0.964561 0.332802 0.964561 0.283211 0.973617 0.283211 0.973617 0.332802
3 0.964561 0.129823 0.536866 0.129823 0.542903 0.118961 0.973617 0.118961
2 0.734639 0.129823 0.716893 0.129823 0.716893 0.118961 0.734639 0.118961
3 0.545922 0.129823 0.545922 0.428478 0.536866 0.428478 0.536866 0.118961
1 0.545922 0.300860 0.545922 0.347899 0.536866 0.347899 0.536866 0.300860
1 0.545922 0.211399 0.545922 0.258438 0.536866 0.258438 0.536866 0.211399
3 0.536866 0.428478 0.536866 0.470578 0.542903 0.463336 0.542903 0.439340
3 0.536866 0.470578 0.973617 0.470578 0.967580 0.463336 0.542903 0.463336
3 0.973617 0.470578 0.973617 0.428478 0.967580 0.439340 0.967580 0.463336
3 0.973617 0.118961 0.973617 0.088222 0.967580 0.095463 0.967580 0.118961
3 0.973617 0.088222 0.536866 0.088222 0.542903 0.095463 0.967580 0.095463
3 0.536866 0.088222 0.536866 0.129823 0.542903 0.118961 0.542903 0.095463
3 0.707371 0.428478 0.707371 0.129823 0.702675 0.129823 0.702675 0.428478
2 0.707371 0.318017 0.707371 0.284885 0.702675 0.284885 0.702675 0.318017
2 0.707371 0.221235 0.707371 0.187901 0.702675 0.187901 0.702675 0.221235
3 0.702675 0.281457 0.545922 0.281457 0.545922 0.275825 0.702675 0.275825
3 0.841455 0.428478 0.841455 0.274828 0.846150 0.277736 0.846150 0.428478
3 0.841455 0.274828 0.895639 0.228629 0.903742 0.228629 0.846150 0.277736
2 0.852818 0.265137 0.890159 0.233299 0.892879 0.237890 0.855538 0.269727
3 0.903742 0.222997 0.903742 0.129823 0.899047 0.129823 0.899047 0.228629
2 0.903742 0.188102 0.903742 0.154773 0.899047 0.154773 0.899047 0.188102
3 0.899047 0.228629 0.964561 0.228629 0.964561 0.222997 0.903742 0.222997
3 0.841455 0.307248 0.777296 0.307248 0.777296 0.301616 0.841455 0.301616
3 0.841455 0.390800 0.777296 0.390800 0.777296 0.386374 0.841455 0.386374
