0 0.971361 0.653059 0.733823 0.653059 0.733823 0.748088 0.509401 0.748088 0.509401 0.281745 0.971361 0.281745
0 0.971361 0.909860 0.733823 0.909860 0.733466 0.748259 0.733823 0.748088 0.733823 0.653059 0.971361 0.653059
0 0.493862 0.311349 0.509401 0.311349 0.509401 0.547656 0.493862 0.547656 0.493862 0.550561 0.418837 0.550561 0.418837 0.595368 0.174043 0.595368 0.174043 0.281745 0.493862 0.281745
0 0.733481 0.843059 0.718284 0.843059 0.718284 0.909860 0.437997 0.909860 0.437997 0.748088 0.733823 0.748088
0 0.750808 0.930665 0.750808 1.000000 0.416413 1.000000 0.416413 0.930665 0.750808 0.930665 0.750808 0.930665
0 0.164035 0.260197 0.164035 0.085563 0.953381 0.085563 0.953381 0.260197 0.164035 0.260197 0.164035 0.260197
0 0.493862 0.602798 0.493862 0.741401 0.424012 0.741401 0.424012 0.792100 0.187982 0.792100 0.187982 0.725856 0.174043 0.725856 0.174043 0.602798
0 0.416242 0.905305 0.181424 0.905305 0.181424 0.802503 0.288181 0.802503 0.288181 0.799828 0.416242 0.799828
3 0.174043 0.281745 0.971361 0.281745 1.000000 0.260197 0.142964 0.260197
1 0.233109 0.281745 0.463202 0.281745 0.463202 0.260197 0.233109 0.260197
2 0.517078 0.281745 0.652225 0.281745 0.652225 0.260197 0.517078 0.260197
1 0.693094 0.281745 0.938246 0.281745 0.938246 0.260197 0.693094 0.260197
3 1.000000 0.260197 1.000000 0.930665 0.971361 0.909860 0.971361 0.281745
3 1.000000 0.930665 0.437997 0.930665 0.437997 0.909860 0.971361 0.909860
2 0.691820 0.930665 0.552275 0.930665 0.552275 0.909860 0.691820 0.909860
3 0.437997 0.930665 0.142964 0.930665 0.181424 0.905305 0.437997 0.905305
1 0.397781 0.930665 0.288647 0.930665 0.288647 0.905305 0.397781 0.905305
3 0.142964 0.725856 0.142964 0.260197 0.174043 0.281745 0.174043 0.725856
3 0.142964 0.930665 0.142964 0.792100 0.181424 0.792100 0.181424 0.905305
3 0.142964 0.792100 0.142964 0.725856 0.187982 0.725856 0.187982 0.792100
3 0.142964 0.792100 0.288181 0.792100 0.288181 0.802503 0.142964 0.802503
3 0.288181 0.792100 0.424012 0.792100 0.437997 0.799828 0.288181 0.799828
2 0.294381 0.792100 0.415543 0.792100 0.415543 0.799828 0.294381 0.799828
3 0.437997 0.792100 0.437997 0.930665 0.416242 0.930665 0.416242 0.799828
3 0.437997 0.799828 0.437997 0.748088 0.424012 0.741401 0.424012 0.792100
3 0.424012 0.741401 0.493862 0.741401 0.509401 0.748088 0.437997 0.748088
3 0.509401 0.748088 0.509401 0.547656 0.493862 0.547656 0.493862 0.741401
2 0.509401 0.726302 0.509401 0.667526 0.493862 0.667526 0.493862 0.726302
3 0.509401 0.489110 0.509401 0.364619 0.493862 0.364619 0.493862 0.489110
3 0.509401 0.311349 0.509401 0.260197 0.493862 0.260197 0.493862 0.311349
3 0.733823 0.930665 0.733823 0.843059 0.718284 0.843059 0.718284 0.930665
3 0.142964 0.595368 0.418837 0.595368 0.418837 0.602798 0.142964 0.602798
3 0.418837 0.550561 0.509401 0.550561 0.509401 0.602798 0.418837 0.602798
3 1.000000 0.260197 1.000000 0.188477 0.953381 0.188477 0.953381 0.260197
3 0.953381 0.188477 0.953381 0.085563 0.967367 0.085563 0.967367 0.188477
3 0.164035 0.085563 0.164035 0.260197 0.148822 0.260197 0.148822 0.085563
