0 0.667445 0.748941 0.667445 0.659558 0.676785 0.659558 0.676785 0.600348 0.976225 0.600212 0.976131 0.898618 0.676785 0.898618 0.676785 0.748941 0.667445 0.748941 0.667445 0.748941
0 0.373363 0.099443 0.744307 0.099810 0.744307 0.437289 0.540664 0.437015 0.540757 0.445556 0.423970 0.445316 0.423970 0.435922 0.374255 0.435922 0.373312 0.435922 0.373363 0.099443 0.373363 0.099443
0 0.592078 0.590817 0.540825 0.590817 0.540825 0.600212 0.667521 0.600212 0.667521 0.783111 0.373363 0.783111 0.373363 0.445556 0.592078 0.445556
0 0.364210 0.437015 0.111038 0.437015 0.111038 0.099810 0.364210 0.099810
0 0.364210 0.898755 0.111038 0.898755 0.111038 0.580381 0.364210 0.580381
0 0.364210 0.572695 0.111038 0.572695 0.111038 0.445556 0.364210 0.445556
0 0.976225 0.590817 0.753647 0.590817 0.753647 0.445556 0.976225 0.445556
0 0.744307 0.590817 0.601163 0.590817 0.601163 0.445556 0.744307 0.445556
0 0.532419 0.898755 0.373363 0.898755 0.373363 0.792505 0.532419 0.792505
0 0.667521 0.898755 0.541759 0.898755 0.541759 0.792505 0.667521 0.792505
3 0.111038 0.099810 0.744307 0.099810 0.771478 0.072481 0.094438 0.072481
1 0.147440 0.099810 0.275291 0.099810 0.275291 0.072481 0.147440 0.072481
1 0.519283 0.099810 0.617899 0.099810 0.617899 0.072481 0.519283 0.072481
1 0.633489 0.099810 0.732487 0.099810 0.732487 0.072481 0.633489 0.072481
3 0.744307 0.099810 0.744307 0.445556 0.771478 0.420789 0.771478 0.072481
1 0.744307 0.110853 0.744307 0.164255 0.771478 0.164255 0.771478 0.110853
3 0.744307 0.445556 0.976225 0.445556 1.000000 0.420789 0.771478 0.420789
2 0.840579 0.445556 0.909383 0.445556 0.909383 0.420789 0.840579 0.420789
3 0.976225 0.445556 0.976225 0.898755 1.000000 0.922668 1.000000 0.420789
3 0.976225 0.898755 0.111038 0.898755 0.094438 0.922668 1.000000 0.922668
1 0.875970 0.898755 0.726942 0.898755 0.726942 0.922668 0.875970 0.922668
1 0.306275 0.898755 0.156874 0.898755 0.156874 0.922668 0.306275 0.922668
2 0.478934 0.898755 0.402038 0.898755 0.402038 0.922668 0.478934 0.922668
3 0.111038 0.898755 0.111038 0.099810 0.094438 0.072481 0.094438 0.922668
3 0.373363 0.072481 0.373363 0.922668 0.364210 0.922668 0.364210 0.072481
2 0.373363 0.341048 0.373363 0.410771 0.364210 0.410771 0.364210 0.341048
2 0.373363 0.642734 0.373363 0.711014 0.364210 0.711014 0.364210 0.642734
3 0.094438 0.580381 0.373363 0.580381 0.373363 0.572695 0.094438 0.572695
3 0.540664 0.445556 0.771478 0.445556 0.771478 0.437015 0.540664 0.437015
3 0.744307 0.420789 0.744307 0.590817 0.753647 0.600212 0.753647 0.420789
2 0.744307 0.530309 0.744307 0.584079 0.753647 0.584079 0.753647 0.530309
3 0.744307 0.600212 1.000000 0.600212 1.000000 0.590817 0.744307 0.590817
2 0.842659 0.600212 0.907557 0.600212 0.907557 0.590817 0.842659 0.590817
3 0.753647 0.600212 0.540825 0.600212 0.540825 0.590817 0.744307 0.590817
3 0.601163 0.600212 0.601163 0.437015 0.592078 0.437015 0.592078 0.600212
3 0.667521 0.792505 0.364210 0.792505 0.364210 0.783111 0.667521 0.783111
2 0.477482 0.792505 0.400679 0.792505 0.400679 0.783111 0.477482 0.783111
2 0.599406 0.792505 0.550845 0.792505 0.550845 0.783111 0.599406 0.783111
3 0.541759 0.783111 0.541759 0.922668 0.532419 0.922668 0.532419 0.783111
3 0.094438 0.445316 0.423970 0.445316 0.423970 0.435922 0.094438 0.435922
2 0.254555 0.445316 0.302997 0.445316 0.302997 0.435922 0.254555 0.435922
3 0.667445 0.590817 0.667445 0.659558 0.676785 0.659558 0.676785 0.590817
3 0.667445 0.922668 0.667445 0.748941 0.676785 0.748941 0.676785 0.922668
