0 0.025552 0.637759 0.468933 0.637759 0.467973 0.493527 0.025552 0.493527 0.025552 0.637759 0.025552 0.637759
0 0.495315 0.284178 0.566844 0.284178 0.566844 0.321351 0.495744 0.321351 0.495744 0.423376 0.361121 0.423376 0.361121 0.356145 0.243343 0.356145 0.243343 0.253151 0.381988 0.253151 0.381988 0.245937 0.013042 0.245937 0.013042 0.077870 0.495315 0.077870
0 0.960602 0.594833 0.508643 0.594833 0.508643 0.493527 0.508733 0.493527 0.508733 0.329141 0.960602 0.329141
0 0.960602 0.321351 0.586309 0.321351 0.586309 0.273496 0.506852 0.273496 0.506852 0.077870 0.960602 0.077870
0 0.983429 0.991682 0.681871 0.991269 0.681871 0.832602 0.983429 0.832602
0 0.347197 0.472704 0.012302 0.472704 0.012302 0.364128 0.243343 0.364128 0.243343 0.363893 0.347197 0.363893
0 0.230976 0.356245 0.018972 0.356245 0.018972 0.253151 0.230976 0.253151
0 0.495744 0.472704 0.361121 0.472704 0.361121 0.431416 0.495744 0.431416
2 0.366675 0.493527 0.462030 0.493527 0.462030 0.472704 0.366675 0.472704
1 0.028316 0.493527 0.102219 0.493527 0.102219 0.472704 0.028316 0.472704
3 0.467973 0.493527 0.467973 0.617307 0.508643 0.594833 0.508643 0.472704
1 0.467973 0.553829 0.467973 0.594747 0.508643 0.594747 0.508643 0.553829
3 0.467973 0.617307 0.999312 0.617307 0.960602 0.594833 0.508643 0.594833
1 0.510680 0.617307 0.737088 0.617307 0.737088 0.594833 0.510680 0.594833
3 0.999312 0.617307 0.999312 0.054961 0.960602 0.077870 0.960602 0.594833
2 0.478108 0.054961 0.373268 0.054961 0.373268 0.077870 0.478108 0.077870
1 0.845925 0.054961 0.619517 0.054961 0.619517 0.077870 0.845925 0.077870
1 0.365572 0.054961 0.132455 0.054961 0.132455 0.077870 0.365572 0.077870
3 0.508733 0.493527 0.508733 0.329141 0.495744 0.321351 0.495744 0.493527
2 0.508733 0.391815 0.508733 0.332631 0.495744 0.332631 0.495744 0.391815
3 0.508733 0.329141 0.999312 0.329141 0.999312 0.321351 0.495744 0.321351
2 0.593953 0.329141 0.698352 0.329141 0.698352 0.321351 0.593953 0.321351
3 0.586309 0.329141 0.586309 0.273496 0.566844 0.284178 0.566844 0.329141
3 0.586309 0.273496 0.506852 0.273496 0.495315 0.284178 0.566844 0.284178
3 0.506852 0.273496 0.506852 0.054961 0.495315 0.054961 0.495315 0.284178
3 0.230976 0.245937 0.230976 0.356245 0.243343 0.364128 0.243343 0.245937
2 0.217688 0.356245 0.135310 0.356245 0.135310 0.364128 0.217688 0.364128
3 0.230976 0.363893 0.347197 0.363893 0.361121 0.356145 0.230976 0.356145
3 0.347197 0.363893 0.347197 0.493527 0.361121 0.493527 0.361121 0.356145
2 0.347197 0.366741 0.347197 0.422607 0.361121 0.422607 0.361121 0.366741
3 0.347197 0.431416 0.508733 0.431416 0.508733 0.423376 0.347197 0.423376
2 0.366026 0.431416 0.463963 0.431416 0.463963 0.423376 0.366026 0.423376
3 1.000000 1.000000 1.000000 0.824043 0.983429 0.832602 0.983429 0.991682
3 1.000000 0.824043 0.669180 0.824043 0.681871 0.832602 0.983429 0.832602
3 0.669180 0.824043 0.669180 0.999551 0.681871 0.991269 0.681871 0.832602
2 0.669180 0.882821 0.669180 0.941663 0.681871 0.941663 0.681871 0.882821
3 0.669180 0.999551 1.000000 1.000000 0.983429 0.991682 0.681871 0.991269
