0 0.801134 0.596779 0.765112 0.596779 0.765112 0.558513 0.801134 0.558513
0 0.267145 0.768892 0.225445 0.768892 0.225445 0.745710 0.246667 0.745710 0.246667 0.714495 0.267145 0.714495
0 0.471404 0.757212 0.385351 0.757212 0.385351 0.714886 0.471404 0.714886
0 0.380224 0.658744 0.308955 0.658744 0.308955 0.599675 0.380224 0.599675
0 0.696963 0.915331 0.697114 0.915331 0.697114 0.930558 0.594165 0.930558 0.594165 0.887116 0.696963 0.887116
0 0.993931 0.711738 0.924467 0.711738 0.924467 0.632931 0.993931 0.632931
0 0.241404 0.728564 0.185117 0.728564 0.185117 0.637047 0.241404 0.637047
0 0.219230 0.836128 0.159730 0.836128 0.159730 0.745710 0.219230 0.745710
0 0.151929 0.836128 0.066381 0.836128 0.066381 0.735077 0.151929 0.735077 0.151929 0.728564
0 0.760213 0.601303 0.801134 0.601303 0.801134 0.660507 0.703921 0.660507 0.703921 0.558513 0.760213 0.558513
0 0.179267 0.728564 0.066381 0.728564 0.060354 0.728533 0.060354 0.637047 0.179267 0.637047
0 0.179267 0.632015 0.060354 0.632015 0.060354 0.506109 0.179267 0.506109
0 0.801134 0.553211 0.703921 0.553211 0.703921 0.411588 0.801134 0.411588
0 0.918185 0.718251 0.993931 0.718251 0.993931 0.905579 0.871773 0.905579 0.871773 0.718112 0.918185 0.718112
0 0.865762 0.905579 0.703697 0.905579 0.703697 0.839697 0.733588 0.839697 0.733588 0.718112 0.865762 0.718112
0 0.380218 0.970648 0.225408 0.970648 0.225408 0.851399 0.225445 0.851399 0.225445 0.775405 0.380218 0.775405
0 0.993931 0.626418 0.924467 0.626418 0.924467 0.600869 0.806729 0.600869 0.806729 0.411588 0.993931 0.411588
0 0.392486 0.287732 0.287561 0.287732 0.287561 0.141233 0.439121 0.141233 0.439121 0.247920 0.992122 0.247920 0.992122 0.402075 0.712434 0.402075 0.712585 0.333258 0.392486 0.333258 0.392486 0.287732 0.392486 0.287732
0 0.601752 0.939095 0.601752 1.000000 0.992090 1.000000 0.992090 0.915522 0.706854 0.915331 0.706854 0.939095 0.601752 0.939095
0 0.055252 0.851386 0.212647 0.851399 0.212647 0.979983 0.048170 0.979983 0.048170 0.851551 0.056256 0.851551 0.055252 0.851386
0 0.055549 0.128141 0.211030 0.128141 0.210946 0.027502 0.054566 0.027502 0.054566 0.129136 0.055549 0.128141
0 0.223999 0.441344 0.060354 0.441344 0.060354 0.139561 0.223999 0.139561
0 0.593864 0.868515 0.588144 0.868515 0.588144 0.930558 0.588128 0.930558 0.588128 0.970648 0.385351 0.970648 0.385351 0.760911 0.508081 0.760911 0.508081 0.757212 0.476797 0.757212 0.476797 0.714886 0.506557 0.714886 0.506557 0.710592 0.593864 0.710592
0 0.327608 0.710692 0.327608 0.735997 0.335408 0.735997 0.335408 0.716362 0.380218 0.716362 0.380218 0.768892 0.273094 0.768892 0.273094 0.710592 0.380218 0.710592 0.380151 0.710692
0 0.698502 0.718112 0.727259 0.718112 0.727259 0.833948 0.696963 0.833948 0.696963 0.880603 0.594165 0.880603 0.594165 0.868515 0.593864 0.868515 0.593864 0.711599 0.698502 0.711599
0 0.698617 0.402639 0.698502 0.402639 0.698502 0.665209 0.806729 0.665209 0.806729 0.607382 0.918185 0.607382 0.918185 0.711599 0.593864 0.711599 0.593864 0.710592 0.385294 0.710592 0.384774 0.663859 0.385278 0.663859 0.385278 0.599675 0.385283 0.599675 0.385283 0.343466 0.698617 0.343466
0 0.277161 0.296420 0.380260 0.296420 0.380260 0.343466 0.380281 0.343466 0.380281 0.594374 0.380224 0.594430 0.303183 0.594430 0.303183 0.663859 0.384774 0.663859 0.385294 0.710592 0.273094 0.710592 0.273094 0.709810 0.246667 0.709810 0.246667 0.632015 0.185117 0.632015 0.185117 0.500934 0.060354 0.500934 0.060354 0.441344 0.223999 0.441344 0.223999 0.139561 0.277161 0.139561
3 0.218747 0.020989 0.047748 0.020989 0.055549 0.027502 0.210952 0.027502
3 0.047748 0.020989 0.047748 0.139561 0.055549 0.128141 0.055549 0.027502
3 0.047748 0.139561 0.277161 0.139561 0.287561 0.128141 0.055549 0.128141
1 0.221825 0.139561 0.268820 0.139561 0.268820 0.128141 0.221825 0.128141
3 0.277161 0.139561 0.277161 0.296420 0.287561 0.287732 0.287561 0.128141
1 0.277161 0.141276 0.277161 0.243500 0.287561 0.243500 0.287561 0.141276
3 0.277161 0.296420 0.380260 0.296420 0.392486 0.287732 0.287561 0.287732
2 0.290010 0.296420 0.330421 0.296420 0.330421 0.287732 0.290010 0.287732
1 0.333682 0.296420 0.379173 0.296420 0.379173 0.287732 0.333682 0.287732
3 0.380260 0.296420 0.380260 0.343466 0.392486 0.333258 0.392486 0.287732
3 0.380260 0.343466 0.698617 0.343466 0.712585 0.333258 0.392486 0.333258
2 0.610941 0.343466 0.652059 0.343466 0.652059 0.333258 0.610941 0.333258
1 0.450198 0.343466 0.602413 0.343466 0.602413 0.333258 0.450198 0.333258
3 0.698617 0.343466 0.698617 0.411588 0.712585 0.402639 0.712585 0.333258
3 0.698617 0.411588 0.993931 0.411588 0.999792 0.402639 0.712585 0.402639
2 0.713937 0.411588 0.756193 0.411588 0.756193 0.402639 0.713937 0.402639
1 0.888170 0.411588 0.975263 0.411588 0.975263 0.402639 0.888170 0.402639
3 0.993931 0.411588 0.993931 0.905579 0.999792 0.915331 0.999792 0.402639
3 0.993931 0.905579 0.697114 0.905579 0.706854 0.915331 0.999792 0.915331
1 0.854545 0.905579 0.764587 0.905579 0.764587 0.915331 0.854545 0.915331
1 0.973209 0.905579 0.881669 0.905579 0.881669 0.915331 0.973209 0.915331
3 0.697114 0.905579 0.697114 0.930558 0.706854 0.939095 0.706854 0.915331
3 0.697114 0.930558 0.588128 0.930558 0.601752 0.939095 0.706854 0.939095
2 0.652652 0.930558 0.607124 0.930558 0.607124 0.939095 0.652652 0.939095
1 0.696433 0.930558 0.658003 0.930558 0.658003 0.939095 0.696433 0.939095
3 0.588128 0.930558 0.588128 0.970648 0.601752 0.981012 0.601752 0.939095
3 0.588128 0.970648 0.225408 0.970648 0.212647 0.981012 0.601752 0.981012
1 0.339085 0.970648 0.245705 0.970648 0.245705 0.981012 0.339085 0.981012
1 0.547426 0.970648 0.441716 0.970648 0.441716 0.981012 0.547426 0.981012
3 0.225408 0.970648 0.225408 0.836128 0.212647 0.851399 0.212647 0.981012
3 0.225408 0.836128 0.066381 0.836128 0.047681 0.851399 0.212647 0.851399
2 0.207582 0.836128 0.161940 0.836128 0.161940 0.851399 0.207582 0.851399
3 0.066381 0.836128 0.066381 0.728533 0.047681 0.728533 0.047681 0.851399
3 0.060354 0.728533 0.060354 0.127056 0.047660 0.127056 0.047660 0.728533
3 0.698502 0.402639 0.698502 0.665209 0.703921 0.660507 0.703921 0.402639
3 0.698502 0.665209 0.806729 0.665209 0.801134 0.660507 0.703921 0.660507
2 0.736360 0.665209 0.773276 0.665209 0.773276 0.660507 0.736360 0.660507
3 0.806729 0.665209 0.806729 0.402639 0.801134 0.402639 0.801134 0.660507
2 0.806729 0.524181 0.806729 0.489818 0.801134 0.489818 0.801134 0.524181
3 0.698502 0.558513 0.806729 0.558513 0.806729 0.553211 0.698502 0.553211
2 0.708232 0.558513 0.744316 0.558513 0.744316 0.553211 0.708232 0.553211
3 0.760213 0.553211 0.760213 0.601303 0.765112 0.596779 0.765112 0.553211
2 0.760213 0.565521 0.760213 0.595220 0.765112 0.595220 0.765112 0.565521
3 0.760213 0.601303 0.806729 0.601303 0.806729 0.596779 0.765112 0.596779
3 0.801134 0.607382 0.918185 0.607382 0.924467 0.600869 0.801134 0.600869
2 0.842839 0.607382 0.883016 0.607382 0.883016 0.600869 0.842839 0.600869
3 0.918185 0.607382 0.918185 0.718251 0.924467 0.711738 0.924467 0.600869
2 0.918185 0.657298 0.918185 0.687453 0.924467 0.687453 0.924467 0.657298
3 0.918185 0.718251 0.999792 0.718251 0.999792 0.711738 0.924467 0.711738
3 0.918185 0.632931 0.999792 0.632931 0.999792 0.626418 0.918185 0.626418
3 0.924467 0.711599 0.698502 0.711599 0.698502 0.718112 0.924467 0.718112
2 0.863084 0.711599 0.823427 0.711599 0.823427 0.718112 0.863084 0.718112
2 0.914129 0.711599 0.874696 0.711599 0.874696 0.718112 0.914129 0.718112
3 0.703697 0.915331 0.703697 0.839697 0.696963 0.833948 0.696963 0.915331
3 0.703697 0.839697 0.733588 0.839697 0.727259 0.833948 0.696963 0.833948
3 0.733588 0.839697 0.733588 0.711599 0.727259 0.711599 0.727259 0.833948
3 0.865762 0.711599 0.865762 0.915331 0.871773 0.915331 0.871773 0.711599
3 0.380281 0.333258 0.380281 0.594430 0.385283 0.599675 0.385283 0.333258
3 0.380281 0.594430 0.303183 0.594430 0.308955 0.599675 0.385283 0.599675
3 0.303183 0.594430 0.303183 0.663859 0.308955 0.658744 0.308955 0.599675
2 0.303183 0.600791 0.303183 0.630000 0.308955 0.630000 0.308955 0.600791
3 0.303183 0.663859 0.385278 0.663859 0.380224 0.658744 0.308955 0.658744
3 0.385278 0.663859 0.385283 0.594374 0.380229 0.594374 0.380224 0.658744
3 0.159730 0.745710 0.246667 0.745710 0.241404 0.728564 0.151929 0.728564
3 0.151929 0.728564 0.060354 0.728537 0.047660 0.735046 0.151929 0.735077
3 0.246667 0.745710 0.246667 0.632015 0.241404 0.637047 0.241404 0.728564
2 0.246667 0.694479 0.246667 0.665821 0.241404 0.665821 0.241404 0.694479
3 0.246667 0.632015 0.047660 0.632015 0.047660 0.637047 0.241404 0.637047
2 0.146911 0.632015 0.110832 0.632015 0.110832 0.637047 0.146911 0.637047
3 0.185117 0.728564 0.185117 0.500934 0.179267 0.506109 0.179267 0.728564
3 0.185117 0.500934 0.047660 0.500934 0.047660 0.506109 0.179267 0.506109
2 0.155627 0.500934 0.114212 0.500934 0.114212 0.506109 0.155627 0.506109
3 0.151929 0.728564 0.151929 0.851399 0.159730 0.851399 0.159730 0.745710
3 0.225445 0.851399 0.225445 0.745710 0.219230 0.745710 0.219230 0.851399
3 0.047738 0.836128 0.047738 0.980409 0.055538 0.973896 0.055538 0.836128
3 0.047738 0.980409 0.150806 0.980409 0.150806 0.973896 0.055538 0.973896
3 0.594165 0.939095 0.594165 0.868515 0.588144 0.868515 0.588144 0.939095
3 0.594165 0.843596 0.594165 0.804162 0.588950 0.804162 0.588950 0.843596
3 0.594165 0.761363 0.594165 0.711087 0.589022 0.714886 0.589022 0.761363
3 0.594165 0.711087 0.568528 0.711087 0.568528 0.714886 0.589022 0.714886
3 0.506557 0.710592 0.380218 0.710592 0.385351 0.714886 0.506557 0.714886
3 0.380218 0.710592 0.380218 0.981012 0.385351 0.981012 0.385351 0.714886
3 0.219230 0.775405 0.385351 0.775405 0.385351 0.768892 0.219230 0.768892
2 0.277431 0.775405 0.318227 0.775405 0.318227 0.768892 0.277431 0.768892
3 0.241404 0.714495 0.267145 0.714495 0.273094 0.709810 0.241404 0.709810
3 0.267145 0.714495 0.267145 0.775405 0.273094 0.775405 0.273094 0.709810
2 0.267145 0.737143 0.267145 0.766573 0.273094 0.766573 0.273094 0.737143
3 0.385351 0.710692 0.327608 0.710692 0.335408 0.716362 0.385351 0.716362
3 0.327608 0.710692 0.327608 0.735997 0.335408 0.735997 0.335408 0.716362
3 0.380218 0.760911 0.508081 0.760911 0.508081 0.757212 0.380218 0.757212
2 0.421737 0.760911 0.451706 0.760911 0.451706 0.757212 0.421737 0.757212
3 0.471404 0.710592 0.471404 0.760911 0.476797 0.760911 0.476797 0.710592
3 0.992085 0.905579 0.992085 0.983127 0.999886 0.983127 0.999886 0.905579
3 0.588144 0.887116 0.703697 0.887116 0.703697 0.880603 0.588144 0.880603
2 0.606791 0.887116 0.653651 0.887116 0.653651 0.880603 0.606791 0.880603
1 0.658825 0.887116 0.695226 0.887116 0.695226 0.880603 0.658825 0.880603
3 0.277161 0.141280 0.393089 0.141280 0.393089 0.127963 0.277161 0.127963
3 1.000000 0.411588 1.000000 0.337591 0.992200 0.337591 0.992200 0.411588
3 0.210952 0.027502 0.211030 0.139561 0.218830 0.139557 0.218747 0.020989
2 0.210988 0.078347 0.211009 0.110834 0.218809 0.110830 0.218788 0.078343
