0 0.772995 0.710756 0.772876 0.710756 0.772876 0.498999 0.764611 0.498999 0.764611 0.710756 0.416064 0.710756 0.416064 0.282002 0.772995 0.282002
0 0.980715 0.710756 0.772995 0.710756 0.772995 0.282002 0.980715 0.282002
0 0.607565 0.259434 0.607565 0.087152 0.981633 0.087152 0.981633 0.259434 0.607565 0.259434 0.607565 0.259434
0 0.406880 0.710756 0.149212 0.710756 0.149212 0.282002 0.406880 0.282002
0 0.718501 0.886679 0.320758 0.886679 0.320758 0.720568 0.718501 0.720568
0 0.974755 0.882852 0.728603 0.882852 0.728603 0.720568 0.974755 0.720568
0 0.311575 0.886679 0.149212 0.886679 0.149212 0.720568 0.311575 0.720568
3 0.149212 0.282002 0.980715 0.282002 1.000000 0.259434 0.130845 0.259434
1 0.200391 0.282002 0.342229 0.282002 0.342229 0.259434 0.200391 0.259434
1 0.428525 0.282002 0.568747 0.282002 0.568747 0.259434 0.428525 0.259434
2 0.662803 0.282002 0.737685 0.282002 0.737685 0.259434 0.662803 0.259434
1 0.741698 0.282002 0.936919 0.282002 0.936919 0.259434 0.741698 0.259434
3 0.149212 0.886679 0.149212 0.282002 0.130845 0.259434 0.130845 0.907285
3 0.130845 0.710756 0.980715 0.710756 0.980715 0.720568 0.130845 0.720568
2 0.639092 0.710756 0.715654 0.710756 0.715654 0.720568 0.639092 0.720568
2 0.324174 0.710756 0.402059 0.710756 0.402059 0.720568 0.324174 0.720568
3 0.320758 0.710756 0.320758 0.907285 0.311575 0.907285 0.311575 0.710756
2 0.320758 0.768668 0.320758 0.841435 0.311575 0.841435 0.311575 0.768668
3 0.416064 0.720568 0.416064 0.259434 0.406880 0.259434 0.406880 0.720568
3 0.772876 0.498999 0.772876 0.720568 0.764611 0.720568 0.764611 0.498999
3 1.000000 0.907285 0.728603 0.907285 0.728603 0.882852 0.974755 0.882852
3 0.728603 0.907285 0.130845 0.907285 0.149212 0.886679 0.728603 0.886679
2 0.606968 0.907285 0.520194 0.907285 0.520194 0.886679 0.606968 0.886679
3 1.000000 0.259434 1.000000 0.710756 0.980715 0.710756 0.980715 0.282002
3 1.000000 0.710756 1.000000 0.907285 0.974755 0.882852 0.974755 0.710756
3 1.000000 0.259434 1.000000 0.098083 0.981633 0.098083 0.981633 0.259434
3 0.607565 0.259434 0.607565 0.099682 0.590117 0.099682 0.590117 0.259434
3 0.728603 0.907285 0.728603 0.710756 0.718501 0.710756 0.718501 0.907285
2 0.728603 0.877289 0.728603 0.805022 0.718501 0.805022 0.718501 0.877289
