0 0.121553 0.903237 0.032070 0.903237 0.032070 0.775943 0.121553 0.775943
0 0.150918 0.733258 0.121553 0.733258 0.121553 0.765626 0.032070 0.765626 0.032630 0.571786 0.150918 0.571786
0 0.466463 0.675090 0.443594 0.675090 0.371464 0.709345 0.371464 0.714179 0.317432 0.714179 0.317432 0.571085 0.466463 0.571085
0 0.634953 0.458763 0.480238 0.458763 0.480238 0.313260 0.634953 0.313260
0 0.206305 0.558975 0.032630 0.558975 0.032842 0.228830 0.206305 0.228830
0 0.311087 0.723847 0.371464 0.723847 0.371464 0.903237 0.127780 0.903237 0.127780 0.744404 0.158450 0.744404 0.158450 0.696492 0.250890 0.696492 0.250890 0.696074 0.311087 0.696074
0 0.466463 0.561981 0.311087 0.561981 0.311087 0.571786 0.213109 0.571786 0.213109 0.228830 0.466463 0.228830
0 0.311087 0.696074 0.250890 0.696074 0.250890 0.685808 0.158450 0.685808 0.158450 0.571786 0.311087 0.571786
0 0.475294 0.209888 0.475294 0.050508 0.643230 0.050508 0.643353 0.300450 0.480742 0.300450 0.480305 0.208496 0.475423 0.208496 0.475294 0.209888
0 0.471077 0.744976 0.388845 0.744976 0.388968 0.718876 0.439271 0.695348 0.471077 0.695288 0.471077 0.744976 0.471077 0.744976
3 0.019812 0.931395 0.388968 0.931395 0.371464 0.903237 0.032070 0.903237
1 0.039288 0.931395 0.116486 0.931395 0.116486 0.903237 0.039288 0.903237
1 0.151932 0.931395 0.175025 0.931395 0.175025 0.903237 0.151932 0.903237
1 0.283940 0.931395 0.371396 0.931395 0.371396 0.903237 0.283940 0.903237
3 0.388968 0.931395 0.388968 0.718876 0.371464 0.709345 0.371464 0.903237
1 0.388968 0.902785 0.388968 0.763355 0.371464 0.763355 0.371464 0.902785
3 0.388968 0.718876 0.438638 0.695288 0.443594 0.675090 0.371464 0.709345
2 0.393806 0.716579 0.436902 0.696116 0.433581 0.679847 0.390486 0.700310
3 0.438638 0.695288 0.480238 0.695288 0.466463 0.675090 0.443594 0.675090
1 0.443465 0.695288 0.465853 0.695288 0.465853 0.675090 0.443465 0.675090
3 0.480238 0.695288 0.480238 0.208496 0.466463 0.228830 0.466463 0.675090
2 0.480238 0.295958 0.480238 0.232042 0.466463 0.232042 0.466463 0.295958
1 0.480238 0.673006 0.480238 0.584075 0.466463 0.584075 0.466463 0.673006
1 0.480238 0.525386 0.480238 0.492309 0.466463 0.492309 0.466463 0.525386
3 0.480238 0.208496 0.020635 0.208496 0.032842 0.228830 0.466463 0.228830
1 0.398628 0.208496 0.304211 0.208496 0.304211 0.228830 0.398628 0.228830
1 0.162717 0.208496 0.082546 0.208496 0.082546 0.228830 0.162717 0.228830
3 0.020635 0.208496 0.019812 0.931395 0.032070 0.903237 0.032842 0.228830
3 0.480238 0.561981 0.311087 0.561981 0.317432 0.571085 0.480238 0.571085
3 0.311087 0.561981 0.311087 0.723847 0.317432 0.714179 0.317432 0.571085
2 0.311087 0.577158 0.311087 0.649281 0.317432 0.649281 0.317432 0.577158
3 0.311087 0.723847 0.388968 0.723847 0.388968 0.714179 0.317432 0.714179
3 0.466463 0.471573 0.643353 0.471573 0.634953 0.458763 0.466463 0.458763
2 0.515125 0.471573 0.554211 0.471573 0.554211 0.458763 0.515125 0.458763
1 0.484281 0.471573 0.509469 0.471573 0.509469 0.458763 0.484281 0.458763
3 0.643353 0.471573 0.643353 0.300450 0.634953 0.313260 0.634953 0.458763
3 0.643353 0.300450 0.466463 0.300450 0.466463 0.313260 0.634953 0.313260
3 0.029158 0.228830 0.029158 0.049850 0.020758 0.049850 0.020758 0.228830
3 0.020221 0.571786 0.213109 0.571786 0.206305 0.558975 0.020221 0.558975
3 0.213109 0.571786 0.213109 0.208496 0.206305 0.208496 0.206305 0.558975
2 0.213109 0.316933 0.213109 0.249302 0.206305 0.249302 0.206305 0.316933
3 0.150918 0.558975 0.150918 0.733258 0.158450 0.744404 0.158450 0.558975
2 0.150918 0.617502 0.150918 0.681880 0.158450 0.681880 0.158450 0.617502
3 0.150918 0.733258 0.121553 0.733258 0.127780 0.744404 0.158450 0.744404
3 0.121553 0.733258 0.121553 0.931395 0.127780 0.931395 0.127780 0.744404
3 0.019985 0.775943 0.127780 0.775943 0.127780 0.765626 0.019985 0.765626
2 0.088000 0.775943 0.117650 0.775943 0.117650 0.765626 0.088000 0.765626
3 0.150918 0.696492 0.250890 0.696492 0.250890 0.685808 0.150918 0.685808
0 0.717359 0.595989 0.672964 0.595989 0.672964 0.459224 0.718008 0.459224
0 0.897894 0.747931 0.824941 0.747931 0.824941 0.688413 0.825193 0.688413 0.825193 0.640382 0.849988 0.640382 0.849988 0.640237 0.897894 0.640237
0 0.802463 0.418452 0.722315 0.418452 0.722074 0.418281 0.672964 0.418281 0.672964 0.317180 0.802463 0.317180
0 0.958472 0.333868 0.810863 0.333868 0.810863 0.304370 0.810841 0.304370 0.810841 0.218693 0.958472 0.218693
0 0.806378 0.481343 0.756652 0.481343 0.756652 0.513788 0.759519 0.513788 0.759519 0.486715 0.806310 0.486715 0.841589 0.543705 0.841589 0.627571 0.816793 0.627571 0.816793 0.675602 0.721195 0.675602 0.721195 0.626239 0.672964 0.626239 0.672964 0.604196 0.721195 0.604196 0.721195 0.595989 0.721755 0.459224 0.721878 0.428504 0.806378 0.428504
0 0.958472 0.595793 0.897894 0.595793 0.897894 0.627426 0.846315 0.627426 0.846315 0.539674 0.810628 0.481779 0.810628 0.428504 0.810863 0.428504 0.810863 0.346679 0.958472 0.346679
3 0.816541 0.760741 0.906294 0.760741 0.897894 0.747931 0.824941 0.747931
3 0.906294 0.760741 0.906294 0.608603 0.897894 0.595793 0.897894 0.747931
3 0.906294 0.608603 0.966871 0.608603 0.958472 0.595793 0.897894 0.595793
1 0.906131 0.608603 0.945514 0.608603 0.945514 0.595793 0.906131 0.595793
3 0.966871 0.608603 0.966871 0.205882 0.958472 0.218693 0.958472 0.595793
1 0.966871 0.478935 0.966871 0.426651 0.958472 0.426651 0.958472 0.478935
3 0.966871 0.205882 0.802441 0.205882 0.810841 0.218693 0.958472 0.218693
3 0.802441 0.205882 0.802441 0.304370 0.810841 0.317180 0.810841 0.218693
3 0.802441 0.304370 0.664565 0.304370 0.672964 0.317180 0.810841 0.317180
3 0.664565 0.304370 0.664565 0.639050 0.672964 0.626239 0.672964 0.317180
3 0.664565 0.639050 0.712795 0.639050 0.721195 0.626239 0.672964 0.626239
3 0.712795 0.639050 0.712795 0.688413 0.721195 0.675602 0.721195 0.626239
3 0.712795 0.688413 0.816541 0.688413 0.824941 0.675602 0.721195 0.675602
1 0.721928 0.688413 0.749658 0.688413 0.749658 0.675602 0.721928 0.675602
1 0.753079 0.688413 0.782013 0.688413 0.782013 0.675602 0.753079 0.675602
1 0.785227 0.688413 0.815774 0.688413 0.815774 0.675602 0.785227 0.675602
3 0.816541 0.688413 0.816541 0.760741 0.824941 0.747931 0.824941 0.675602
3 0.664565 0.459224 0.718008 0.459224 0.722074 0.418281 0.664565 0.418281
3 0.721878 0.428504 0.810863 0.428504 0.802463 0.418452 0.721878 0.418452
3 0.810863 0.428504 0.810863 0.304370 0.802463 0.304370 0.802463 0.418452
2 0.810863 0.405624 0.810863 0.361437 0.802463 0.361437 0.802463 0.405624
3 0.806378 0.418452 0.806378 0.486587 0.810628 0.481779 0.810628 0.418452
3 0.806378 0.486587 0.841589 0.543705 0.846315 0.539674 0.810628 0.481779
2 0.812565 0.496631 0.836583 0.535583 0.840407 0.530092 0.816396 0.491139
3 0.841589 0.543705 0.841589 0.640237 0.846315 0.627426 0.846315 0.539674
3 0.841589 0.640237 0.906294 0.640237 0.906294 0.627426 0.846315 0.627426
2 0.851243 0.640237 0.875797 0.640237 0.875797 0.627426 0.851243 0.627426
3 0.825193 0.688413 0.825193 0.640382 0.816793 0.627571 0.816793 0.688413
3 0.825193 0.640382 0.849988 0.640382 0.849988 0.627571 0.816793 0.627571
3 0.664565 0.604196 0.721195 0.604196 0.717359 0.595989 0.664565 0.595989
3 0.721195 0.604196 0.722074 0.418281 0.718008 0.459224 0.717359 0.595989
2 0.721357 0.569471 0.721547 0.529221 0.717678 0.529178 0.717488 0.569429
3 0.802463 0.346679 0.966871 0.346679 0.966871 0.333868 0.802463 0.333868
2 0.812241 0.346679 0.838044 0.346679 0.838044 0.333868 0.812241 0.333868
3 0.759519 0.513788 0.759519 0.486715 0.756652 0.481343 0.756652 0.513788
3 0.759519 0.486715 0.810628 0.486715 0.810628 0.481343 0.756652 0.481343
