0 0.167185 0.183208 0.126347 0.183208 0.126347 0.100338 0.167272 0.100338 0.167185 0.183208
0 0.349120 0.491036 0.349120 0.538186 0.269168 0.538186 0.269168 0.491036 0.349120 0.491036
0 0.297078 0.478280 0.264214 0.478280 0.264214 0.415575 0.297078 0.415575
0 0.339734 0.478280 0.300728 0.478280 0.300728 0.415575 0.339734 0.415575
0 0.380010 0.189228 0.298254 0.189228 0.298254 0.057996 0.380010 0.057996
0 0.259782 0.526847 0.158120 0.526847 0.158120 0.415575 0.259782 0.415575
0 0.241920 0.138488 0.294864 0.138488 0.294864 0.189228 0.225691 0.189228 0.225691 0.168191 0.222562 0.168191 0.222562 0.189228 0.176571 0.189228 0.176571 0.105416 0.241920 0.105416
0 0.294864 0.087887 0.268454 0.087887 0.268454 0.092139 0.280913 0.092139 0.280913 0.106323 0.294864 0.106323 0.294864 0.133882 0.245310 0.133882 0.245310 0.100809 0.223845 0.100809 0.223845 0.033452 0.294864 0.033452
0 0.220716 0.100809 0.176571 0.100809 0.176571 0.033452 0.220716 0.033452
0 0.222562 0.219324 0.225691 0.219324 0.225691 0.313550 0.222562 0.313550 0.222562 0.334296 0.135472 0.334296 0.135472 0.195609 0.222562 0.195606
0 0.338230 0.409197 0.135472 0.409197 0.135472 0.338548 0.225691 0.338548 0.225691 0.320782 0.338230 0.320782
0 0.442822 0.409186 0.339734 0.409186 0.338230 0.409197 0.338230 0.195606 0.442822 0.195606
0 0.338230 0.320782 0.225691 0.320782 0.225691 0.195606 0.338230 0.195606
0 0.259897 0.701813 0.160717 0.701813 0.160717 0.623341 0.259897 0.623341
0 0.157067 0.701813 0.144078 0.701813 0.144078 0.706774 0.259897 0.706774 0.259897 0.923437 0.100202 0.923437 0.100202 0.623341 0.157067 0.623341
0 0.148995 0.538186 0.148995 0.502289 0.092120 0.502289 0.092120 0.612357 0.148995 0.612357 0.148995 0.538186
0 0.100202 0.934067 0.100202 1.000000 0.258708 1.000000 0.258708 0.934102 0.100202 0.934067
0 0.528809 0.183466 0.521606 0.183466 0.521606 0.319067 0.452208 0.319067 0.452208 0.182864 0.532199 0.182864
0 0.529260 0.045772 0.535872 0.048174 0.539864 0.049953 0.546212 0.054222 0.552235 0.059204 0.558518 0.066500 0.563295 0.074593 0.566700 0.081265 0.569122 0.087759 0.571215 0.094963 0.572787 0.103679 0.573309 0.111864 0.573309 0.119426 0.572852 0.127075 0.571870 0.133212 0.570037 0.140327 0.567224 0.148689 0.565062 0.154291 0.561266 0.161587 0.557600 0.166923 0.552954 0.172263 0.548830 0.175639 0.544445 0.178488 0.539209 0.180802 0.534235 0.182492 0.532199 0.182864 0.452208 0.182864 0.452208 0.182850 0.389396 0.182850 0.389390 0.045595 0.528935 0.045595
3 0.100202 0.923437 0.259897 0.923437 0.267979 0.934067 0.092120 0.934067
2 0.184781 0.923437 0.251124 0.923437 0.251124 0.934067 0.184781 0.934067
2 0.108386 0.923437 0.174413 0.923437 0.174413 0.934067 0.108386 0.934067
3 0.259897 0.923437 0.259897 0.623341 0.267979 0.612357 0.267979 0.934067
2 0.259897 0.754087 0.259897 0.725876 0.267979 0.725876 0.267979 0.754087
1 0.259897 0.864201 0.259897 0.823546 0.267979 0.823546 0.267979 0.864201
1 0.259897 0.666189 0.259897 0.624751 0.267979 0.624751 0.267979 0.666189
1 0.259897 0.819733 0.259897 0.779149 0.267979 0.779149 0.267979 0.819733
3 0.259897 0.623341 0.100202 0.623341 0.092120 0.612357 0.267979 0.612357
2 0.125012 0.623341 0.101836 0.623341 0.101836 0.612357 0.125012 0.612357
2 0.138327 0.623341 0.125452 0.623341 0.125452 0.612357 0.138327 0.612357
2 0.232717 0.623341 0.211721 0.623341 0.211721 0.612357 0.232717 0.612357
3 0.100202 0.623341 0.100202 0.923437 0.092120 0.934067 0.092120 0.612357
3 0.160717 0.623341 0.160717 0.706774 0.157067 0.701813 0.157067 0.623341
3 0.160717 0.701813 0.259897 0.701813 0.259897 0.706774 0.160717 0.706774
3 0.160717 0.706774 0.144078 0.706774 0.144078 0.701813 0.157067 0.701813
3 0.158120 0.526847 0.259782 0.526847 0.269168 0.538186 0.148995 0.538186
3 0.259782 0.526847 0.259782 0.478280 0.269168 0.491036 0.269168 0.538186
1 0.259782 0.526482 0.259782 0.497371 0.269168 0.497371 0.269168 0.526482
3 0.259782 0.478280 0.339734 0.478280 0.349120 0.491036 0.269168 0.491036
2 0.309777 0.478280 0.332908 0.478280 0.332908 0.491036 0.309777 0.491036
2 0.301231 0.478280 0.309551 0.478280 0.309551 0.491036 0.301231 0.491036
1 0.277647 0.478280 0.292458 0.478280 0.292458 0.491036 0.277647 0.491036
3 0.339734 0.478280 0.339734 0.409186 0.349120 0.421942 0.349120 0.491036
1 0.339734 0.477238 0.339734 0.436976 0.349120 0.436976 0.349120 0.477238
3 0.339734 0.409186 0.442822 0.409186 0.452208 0.421942 0.349120 0.421942
1 0.350001 0.409186 0.378602 0.409186 0.378602 0.421942 0.350001 0.421942
3 0.442822 0.409186 0.442822 0.195606 0.452208 0.182850 0.452208 0.421942
2 0.442822 0.302297 0.442822 0.273947 0.452208 0.273947 0.452208 0.302297
1 0.442822 0.261220 0.442822 0.197558 0.452208 0.197558 0.452208 0.261220
1 0.442822 0.368226 0.442822 0.327082 0.452208 0.327082 0.452208 0.368226
3 0.442822 0.195606 0.380010 0.195606 0.389396 0.182850 0.452208 0.182850
1 0.442220 0.195606 0.397924 0.195606 0.397924 0.182850 0.442220 0.182850
3 0.380010 0.195606 0.380010 0.057996 0.389396 0.045240 0.389396 0.182850
2 0.380010 0.177712 0.380010 0.147878 0.389396 0.147878 0.389396 0.177712
1 0.380010 0.099668 0.380010 0.059977 0.389396 0.059977 0.389396 0.099668
1 0.380010 0.143219 0.380010 0.102595 0.389396 0.102595 0.389396 0.143219
3 0.380010 0.057996 0.294864 0.057996 0.304250 0.045240 0.389396 0.045240
1 0.348828 0.057996 0.319036 0.057996 0.319036 0.045240 0.348828 0.045240
3 0.294864 0.057996 0.294864 0.033452 0.304250 0.020696 0.304250 0.045240
3 0.176571 0.195609 0.135472 0.195609 0.126347 0.183208 0.167185 0.183208
1 0.158384 0.195609 0.135980 0.195609 0.135980 0.183208 0.158384 0.183208
3 0.135472 0.195609 0.135472 0.409197 0.126347 0.421598 0.126347 0.183208
1 0.135472 0.345610 0.135472 0.408637 0.126347 0.408637 0.126347 0.345610
1 0.135472 0.239602 0.135472 0.278752 0.126347 0.278752 0.126347 0.239602
1 0.135472 0.196240 0.135472 0.235117 0.126347 0.235117 0.126347 0.196240
3 0.135472 0.409197 0.158120 0.409197 0.148995 0.421598 0.126347 0.421598
1 0.135897 0.409197 0.148091 0.409197 0.148091 0.421598 0.135897 0.421598
3 0.158120 0.409197 0.158120 0.526847 0.148995 0.538186 0.148995 0.421598
1 0.158120 0.439453 0.158120 0.502480 0.148995 0.502480 0.148995 0.439453
3 0.245310 0.100809 0.245310 0.133882 0.241920 0.138488 0.241920 0.105416
3 0.245310 0.133882 0.294864 0.133882 0.294864 0.138488 0.241920 0.138488
2 0.246123 0.133882 0.266801 0.133882 0.266801 0.138488 0.246123 0.138488
3 0.294864 0.057996 0.294864 0.138488 0.298254 0.138488 0.298254 0.057996
3 0.294864 0.087887 0.280913 0.087887 0.280913 0.106323 0.294864 0.106323
3 0.280913 0.087887 0.268454 0.087887 0.268454 0.092139 0.280913 0.092139
3 0.223845 0.100809 0.223845 0.033452 0.220716 0.033452 0.220716 0.100809
2 0.223845 0.096469 0.223845 0.075294 0.220716 0.075294 0.220716 0.096469
1 0.223845 0.064824 0.223845 0.034093 0.220716 0.034093 0.220716 0.064824
3 0.225691 0.168191 0.225691 0.219324 0.222562 0.219324 0.222562 0.168191
3 0.222562 0.313550 0.222562 0.334296 0.225691 0.338548 0.225691 0.313550
3 0.225691 0.338548 0.135472 0.338548 0.135472 0.334296 0.222562 0.334296
3 0.264530 0.346573 0.264530 0.325034 0.261401 0.320782 0.261401 0.346573
3 0.261401 0.320782 0.335070 0.320782 0.335070 0.325034 0.264530 0.325034
3 0.158120 0.409197 0.339734 0.409197 0.339734 0.415575 0.158120 0.415575
2 0.221756 0.409197 0.242382 0.409197 0.242382 0.415575 0.221756 0.415575
2 0.275754 0.409197 0.296465 0.409197 0.296465 0.415575 0.275754 0.415575
2 0.310299 0.409197 0.332940 0.409197 0.332940 0.415575 0.310299 0.415575
2 0.301747 0.409197 0.309965 0.409197 0.309965 0.415575 0.301747 0.415575
3 0.259782 0.478280 0.259782 0.415575 0.264214 0.415575 0.264214 0.478280
3 0.300728 0.415575 0.300728 0.478280 0.297078 0.478280 0.297078 0.415575
3 0.298254 0.138488 0.298254 0.189228 0.294864 0.189228 0.294864 0.138488
2 0.298254 0.140519 0.298254 0.169690 0.294864 0.169690 0.294864 0.140519
3 0.380010 0.195606 0.176571 0.195606 0.176571 0.189228 0.380010 0.189228
2 0.248269 0.195606 0.227748 0.195606 0.227748 0.189228 0.248269 0.189228
2 0.356738 0.195606 0.312632 0.195606 0.312632 0.189228 0.356738 0.189228
3 0.176571 0.033452 0.176571 0.195609 0.167185 0.183208 0.167185 0.020696
2 0.176571 0.131756 0.176571 0.161158 0.167185 0.161158 0.167185 0.131756
3 0.294864 0.033452 0.176571 0.033452 0.167185 0.020696 0.304250 0.020696
3 0.176571 0.100809 0.245310 0.100809 0.241920 0.105416 0.176571 0.105416
0 0.789877 0.247305 0.725748 0.247305 0.725748 0.197476 0.789877 0.197476
0 0.925051 0.322160 0.836274 0.322160 0.836274 0.300755 0.793005 0.300755 0.793005 0.197476 0.925051 0.197476
0 0.933916 0.308947 0.996871 0.308947 0.996869 0.192335 0.933916 0.192335 0.933916 0.308947
0 0.789877 0.300755 0.725748 0.300755 0.725748 0.251557 0.789877 0.251557
0 0.771048 0.529023 0.692965 0.529023 0.692965 0.419511 0.771048 0.419511
0 0.722619 0.287029 0.706909 0.287029 0.706909 0.298272 0.722619 0.298272 0.722619 0.337028 0.618121 0.337028 0.618121 0.197476 0.722619 0.197476
0 0.925051 0.411007 0.820256 0.411007 0.820256 0.326412 0.925051 0.326412
0 0.833146 0.322160 0.817127 0.322160 0.817127 0.411007 0.618121 0.411007 0.618121 0.341280 0.725748 0.341280 0.725748 0.305007 0.833146 0.305007
3 0.618121 0.197476 0.925051 0.197476 0.933916 0.185429 0.608996 0.185429
1 0.894777 0.197476 0.924512 0.197476 0.924512 0.185429 0.894777 0.185429
3 0.925051 0.197476 0.925051 0.411007 0.933916 0.423055 0.933916 0.185429
2 0.925051 0.272650 0.925051 0.301067 0.933916 0.301067 0.933916 0.272650
1 0.925051 0.198384 0.925051 0.259147 0.933916 0.259147 0.933916 0.198384
1 0.925051 0.327603 0.925051 0.367982 0.933916 0.367982 0.933916 0.327603
3 0.925051 0.411007 0.771048 0.411007 0.777435 0.423055 0.933916 0.423055
1 0.862015 0.411007 0.832035 0.411007 0.832035 0.423055 0.862015 0.423055
3 0.777435 0.423055 0.777435 0.537318 0.771048 0.529023 0.771048 0.411007
3 0.777435 0.537318 0.686768 0.537318 0.692965 0.529023 0.771048 0.529023
3 0.692965 0.529023 0.692965 0.411007 0.686768 0.423055 0.686768 0.537318
3 0.692965 0.411007 0.618121 0.411007 0.608996 0.423055 0.686768 0.423055
1 0.632145 0.411007 0.618593 0.411007 0.618593 0.423055 0.632145 0.423055
3 0.618121 0.411007 0.618121 0.197476 0.608996 0.185429 0.608996 0.423055
1 0.618121 0.410387 0.618121 0.349479 0.608996 0.349479 0.608996 0.410387
1 0.618121 0.282667 0.618121 0.242299 0.608996 0.242299 0.608996 0.282667
1 0.618121 0.238245 0.618121 0.198221 0.608996 0.198221 0.608996 0.238245
3 0.771048 0.411007 0.692965 0.411007 0.692965 0.419511 0.771048 0.419511
2 0.742455 0.411007 0.721678 0.411007 0.721678 0.419511 0.742455 0.419511
3 0.618121 0.337028 0.722619 0.337028 0.725748 0.341280 0.618121 0.341280
1 0.670056 0.337028 0.691273 0.337028 0.691273 0.341280 0.670056 0.341280
3 0.722619 0.337028 0.722619 0.298272 0.725748 0.298272 0.725748 0.341280
2 0.722619 0.335490 0.722619 0.306208 0.725748 0.306208 0.725748 0.335490
3 0.706909 0.298272 0.706909 0.287029 0.725748 0.287029 0.725748 0.298272
3 0.722619 0.287029 0.722619 0.197476 0.725748 0.197476 0.725748 0.287029
3 0.725748 0.247305 0.793005 0.247305 0.789877 0.251557 0.725748 0.251557
3 0.793005 0.251557 0.793005 0.197476 0.789877 0.197476 0.789877 0.251557
2 0.793005 0.245275 0.793005 0.224249 0.789877 0.224249 0.789877 0.245275
3 0.793005 0.247305 0.793005 0.300755 0.789877 0.305007 0.789877 0.251557
3 0.789877 0.300755 0.725748 0.300755 0.725748 0.305007 0.793005 0.305007
2 0.767950 0.300755 0.747101 0.300755 0.747101 0.305007 0.767950 0.305007
3 0.789877 0.305007 0.833146 0.305007 0.836274 0.300755 0.793005 0.300755
2 0.794273 0.305007 0.814744 0.305007 0.814744 0.300755 0.794273 0.300755
3 0.836274 0.300755 0.836274 0.326412 0.833146 0.322160 0.833146 0.305007
3 0.836274 0.322160 0.925051 0.322160 0.925051 0.326412 0.833146 0.326412
1 0.889654 0.322160 0.919738 0.322160 0.919738 0.326412 0.889654 0.326412
3 0.836274 0.326412 0.820256 0.326412 0.817127 0.322160 0.833146 0.322160
3 0.820256 0.326412 0.820256 0.411007 0.817127 0.411007 0.817127 0.322160
