0 0.826559 0.978020 0.637739 0.978020 0.637739 0.597210 0.826559 0.596984
0 0.626122 0.978020 0.437430 0.978020 0.437430 0.597210 0.626122 0.597210
3 0.410522 0.574548 0.410522 1.000000 0.437430 0.978020 0.437430 0.597210
3 0.410522 1.000000 0.853467 1.000000 0.826559 0.978020 0.437430 0.978020
3 0.853467 1.000000 0.853467 0.574290 0.826559 0.596984 0.826559 0.978020
3 0.853467 0.574290 0.410522 0.574548 0.437430 0.597210 0.826559 0.596984
2 0.541664 0.574471 0.457671 0.574521 0.457691 0.597199 0.541685 0.597149
2 0.615439 0.574433 0.557735 0.574466 0.557755 0.597138 0.615459 0.597105
2 0.807529 0.574317 0.701619 0.574378 0.701639 0.597056 0.807549 0.596995
3 0.626122 0.574422 0.626122 1.000000 0.637739 1.000000 0.637739 0.574422
2 0.626122 0.729156 0.626122 0.844689 0.637739 0.844689 0.637739 0.729156
0 0.130356 0.391273 0.130201 0.500168 0.569945 0.499745 0.570133 0.391273 0.130356 0.391273 0.130356 0.391273
0 0.349279 0.211207 0.349279 0.257249 0.344570 0.257249 0.344570 0.211207
0 0.554661 0.227593 0.546562 0.227593 0.546562 0.233637 0.554661 0.233637 0.554661 0.378634 0.302089 0.378634 0.302089 0.178440 0.294017 0.178440 0.294017 0.211855 0.144482 0.211855 0.144482 0.097438 0.394727 0.097284 0.401602 0.097262 0.554661 0.097262
0 0.294017 0.314156 0.144482 0.314156 0.144482 0.218449 0.294017 0.218449
0 0.294017 0.378634 0.144482 0.378634 0.144482 0.320750 0.294017 0.320750
3 0.130356 0.090855 0.130356 0.385228 0.144482 0.391273 0.144482 0.084810
1 0.130356 0.335614 0.130356 0.370441 0.144482 0.370441 0.144482 0.335614
1 0.130356 0.269959 0.130356 0.303880 0.144482 0.303880 0.144482 0.269959
3 0.130356 0.391273 0.570133 0.391273 0.570133 0.378634 0.144482 0.378634
2 0.204864 0.391273 0.267997 0.391273 0.267997 0.378634 0.204864 0.378634
1 0.347658 0.391273 0.432842 0.391273 0.432842 0.378634 0.347658 0.378634
1 0.432842 0.391273 0.517373 0.391273 0.517373 0.378634 0.432842 0.378634
3 0.570133 0.385228 0.570133 0.090585 0.554661 0.084541 0.554661 0.391273
1 0.570133 0.343543 0.570133 0.273317 0.554661 0.273317 0.554661 0.343543
1 0.570133 0.192842 0.570133 0.123176 0.554661 0.123176 0.554661 0.192842
3 0.562733 0.084541 0.130356 0.084810 0.144482 0.097438 0.570133 0.097179
1 0.276150 0.084722 0.192876 0.084772 0.192890 0.097410 0.276163 0.097361
3 0.117447 0.218449 0.294017 0.218449 0.302089 0.211855 0.117447 0.211855
3 0.302089 0.211855 0.302089 0.401208 0.294017 0.401208 0.294017 0.211855
2 0.302089 0.320524 0.302089 0.374090 0.294017 0.374090 0.294017 0.320524
3 0.118987 0.320750 0.302089 0.320750 0.302089 0.314156 0.118987 0.314156
2 0.204844 0.320750 0.253090 0.320750 0.253090 0.314156 0.204844 0.314156
3 0.302089 0.211855 0.302089 0.178440 0.294017 0.178440 0.294017 0.211855
3 0.130356 0.391273 0.130356 0.402433 0.138428 0.402433 0.138428 0.391273
3 0.334015 0.499948 0.348391 0.499948 0.348391 0.493354 0.334015 0.493354
3 0.570133 0.391273 0.570133 0.400559 0.562061 0.400559 0.562061 0.391273
3 0.394410 0.072804 0.394404 0.097284 0.401803 0.097284 0.401810 0.072804
3 0.554661 0.084541 0.578818 0.084541 0.578818 0.090585 0.570133 0.090585
3 0.570133 0.097179 0.570133 0.071210 0.562733 0.071210 0.562733 0.084541
3 0.130356 0.084810 0.130356 0.073435 0.137755 0.073435 0.137755 0.084810
3 0.144482 0.084810 0.117003 0.084810 0.117003 0.090855 0.130356 0.090855
3 0.546562 0.233637 0.577835 0.233637 0.577835 0.227593 0.546562 0.227593
3 0.144482 0.391273 0.118308 0.391273 0.118308 0.385228 0.130356 0.385228
3 0.554661 0.391273 0.582255 0.391273 0.582255 0.385228 0.570133 0.385228
3 0.138428 0.499915 0.155353 0.499915 0.155353 0.493260 0.138428 0.493260
3 0.129959 0.499915 0.129959 0.510943 0.138105 0.510943 0.138105 0.499915
3 0.116572 0.500151 0.130268 0.500168 0.130282 0.493497 0.116586 0.493480
3 0.130201 0.482380 0.130201 0.493480 0.138643 0.493480 0.138643 0.482380
3 0.355784 0.499948 0.355784 0.509537 0.347913 0.509537 0.347913 0.499948
3 0.355784 0.493354 0.369184 0.493354 0.369184 0.499953 0.355784 0.499953
3 0.348613 0.493354 0.348613 0.480100 0.355851 0.480100 0.355851 0.493354
3 0.548492 0.499948 0.562061 0.499948 0.562061 0.493354 0.548492 0.493354
3 0.570160 0.499948 0.570160 0.508498 0.562087 0.508498 0.562087 0.499948
3 0.561872 0.493354 0.561872 0.479787 0.569945 0.479787 0.569945 0.493354
3 0.569945 0.493117 0.580028 0.493117 0.580028 0.499712 0.569945 0.499712
0 0.711205 0.490590 0.985323 0.490590 0.985323 0.390086 0.711205 0.390086 0.711205 0.490590 0.711205 0.490590
0 0.985323 0.380195 0.711205 0.380195 0.711205 0.092217 0.985323 0.092217
3 0.700442 0.092217 0.996086 0.092217 0.996086 0.082326 0.700442 0.082326
1 0.820498 0.092217 0.882373 0.092217 0.882373 0.082326 0.820498 0.082326
3 0.700764 0.390086 0.996086 0.390086 0.996086 0.380195 0.700764 0.380195
2 0.822012 0.390086 0.870830 0.390086 0.870830 0.380195 0.822012 0.380195
3 0.700442 0.082326 0.700442 0.390086 0.711205 0.390086 0.711205 0.082326
3 0.985323 0.082326 0.985323 0.390086 0.996086 0.390086 0.996086 0.082326
3 0.700220 0.497184 0.721739 0.497184 0.721739 0.490590 0.700220 0.490590
3 0.968970 0.497184 0.996113 0.497184 0.996113 0.490590 0.968970 0.490590
