0 0.642352 0.819524 0.642352 0.894885 0.518599 0.894885 0.518599 0.819669 0.642352 0.819524
0 0.377725 0.588227 0.260454 0.588227 0.260454 0.488396 0.377725 0.488396
0 0.532056 0.623960 0.385736 0.623960 0.385736 0.488396 0.532056 0.488396
0 0.918928 0.355020 0.667111 0.355020 0.667111 0.203187 0.918928 0.203187
0 0.918928 0.566575 0.667111 0.566575 0.667111 0.362544 0.918928 0.362544
0 0.657644 0.760235 0.541523 0.760235 0.541523 0.480872 0.657644 0.480872
0 0.657644 0.480872 0.260454 0.480872 0.260454 0.250327 0.657644 0.250327
0 0.377725 0.630326 0.532056 0.630326 0.532056 0.802161 0.260454 0.802161 0.260454 0.594593 0.377725 0.594593
0 0.918928 0.841604 0.667111 0.841604 0.667111 0.677478 0.918928 0.677478
0 0.992718 0.994212 0.843572 0.994212 0.843572 0.858967 0.992718 0.858967
0 0.790361 0.669954 0.667111 0.669954 0.667111 0.574678 0.790361 0.574678
0 0.918928 0.669954 0.801285 0.669954 0.801285 0.574678 0.918928 0.574678
0 0.657644 0.802161 0.541523 0.802161 0.541523 0.766602 0.657644 0.766602
3 0.260454 0.250327 0.260454 0.802161 0.242976 0.819524 0.242976 0.231807
3 0.260454 0.802161 0.667111 0.802161 0.642352 0.819524 0.242976 0.819524
1 0.350046 0.802161 0.487497 0.802161 0.487497 0.819524 0.350046 0.819524
1 0.548630 0.802161 0.568751 0.802161 0.568751 0.819524 0.548630 0.819524
2 0.576361 0.802161 0.630212 0.802161 0.630212 0.819524 0.576361 0.819524
3 0.667111 0.802161 0.667111 0.841604 0.642352 0.858967 0.642352 0.819524
3 0.918928 0.858967 0.918928 0.203187 0.942231 0.184666 0.942231 0.852589
1 0.918928 0.517236 0.918928 0.408382 0.942231 0.408382 0.942231 0.517236
3 0.918928 0.203187 0.667111 0.203187 0.643808 0.184666 0.942231 0.184666
1 0.851298 0.203187 0.716069 0.203187 0.716069 0.184666 0.851298 0.184666
3 0.667111 0.203187 0.667111 0.250327 0.643808 0.231807 0.643808 0.184666
3 0.667111 0.250327 0.260454 0.250327 0.242976 0.231807 0.643808 0.231807
1 0.545980 0.250327 0.322417 0.250327 0.322417 0.231807 0.545980 0.231807
2 0.613128 0.250327 0.557172 0.250327 0.557172 0.231807 0.613128 0.231807
3 0.667111 0.250327 0.667111 0.802161 0.657644 0.802161 0.657644 0.250327
2 0.667111 0.586294 0.667111 0.628642 0.657644 0.628642 0.657644 0.586294
2 0.667111 0.682438 0.667111 0.725452 0.657644 0.725452 0.657644 0.682438
2 0.667111 0.478609 0.667111 0.529737 0.657644 0.529737 0.657644 0.478609
3 0.260454 0.480872 0.541523 0.480872 0.532056 0.488396 0.260454 0.488396
3 0.541523 0.480872 0.541523 0.802161 0.532056 0.802161 0.532056 0.488396
2 0.541523 0.537568 0.541523 0.576461 0.532056 0.576461 0.532056 0.537568
2 0.541523 0.640339 0.541523 0.685210 0.532056 0.685210 0.532056 0.640339
3 0.541523 0.760235 0.657644 0.760235 0.657644 0.766602 0.541523 0.766602
2 0.576630 0.760235 0.630751 0.760235 0.630751 0.766602 0.576630 0.766602
1 0.549431 0.760235 0.569093 0.760235 0.569093 0.766602 0.549431 0.766602
3 0.260454 0.594593 0.385736 0.594593 0.377725 0.588227 0.260454 0.588227
3 0.385736 0.594593 0.385736 0.623960 0.377725 0.630326 0.377725 0.594593
3 0.385736 0.623960 0.532056 0.623960 0.532056 0.630326 0.377725 0.630326
3 0.385736 0.594593 0.385736 0.488396 0.377725 0.488396 0.377725 0.588227
2 0.385736 0.583550 0.385736 0.545421 0.377725 0.545421 0.377725 0.583550
3 0.667111 0.566575 0.918928 0.566575 0.918928 0.574678 0.667111 0.574678
3 0.667111 0.669954 0.918928 0.669954 0.918928 0.677478 0.667111 0.677478
2 0.827843 0.669954 0.871725 0.669954 0.871725 0.677478 0.827843 0.677478
3 0.801285 0.574678 0.801285 0.669954 0.790361 0.669954 0.790361 0.574678
3 0.667111 0.355020 0.918928 0.355020 0.918928 0.362544 0.667111 0.362544
2 0.719848 0.355020 0.776729 0.355020 0.776729 0.362544 0.719848 0.362544
3 0.843572 0.994212 0.843572 0.841604 0.836290 0.858967 0.836290 1.000000
2 0.843572 0.953977 0.843572 0.907259 0.836290 0.907259 0.836290 0.953977
3 0.667111 0.841604 0.843572 0.841604 0.836290 0.858967 0.642352 0.858967
1 0.687639 0.841604 0.823546 0.841604 0.823546 0.858967 0.687639 0.858967
3 0.836290 0.841604 0.942231 0.841604 0.942231 0.858967 0.836290 0.858967
