0 0.227408 0.152690 0.072534 0.152690 0.072534 0.408073 0.227408 0.408073 0.227408 0.152690 0.227408 0.152690
0 0.686238 0.642824 0.749630 0.642824 0.749630 0.856714 0.601305 0.856714 0.601305 0.428357 0.686238 0.428357
0 0.925621 0.822961 0.793227 0.822961 0.793227 0.856714 0.749630 0.856714 0.749630 0.642824 0.749630 0.642824 0.749630 0.822961 0.757402 0.822961 0.757402 0.642824 0.925621 0.642824
0 0.686238 0.428357 0.257787 0.428357 0.257787 0.135034 0.686238 0.135034
0 0.925621 0.394791 0.694009 0.394791 0.694009 0.135034 0.925621 0.135034
0 0.925621 0.633899 0.694009 0.633899 0.694009 0.403716 0.925621 0.403716
0 0.917892 0.973225 0.800998 0.973225 0.800998 0.831886 0.917892 0.831886
3 0.257787 0.135034 0.925621 0.135034 0.953880 0.105826 0.227408 0.105826
1 0.473390 0.135034 0.644775 0.135034 0.644775 0.105826 0.473390 0.105826
1 0.855525 0.135034 0.899411 0.135034 0.899411 0.105826 0.855525 0.105826
3 0.953880 1.000000 0.777685 1.000000 0.800998 0.973225 0.917892 0.973225
3 0.777685 1.000000 0.777685 0.876187 0.800998 0.856714 0.800998 0.973225
3 0.777685 0.876187 0.587882 0.876187 0.601305 0.856714 0.800998 0.856714
2 0.736144 0.876187 0.672186 0.876187 0.672186 0.856714 0.736144 0.856714
3 0.601305 0.856714 0.601305 0.428357 0.587882 0.443773 0.587882 0.876187
3 0.601305 0.428357 0.257787 0.428357 0.227408 0.443773 0.587882 0.443773
3 0.257787 0.428357 0.257787 0.135034 0.227408 0.105826 0.227408 0.443773
2 0.257787 0.394515 0.257787 0.319302 0.227408 0.319302 0.227408 0.394515
1 0.257787 0.294897 0.257787 0.161680 0.227408 0.161680 0.227408 0.294897
3 0.800998 0.856714 0.800998 0.831886 0.793227 0.822961 0.793227 0.856714
3 0.793227 0.822961 0.925621 0.822961 0.925621 0.831886 0.800998 0.831886
2 0.850452 0.822961 0.905776 0.822961 0.905776 0.831886 0.850452 0.831886
3 0.757402 0.822961 0.757402 0.633899 0.749630 0.642824 0.749630 0.822961
2 0.757402 0.767400 0.757402 0.690174 0.749630 0.690174 0.749630 0.767400
3 0.749630 0.633899 0.953880 0.633899 0.953880 0.642824 0.749630 0.642824
3 0.757402 0.633899 0.694009 0.633899 0.686238 0.642824 0.749630 0.642824
3 0.694009 0.633899 0.694009 0.105826 0.686238 0.105826 0.686238 0.642824
2 0.694009 0.580698 0.694009 0.499481 0.686238 0.499481 0.686238 0.580698
2 0.694009 0.388584 0.694009 0.314126 0.686238 0.314126 0.686238 0.388584
3 0.686238 0.403716 0.953880 0.403716 0.953880 0.394791 0.686238 0.394791
3 0.227408 0.443773 0.066176 0.443773 0.066176 0.408073 0.227408 0.408073
3 0.953880 0.105826 0.953880 0.822961 0.925621 0.822961 0.925621 0.135034
1 0.953880 0.200081 0.953880 0.379310 0.925621 0.379310 0.925621 0.200081
1 0.953880 0.469006 0.953880 0.600008 0.925621 0.600008 0.925621 0.469006
3 0.953880 0.822961 0.953880 1.000000 0.917892 0.973225 0.917892 0.822961
1 0.953880 0.859935 0.953880 0.958710 0.917892 0.958710 0.917892 0.859935
