0 0.029898 0.980962 0.185427 0.980962 0.185427 0.555656 0.111378 0.556176 0.029898 0.670305 0.029898 0.980962 0.029898 0.980962
0 0.738433 0.523506 0.569889 0.523506 0.569889 0.077461 0.738433 0.077461
0 0.979356 0.524191 0.832219 0.524191 0.832219 0.523506 0.747408 0.523506 0.747408 0.077461 0.979356 0.077461
0 0.560015 0.537468 0.832219 0.537468 0.832219 0.524191 0.979356 0.524191 0.979356 0.766424 0.630007 0.766424 0.630007 0.683099 0.558992 0.683099 0.558992 0.522922 0.560015 0.522922
0 0.560015 0.522922 0.558992 0.522922 0.558992 0.077461 0.560015 0.077461
0 0.558992 0.683099 0.217739 0.683099 0.217739 0.077461 0.558992 0.077461
0 0.456177 0.695791 0.484001 0.695791 0.484001 0.905239 0.428379 0.905239 0.428379 0.978423 0.217739 0.978423 0.217739 0.683099 0.456177 0.683099
0 0.620134 0.978423 0.490284 0.978423 0.490284 0.697060 0.620134 0.697060
0 0.761473 0.965414 0.630007 0.965414 0.630007 0.780385 0.761473 0.780385
0 0.878129 0.925864 0.857692 0.925864 0.857692 0.978423 0.771346 0.978423 0.771346 0.780385 0.878129 0.780385
3 0.217739 0.077461 0.979356 0.077461 1.000000 0.038115 0.185427 0.038115
1 0.604346 0.077461 0.737930 0.077461 0.737930 0.038115 0.604346 0.038115
1 0.747471 0.077461 0.878407 0.077461 0.878407 0.038115 0.747471 0.038115
3 0.979356 0.077461 0.979356 0.766424 1.000000 0.795616 1.000000 0.038115
3 0.979356 0.766424 0.878129 0.766424 0.896080 0.795616 1.000000 0.795616
2 0.976107 0.766424 0.897875 0.766424 0.897875 0.795616 0.976107 0.795616
3 0.878129 0.766424 0.878129 0.978423 0.896080 1.000000 0.896080 0.795616
3 0.217739 0.978423 0.217739 0.077461 0.185427 0.038115 0.185427 1.000000
2 0.217739 0.894159 0.217739 0.795806 0.185427 0.795806 0.185427 0.894159
1 0.217739 0.786465 0.217739 0.600967 0.185427 0.600967 0.185427 0.786465
1 0.217739 0.456910 0.217739 0.195601 0.185427 0.195601 0.185427 0.456910
3 0.185427 0.532810 0.106953 0.532810 0.106953 0.555656 0.185427 0.555656
3 0.185427 1.000000 0.023615 1.000000 0.023615 0.980962 0.185427 0.980962
3 0.490284 0.978423 0.490284 0.905239 0.428379 0.905239 0.428379 0.978423
3 0.490284 0.905239 0.490284 0.683099 0.484001 0.695791 0.484001 0.905239
3 0.490284 0.697060 0.620134 0.697060 0.630007 0.683099 0.490284 0.683099
2 0.556317 0.697060 0.615943 0.697060 0.615943 0.683099 0.556317 0.683099
3 0.620134 0.697060 0.620134 1.000000 0.630007 1.000000 0.630007 0.683099
2 0.620134 0.787569 0.620134 0.859928 0.630007 0.859928 0.630007 0.787569
3 0.771346 0.780385 0.771346 0.978423 0.761473 0.978423 0.761473 0.766424
3 0.620134 1.000000 0.185427 1.000000 0.217739 0.978423 0.620134 0.978423
3 0.878129 0.766424 0.761473 0.766424 0.771346 0.780385 0.878129 0.780385
2 0.873112 0.766424 0.820766 0.766424 0.820766 0.780385 0.873112 0.780385
3 0.771346 0.766424 0.630007 0.766424 0.630007 0.780385 0.771346 0.780385
3 0.896080 1.000000 0.771346 1.000000 0.771346 0.978423 0.878129 0.978423
3 0.771346 1.000000 0.620134 1.000000 0.620134 0.965414 0.771346 0.965414
3 0.857692 0.925864 0.857692 0.978423 0.878452 0.978423 0.878452 0.925864
3 0.832219 0.523506 0.569889 0.523506 0.560015 0.537468 0.832219 0.537468
2 0.734896 0.523506 0.665003 0.523506 0.665003 0.537468 0.734896 0.537468
2 0.822929 0.523506 0.753036 0.523506 0.753036 0.537468 0.822929 0.537468
3 0.569889 0.523506 0.569889 0.077461 0.560015 0.077461 0.560015 0.537468
3 0.738433 0.077461 0.738433 0.523506 0.747408 0.523506 0.747408 0.077461
3 0.490284 0.683099 0.456177 0.683099 0.456177 0.695791 0.484001 0.695791
