0 0.313908 0.129804 0.313908 0.019888 0.546796 0.019888 0.546796 0.130784 0.313908 0.129804
0 0.836243 0.861709 0.943443 0.861709 0.943443 0.525453 0.836243 0.525453 0.836243 0.861709
0 0.457600 0.861709 0.311851 0.861709 0.311851 0.494540 0.457600 0.494540
0 0.804951 0.861709 0.457600 0.861709 0.457600 0.494540 0.804951 0.494540
0 0.298096 0.494540 0.311851 0.494540 0.311851 0.662899 0.045074 0.662899 0.045074 0.437761 0.298096 0.437761
0 0.195330 0.668666 0.195330 0.890603 0.045074 0.890603 0.045074 0.662899 0.154118 0.662899 0.154118 0.668666
0 0.311851 0.861709 0.311412 0.861709 0.311412 0.662899 0.311851 0.662899
0 0.271784 0.355220 0.311851 0.355220 0.311851 0.475316 0.311412 0.475316 0.311412 0.427187 0.045074 0.427187 0.045074 0.175818 0.271784 0.175818
0 0.546763 0.475316 0.311851 0.475316 0.311851 0.355220 0.271784 0.355220 0.271784 0.175818 0.546763 0.175818
0 0.804951 0.475316 0.546763 0.475316 0.546763 0.175818 0.804951 0.175818
0 0.304088 0.861709 0.202654 0.861709 0.202654 0.673472 0.304088 0.673472
0 0.379156 0.900215 0.311412 0.900215 0.311412 0.872282 0.379156 0.872282
3 0.045074 0.175818 0.804951 0.175818 0.836243 0.130640 0.014448 0.130640
2 0.316032 0.175818 0.370634 0.175818 0.370634 0.130640 0.316032 0.130640
1 0.376300 0.175818 0.545757 0.175818 0.545757 0.130640 0.376300 0.130640
1 0.636412 0.175818 0.747160 0.175818 0.747160 0.130640 0.636412 0.130640
3 0.804951 0.175818 0.804951 0.861709 0.836243 0.880933 0.836243 0.130640
1 0.804951 0.609772 0.804951 0.859632 0.836243 0.859632 0.836243 0.609772
2 0.804951 0.527972 0.804951 0.603082 0.836243 0.603082 0.836243 0.527972
3 0.804951 0.861709 0.379156 0.861709 0.392472 0.880933 0.836243 0.880933
3 0.379156 0.861709 0.379156 0.900215 0.392472 0.911750 0.392472 0.880933
3 0.392472 0.911750 0.311412 0.911750 0.311412 0.900215 0.379156 0.900215
2 0.375760 0.911750 0.314634 0.911750 0.314634 0.900215 0.375760 0.900215
3 0.311412 0.911750 0.014448 0.911750 0.045074 0.890603 0.304088 0.890603
3 0.045074 0.890603 0.045074 0.175818 0.014448 0.130640 0.014448 0.911750
1 0.045074 0.412903 0.045074 0.252725 0.014448 0.252725 0.014448 0.412903
1 0.045074 0.636696 0.045074 0.481881 0.014448 0.481881 0.014448 0.636696
1 0.045074 0.818329 0.045074 0.704135 0.014448 0.704135 0.014448 0.818329
3 0.311412 0.911750 0.311412 0.662899 0.304088 0.673472 0.304088 0.890603
2 0.311412 0.794029 0.311412 0.730867 0.304088 0.730867 0.304088 0.794029
3 0.311412 0.662899 0.195330 0.662899 0.195330 0.673472 0.304088 0.673472
3 0.195330 0.673472 0.195330 0.890603 0.202654 0.890603 0.202654 0.673472
3 0.202654 0.861709 0.304088 0.861709 0.304088 0.891372 0.202654 0.891372
3 0.379156 0.861709 0.311412 0.861709 0.311412 0.872282 0.379156 0.872282
2 0.376360 0.861709 0.315233 0.861709 0.315233 0.872282 0.376360 0.872282
3 0.045074 0.437761 0.298096 0.437761 0.311412 0.427187 0.045074 0.427187
2 0.213766 0.437761 0.269493 0.437761 0.269493 0.427187 0.213766 0.427187
3 0.311412 0.427187 0.311412 0.475316 0.298096 0.494540 0.298096 0.437761
3 0.298096 0.494540 0.836243 0.494540 0.836243 0.475316 0.311412 0.475316
2 0.628995 0.494540 0.714902 0.494540 0.714902 0.475316 0.628995 0.475316
2 0.315546 0.494540 0.371266 0.494540 0.371266 0.475316 0.315546 0.475316
3 0.836243 0.861709 0.953429 0.861709 0.953429 0.881894 0.836243 0.881894
3 0.836243 0.525453 0.953429 0.525453 0.953429 0.505267 0.836243 0.505267
3 0.195330 0.662899 0.154118 0.662899 0.154118 0.668666 0.195330 0.668666
