0 0.214291 0.158432 0.214291 0.056124 0.583075 0.056124 0.583075 0.158432 0.214291 0.158432
0 0.570830 0.520177 0.412365 0.520177 0.412365 0.372840 0.570830 0.372840
0 0.570830 0.372840 0.412365 0.372840 0.412365 0.171249 0.570830 0.171249
0 0.412365 0.329840 0.215271 0.329840 0.215271 0.171249 0.412365 0.171249
0 0.412365 0.684069 0.342571 0.684069 0.342571 0.629247 0.310387 0.629247 0.310387 0.526329 0.342571 0.526329 0.342571 0.429959 0.215271 0.429959 0.215271 0.329840 0.412365 0.329840
0 0.467775 0.761357 0.467775 1.000000 0.281235 1.000000 0.281235 0.761357 0.467775 0.761357
0 0.281235 0.696886 0.467775 0.696886 0.467775 0.761357 0.281235 0.761357 0.281235 0.696886
0 0.570830 0.684069 0.418243 0.684069 0.418243 0.526329 0.570830 0.526329
0 0.304509 0.635399 0.336693 0.635399 0.336693 0.684069 0.215271 0.684069 0.215271 0.526329 0.304509 0.526329
0 0.271439 0.888372 0.147881 0.888372 0.147881 0.789863 0.271439 0.789863
0 0.271439 0.784736 0.147881 0.784736 0.147881 0.696886 0.271439 0.696886
0 0.336693 0.520177 0.215271 0.520177 0.215271 0.438162 0.336693 0.438162
3 0.215271 0.684069 0.215271 0.171249 0.203026 0.158432 0.203026 0.696886
3 0.215271 0.171249 0.570830 0.171249 0.583075 0.158432 0.203026 0.158432
2 0.369901 0.171249 0.415975 0.171249 0.415975 0.158432 0.369901 0.158432
1 0.243467 0.171249 0.356314 0.171249 0.356314 0.158432 0.243467 0.158432
1 0.431824 0.171249 0.542389 0.171249 0.542389 0.158432 0.431824 0.158432
3 0.570830 0.171249 0.570830 0.684069 0.583075 0.696886 0.583075 0.158432
1 0.570830 0.316643 0.570830 0.365759 0.583075 0.365759 0.583075 0.316643
1 0.570830 0.437603 0.570830 0.488672 0.583075 0.488672 0.583075 0.437603
1 0.570830 0.558567 0.570830 0.634517 0.583075 0.634517 0.583075 0.558567
3 0.570830 0.684069 0.215271 0.684069 0.203026 0.696886 0.583075 0.696886
2 0.399724 0.684069 0.351691 0.684069 0.351691 0.696886 0.399724 0.696886
3 0.203026 0.696886 0.147881 0.696886 0.138085 0.684069 0.203026 0.684069
3 0.138085 0.684069 0.138085 0.893499 0.147881 0.888372 0.147881 0.696886
3 0.138085 0.893499 0.281235 0.893499 0.271439 0.888372 0.147881 0.888372
3 0.281235 0.893499 0.281235 0.696886 0.271439 0.696886 0.271439 0.888372
2 0.281235 0.873170 0.281235 0.827187 0.271439 0.827187 0.271439 0.873170
2 0.281235 0.748863 0.281235 0.703387 0.271439 0.703387 0.271439 0.748863
3 0.147881 0.789863 0.271439 0.789863 0.271439 0.784736 0.147881 0.784736
3 0.342571 0.684069 0.342571 0.629247 0.336693 0.635399 0.336693 0.684069
2 0.342571 0.678881 0.342571 0.638706 0.336693 0.638706 0.336693 0.678881
3 0.342571 0.629247 0.310387 0.629247 0.304509 0.635399 0.336693 0.635399
3 0.310387 0.629247 0.310387 0.526329 0.304509 0.520177 0.304509 0.635399
3 0.304509 0.526329 0.215271 0.526329 0.215271 0.520177 0.310387 0.520177
3 0.304509 0.520177 0.336693 0.520177 0.342571 0.526329 0.310387 0.526329
3 0.342571 0.526329 0.342571 0.429959 0.336693 0.438162 0.336693 0.520177
2 0.342571 0.483361 0.342571 0.443437 0.336693 0.443437 0.336693 0.483361
3 0.342571 0.429959 0.215271 0.429959 0.215271 0.438162 0.336693 0.438162
3 0.418243 0.526329 0.570830 0.526329 0.570830 0.520177 0.412365 0.520177
3 0.418243 0.526329 0.418243 0.684069 0.412365 0.684069 0.412365 0.520177
2 0.418243 0.579331 0.418243 0.621018 0.412365 0.621018 0.412365 0.579331
3 0.203026 0.158432 0.203026 0.056124 0.214291 0.056124 0.214291 0.158432
3 0.583075 0.105194 0.583075 0.056124 0.571810 0.056124 0.571810 0.105194
0 0.789583 0.681567 0.638622 0.681567 0.638622 0.505263 0.738170 0.505263 0.738170 0.497214 0.789583 0.497214
0 0.987755 0.592948 0.854867 0.592948 0.854867 0.681567 0.795461 0.681567 0.795461 0.599101 0.819445 0.599101 0.819445 0.592948 0.795461 0.592948 0.795461 0.497214 0.987755 0.497214
0 0.799325 0.313793 0.840506 0.356321 0.840506 0.491061 0.738170 0.491061 0.738170 0.426180 0.638622 0.426180 0.638622 0.169716 0.799325 0.169716
0 0.987755 0.350353 0.842686 0.350353 0.805203 0.311229 0.805203 0.169716 0.987755 0.169716
0 0.987755 0.491061 0.846384 0.491061 0.846384 0.356505 0.987755 0.356505
0 0.987755 0.681567 0.860744 0.681567 0.860744 0.599101 0.987755 0.599101
0 0.732293 0.499110 0.638622 0.499110 0.638622 0.432332 0.732293 0.432332
3 0.638622 0.681567 0.638622 0.169716 0.626377 0.156899 0.626377 0.694384
3 0.638622 0.169716 0.987755 0.169716 1.000000 0.156899 0.626377 0.156899
1 0.850121 0.169716 0.957105 0.169716 0.957105 0.156899 0.850121 0.156899
1 0.664394 0.169716 0.773739 0.169716 0.773739 0.156899 0.664394 0.156899
3 0.987755 0.169716 0.987755 0.681567 1.000000 0.694384 1.000000 0.156899
1 0.987755 0.608801 0.987755 0.658219 1.000000 0.658219 1.000000 0.608801
1 0.987755 0.552748 0.987755 0.577983 1.000000 0.577983 1.000000 0.552748
1 0.987755 0.409548 0.987755 0.482079 1.000000 0.482079 1.000000 0.409548
3 0.987755 0.681567 0.638622 0.681567 0.626377 0.694384 1.000000 0.694384
1 0.777843 0.681567 0.693321 0.681567 0.693321 0.694384 0.777843 0.694384
1 0.842857 0.681567 0.797346 0.681567 0.797346 0.694384 0.842857 0.694384
3 0.638622 0.505263 0.738170 0.505263 0.732293 0.499110 0.638622 0.499110
3 0.738170 0.505263 0.738170 0.426180 0.732293 0.432332 0.732293 0.499110
2 0.738170 0.475875 0.738170 0.435762 0.732293 0.435762 0.732293 0.475875
3 0.738170 0.426180 0.638622 0.426180 0.638622 0.432332 0.732293 0.432332
3 0.738170 0.491061 0.987755 0.491061 0.987755 0.497214 0.738170 0.497214
2 0.747060 0.491061 0.785866 0.491061 0.785866 0.497214 0.747060 0.497214
2 0.798723 0.491061 0.836559 0.491061 0.836559 0.497214 0.798723 0.497214
3 0.789583 0.497214 0.789583 0.681567 0.795461 0.681567 0.795461 0.497214
3 0.860744 0.681567 0.860744 0.599101 0.854867 0.592948 0.854867 0.681567
3 0.860744 0.599101 0.987755 0.599101 0.987755 0.592948 0.854867 0.592948
2 0.867116 0.599101 0.904952 0.599101 0.904952 0.592948 0.867116 0.592948
3 0.854867 0.497214 0.854867 0.526975 0.860744 0.526975 0.860744 0.497214
3 0.795461 0.592948 0.819445 0.592948 0.819445 0.599101 0.795461 0.599101
3 0.840506 0.491061 0.840506 0.350353 0.846384 0.356505 0.846384 0.491061
2 0.840506 0.448964 0.840506 0.407580 0.846384 0.407580 0.846384 0.448964
3 0.846384 0.356505 0.987755 0.356505 0.987755 0.350353 0.840506 0.350353
3 0.840506 0.356505 0.799325 0.313793 0.805203 0.311229 0.844645 0.352137
2 0.836118 0.351958 0.808455 0.323262 0.812593 0.318894 0.840256 0.347584
3 0.799325 0.313793 0.799325 0.169716 0.805203 0.169716 0.805203 0.311229
