0 0.034480 0.317777 0.179825 0.317777 0.179825 0.204575 0.034480 0.204575 0.034480 0.317777 0.034480 0.317777
0 0.679757 0.402723 0.807832 0.402723 0.807832 0.546680 0.931871 0.546680 0.931871 0.781142 0.763975 0.781142 0.763975 0.630703 0.756187 0.630703 0.756187 0.781142 0.442563 0.781142 0.442563 0.159847 0.679757 0.159847
0 0.433477 0.781142 0.204486 0.781142 0.204486 0.507332 0.433477 0.507332
0 0.931871 0.393408 0.687545 0.393408 0.687545 0.159847 0.931871 0.159847
0 0.433477 0.159847 0.433477 0.343937 0.204486 0.343937 0.204486 0.159568
0 0.433477 0.498017 0.320114 0.498017 0.320114 0.354805 0.433477 0.354805
0 0.931871 0.534936 0.815620 0.534936 0.815620 0.402723 0.931871 0.402723
0 0.312326 0.498017 0.211041 0.498017 0.211041 0.354805 0.312326 0.354805
3 0.179825 0.130062 0.179825 0.343937 0.204486 0.343937 0.204486 0.159568
2 0.179825 0.226435 0.179825 0.295095 0.204486 0.295095 0.204486 0.226435
3 0.179825 0.343937 0.179825 0.507332 0.211041 0.507332 0.211041 0.343937
1 0.179825 0.397872 0.179825 0.449865 0.211041 0.449865 0.211041 0.397872
3 0.179825 0.507332 0.179825 0.810639 0.204486 0.781142 0.204486 0.507332
3 0.179825 0.810639 0.956532 0.810639 0.931871 0.781142 0.204486 0.781142
1 0.265314 0.810639 0.362881 0.810639 0.362881 0.781142 0.265314 0.781142
2 0.465530 0.810639 0.520914 0.810639 0.520914 0.781142 0.465530 0.781142
1 0.530311 0.810639 0.629072 0.810639 0.629072 0.781142 0.530311 0.781142
1 0.636386 0.810639 0.741546 0.810639 0.741546 0.781142 0.636386 0.781142
2 0.807235 0.810639 0.868862 0.810639 0.868862 0.781142 0.807235 0.781142
3 0.956532 0.810639 0.956532 0.130357 0.931871 0.159847 0.931871 0.781142
3 0.956532 0.130357 0.179825 0.130062 0.204486 0.159568 0.931871 0.159847
1 0.387848 0.130140 0.309334 0.130117 0.309328 0.159614 0.387841 0.159638
1 0.640351 0.130241 0.543959 0.130202 0.543952 0.159700 0.640345 0.159739
1 0.882095 0.130334 0.784547 0.130295 0.784541 0.159793 0.882088 0.159832
3 0.442563 0.130163 0.442563 0.810639 0.433477 0.810639 0.433477 0.130163
2 0.442563 0.212516 0.442563 0.281076 0.433477 0.281076 0.433477 0.212516
2 0.442563 0.567127 0.442563 0.637573 0.433477 0.637573 0.433477 0.567127
3 0.179825 0.343937 0.442563 0.343937 0.442563 0.354805 0.179825 0.354805
2 0.239920 0.343937 0.298633 0.343937 0.298633 0.354805 0.239920 0.354805
3 0.179825 0.507332 0.442563 0.507332 0.442563 0.498017 0.179825 0.498017
3 0.312326 0.507332 0.312326 0.343937 0.320114 0.343937 0.320114 0.507332
2 0.312326 0.433773 0.312326 0.361380 0.320114 0.361380 0.320114 0.433773
3 0.679757 0.130256 0.679757 0.402723 0.687545 0.393408 0.687545 0.130256
3 0.679757 0.402723 0.956532 0.402723 0.956532 0.393408 0.687545 0.393408
2 0.739619 0.402723 0.799616 0.402723 0.799616 0.393408 0.739619 0.393408
3 0.807832 0.393408 0.807832 0.546680 0.815620 0.534936 0.815620 0.393408
2 0.807832 0.456464 0.807832 0.526932 0.815620 0.526932 0.815620 0.456464
3 0.807832 0.546680 0.956532 0.546680 0.956532 0.534936 0.815620 0.534936
3 0.756187 0.630703 0.756187 0.810639 0.763975 0.810639 0.763975 0.630703
