0 0.230280 0.734772 0.188727 0.734772 0.188727 0.533133 0.230280 0.533133
0 0.175131 0.279365 0.126896 0.279365 0.126896 0.085253 0.175131 0.085253
0 0.230280 0.279365 0.178993 0.279365 0.178993 0.085253 0.230280 0.085253
0 0.184865 0.734772 0.126896 0.734772 0.126896 0.533133 0.184865 0.533133
0 0.417908 0.443949 0.294809 0.443949 0.294809 0.085253 0.417908 0.085253
0 0.230280 0.520325 0.178197 0.520325 0.178197 0.292173 0.230280 0.292173
0 0.178197 0.520325 0.126896 0.520325 0.126896 0.292173 0.178197 0.292173
0 0.417908 0.734772 0.294946 0.734772 0.294946 0.456757 0.417908 0.456757
0 0.290947 0.734772 0.294809 0.734772 0.294809 0.456757 0.294946 0.456757 0.294946 0.734772 0.234142 0.734772 0.234142 0.085253 0.290947 0.085253
0 0.209264 0.762358 0.209264 0.879750 0.496182 0.879750 0.496182 0.104199 0.426227 0.104199 0.426227 0.762358 0.209264 0.762358 0.209264 0.762358
3 0.117388 0.057666 0.426227 0.057666 0.417908 0.085253 0.126896 0.085253
1 0.182728 0.057666 0.226997 0.057666 0.226997 0.085253 0.182728 0.085253
3 0.426227 0.057666 0.426227 0.762358 0.417908 0.734772 0.417908 0.085253
2 0.426227 0.465053 0.426227 0.555655 0.417908 0.555655 0.417908 0.465053
1 0.426227 0.100544 0.426227 0.246625 0.417908 0.246625 0.417908 0.100544
1 0.426227 0.628701 0.426227 0.726328 0.417908 0.726328 0.417908 0.628701
3 0.426227 0.762358 0.117388 0.762358 0.126896 0.734772 0.417908 0.734772
2 0.261944 0.762358 0.237375 0.762358 0.237375 0.734772 0.261944 0.734772
1 0.228479 0.762358 0.210899 0.762358 0.210899 0.734772 0.228479 0.734772
3 0.117388 0.762358 0.117388 0.057666 0.126896 0.085253 0.126896 0.734772
3 0.230280 0.085253 0.230280 0.734772 0.234142 0.734772 0.234142 0.085253
2 0.230280 0.578838 0.230280 0.658199 0.234142 0.658199 0.234142 0.578838
2 0.230280 0.370243 0.230280 0.452412 0.234142 0.452412 0.234142 0.370243
3 0.290947 0.085253 0.290947 0.734772 0.294809 0.734772 0.294809 0.085253
2 0.290947 0.462944 0.290947 0.543714 0.294809 0.543714 0.294809 0.462944
2 0.290947 0.358302 0.290947 0.436963 0.294809 0.436963 0.294809 0.358302
3 0.294809 0.456757 0.417908 0.456757 0.417908 0.443949 0.294809 0.443949
3 0.230280 0.292173 0.126896 0.292173 0.126896 0.279365 0.230280 0.279365
2 0.202638 0.292173 0.178916 0.292173 0.178916 0.279365 0.202638 0.279365
3 0.175131 0.085253 0.175131 0.279365 0.178993 0.279365 0.178993 0.085253
2 0.175131 0.094928 0.175131 0.182013 0.178993 0.182013 0.178993 0.094928
3 0.230280 0.533133 0.126896 0.533133 0.126896 0.520325 0.230280 0.520325
2 0.171714 0.533133 0.147356 0.533133 0.147356 0.520325 0.171714 0.520325
3 0.184865 0.533133 0.184865 0.734772 0.188727 0.734772 0.188727 0.533133
0 0.702270 0.519566 0.629436 0.519566 0.629436 0.358824 0.702270 0.358824
0 0.702270 0.733392 0.629436 0.733392 0.629436 0.530403 0.702270 0.530403
0 0.732912 0.347986 0.629436 0.347986 0.629436 0.084228 0.732912 0.084228
0 0.798918 0.361721 0.747026 0.361721 0.747026 0.733392 0.705538 0.733392 0.705538 0.358824 0.736181 0.358824 0.736181 0.084228 0.798918 0.084228
0 0.920968 0.361721 0.798918 0.361721 0.798918 0.084228 0.920968 0.084228
0 0.920968 0.733392 0.838409 0.733392 0.839301 0.361721 0.920968 0.361721
0 0.838409 0.733392 0.747026 0.733392 0.747026 0.361721 0.839301 0.361721
0 0.929585 0.456412 0.995543 0.456412 0.995543 0.747186 0.929585 0.747186 0.929585 0.456412 0.929585 0.456412
0 0.765629 0.761964 0.765629 0.902331 0.712476 0.902331 0.712476 0.761964 0.765629 0.761964 0.765629 0.761964
3 0.620819 0.055656 0.620819 0.761964 0.629436 0.733392 0.629436 0.084228
1 0.620819 0.102928 0.620819 0.222280 0.629436 0.222280 0.629436 0.102928
1 0.620819 0.373731 0.620819 0.512147 0.629436 0.512147 0.629436 0.373731
1 0.620819 0.664603 0.620819 0.725786 0.629436 0.725786 0.629436 0.664603
3 0.620819 0.761964 0.929585 0.761964 0.920968 0.733392 0.629436 0.733392
2 0.717925 0.761964 0.745074 0.761964 0.745074 0.733392 0.717925 0.733392
2 0.660952 0.761964 0.684885 0.761964 0.684885 0.733392 0.660952 0.733392
3 0.929585 0.761964 0.929585 0.055656 0.920968 0.084228 0.920968 0.733392
2 0.929585 0.550414 0.929585 0.462767 0.920968 0.462767 0.920968 0.550414
1 0.929585 0.726791 0.929585 0.563301 0.920968 0.563301 0.920968 0.726791
1 0.929585 0.342637 0.929585 0.145057 0.920968 0.145057 0.920968 0.342637
3 0.929585 0.055656 0.620819 0.055656 0.629436 0.084228 0.920968 0.084228
1 0.918642 0.055656 0.865406 0.055656 0.865406 0.084228 0.918642 0.084228
1 0.790694 0.055656 0.740180 0.055656 0.740180 0.084228 0.790694 0.084228
3 0.629436 0.358824 0.736181 0.358824 0.732912 0.347986 0.629436 0.347986
2 0.707389 0.358824 0.730785 0.358824 0.730785 0.347986 0.707389 0.347986
3 0.736181 0.358824 0.736181 0.084228 0.732912 0.084228 0.732912 0.347986
3 0.702270 0.358824 0.702270 0.733392 0.705538 0.733392 0.705538 0.358824
2 0.702270 0.648731 0.702270 0.723944 0.705538 0.723944 0.705538 0.648731
2 0.702270 0.430195 0.702270 0.511329 0.705538 0.511329 0.705538 0.430195
3 0.629436 0.530403 0.702270 0.530403 0.702270 0.519566 0.629436 0.519566
3 0.746794 0.472028 0.789342 0.472028 0.789342 0.461190 0.746794 0.461190
3 0.817652 0.472028 0.839277 0.472028 0.839277 0.461190 0.817652 0.461190
3 0.746794 0.599459 0.789342 0.599459 0.789342 0.588621 0.746794 0.588621
3 0.765667 0.472028 0.765667 0.588621 0.768936 0.588621 0.768936 0.472028
3 0.629436 0.530601 0.647676 0.530403 0.647718 0.571527 0.629478 0.571724
