0 0.131289 0.684694 0.131289 0.738060 0.222382 0.738060 0.222382 0.684923 0.131289 0.684694 0.131289 0.684694
0 0.322626 0.659773 0.023634 0.659773 0.023634 0.515353 0.132221 0.515353 0.132221 0.510183 0.322626 0.510183
0 0.288806 0.258110 0.288720 0.508473 0.322626 0.508473 0.322626 0.510183 0.132221 0.510183 0.132221 0.504319 0.023634 0.504319 0.023634 0.107700 0.288806 0.107700
0 0.443506 0.563328 0.332738 0.563328 0.332738 0.508473 0.288720 0.508473 0.288806 0.258110 0.288806 0.107700 0.443506 0.107700
0 0.443506 0.988966 0.332767 0.988966 0.332767 0.849929 0.443506 0.849929
0 0.443506 0.659773 0.332738 0.659773 0.332738 0.574362 0.443506 0.574362
3 0.023634 0.107700 0.443506 0.107700 0.459701 0.082480 0.010517 0.082480
1 0.112068 0.107700 0.197476 0.107700 0.197476 0.082480 0.112068 0.082480
1 0.318848 0.107700 0.400759 0.107700 0.400759 0.082480 0.318848 0.082480
2 0.204966 0.107700 0.263901 0.107700 0.263901 0.082480 0.204966 0.082480
3 0.443506 0.107700 0.443506 0.659773 0.459701 0.684994 0.459701 0.082480
3 0.443506 0.659773 0.023634 0.659773 0.010517 0.684994 0.459701 0.684994
2 0.217658 0.659773 0.159785 0.659773 0.159785 0.684994 0.217658 0.684994
3 0.023634 0.659773 0.023634 0.107700 0.010517 0.082480 0.010517 0.684994
3 0.443506 0.684994 0.443506 0.988966 0.453619 1.000000 0.453619 0.684994
3 0.443506 0.988966 0.332767 0.988966 0.322654 1.000000 0.453619 1.000000
3 0.332767 0.988966 0.332767 0.849929 0.322654 0.838895 0.322654 1.000000
3 0.332767 0.849929 0.453619 0.849929 0.453619 0.838895 0.322654 0.838895
2 0.336530 0.849929 0.393623 0.849929 0.393623 0.838895 0.336530 0.838895
3 0.322626 0.684994 0.322626 0.563328 0.332738 0.563328 0.332738 0.684994
2 0.322626 0.618490 0.322626 0.574637 0.332738 0.574637 0.332738 0.618490
3 0.322626 0.563328 0.459701 0.563328 0.459701 0.574362 0.332738 0.574362
3 0.010517 0.515353 0.132221 0.515353 0.132221 0.504319 0.010517 0.504319
3 0.322626 0.563328 0.322626 0.515424 0.332738 0.508331 0.332738 0.563328
2 0.322626 0.560435 0.322626 0.518474 0.332738 0.518474 0.332738 0.560435
3 0.322626 0.515424 0.322626 0.508473 0.332738 0.508473 0.332738 0.515424
3 0.132221 0.504319 0.160688 0.504319 0.160688 0.515353 0.132221 0.515353
3 0.322626 0.515424 0.282082 0.515424 0.288590 0.508331 0.332738 0.508331
3 0.288590 0.508331 0.288806 0.322856 0.282306 0.322848 0.282082 0.515424
0 0.926358 0.370728 0.789051 0.370728 0.789051 0.489636 0.749078 0.489636 0.749078 0.509072 0.688648 0.509072 0.688648 0.106999 0.926358 0.106999
0 0.679980 0.106999 0.679980 0.509072 0.506897 0.509072 0.506897 0.106999
0 0.749078 0.658733 0.506897 0.658733 0.506897 0.518529 0.749078 0.518529
0 0.926358 0.658733 0.757746 0.658733 0.757746 0.499094 0.926358 0.499094
0 0.912865 0.489636 0.798413 0.489636 0.798413 0.383205 0.912865 0.383205
3 0.506897 0.106999 0.926358 0.106999 0.942870 0.082566 0.491808 0.082566
1 0.596220 0.106999 0.678319 0.106999 0.678319 0.082566 0.596220 0.082566
1 0.689725 0.106999 0.753578 0.106999 0.753578 0.082566 0.689725 0.082566
1 0.795090 0.106999 0.881299 0.106999 0.881299 0.082566 0.795090 0.082566
3 0.926358 0.658733 0.506897 0.658733 0.491808 0.683165 0.942870 0.683165
1 0.860771 0.658733 0.760426 0.658733 0.760426 0.683165 0.860771 0.683165
1 0.705233 0.658733 0.616741 0.658733 0.616741 0.683165 0.705233 0.683165
3 0.506897 0.658733 0.506897 0.106999 0.491808 0.082566 0.491808 0.683165
3 0.749078 0.683165 0.749078 0.489636 0.757746 0.499094 0.757746 0.683165
2 0.749078 0.594018 0.749078 0.546414 0.757746 0.546414 0.757746 0.594018
3 0.757746 0.499094 0.942870 0.499094 0.942870 0.489636 0.749078 0.489636
2 0.801757 0.499094 0.844627 0.499094 0.844627 0.489636 0.801757 0.489636
3 0.798413 0.489636 0.798413 0.383205 0.789051 0.370728 0.789051 0.489636
3 0.798413 0.383205 0.942870 0.383205 0.942870 0.370728 0.789051 0.370728
3 0.926358 0.106999 0.926358 0.383205 0.942870 0.383205 0.942870 0.082566
3 0.912865 0.383205 0.912865 0.499094 0.942870 0.499094 0.942870 0.383205
3 0.926358 0.499094 0.926358 0.658733 0.942870 0.683165 0.942870 0.499094
3 0.491808 0.518529 0.757746 0.518529 0.757746 0.509072 0.491808 0.509072
2 0.626442 0.518529 0.677084 0.518529 0.677084 0.509072 0.626442 0.509072
2 0.692274 0.518529 0.742916 0.518529 0.742916 0.509072 0.692274 0.509072
3 0.679980 0.082566 0.679980 0.518529 0.688648 0.518529 0.688648 0.082566
