0 0.092035 0.199704 0.092035 0.079286 0.498015 0.079286 0.498015 0.091906 0.597973 0.091906 0.597973 0.199704 0.092035 0.199704
0 0.375107 0.372470 0.355005 0.372470 0.355005 0.416074 0.097060 0.416074 0.097060 0.236820 0.375107 0.236820
0 0.917916 0.658691 0.551219 0.658691 0.538990 0.671125 0.375107 0.671125 0.375107 0.236820 0.917916 0.236820
0 0.396599 0.810294 0.097060 0.810294 0.097060 0.671125 0.538990 0.671125
0 0.917916 0.963626 0.416819 0.963626 0.416819 0.810294 0.563112 0.666857 0.917916 0.666857
0 0.355005 0.662959 0.097060 0.662959 0.097060 0.447993 0.355005 0.447993
3 0.097060 0.236820 0.917916 0.236820 1.000000 0.199704 0.065232 0.199704
1 0.203334 0.236820 0.291867 0.236820 0.291867 0.199704 0.203334 0.199704
1 0.668381 0.236820 0.902287 0.236820 0.902287 0.199704 0.668381 0.199704
2 0.415479 0.236820 0.545171 0.236820 0.545171 0.199704 0.415479 0.199704
3 0.917916 0.236820 0.917916 0.963626 1.000000 0.999999 1.000000 0.199704
1 0.917916 0.584326 0.917916 0.628360 1.000000 0.628360 1.000000 0.584326
1 0.917916 0.748214 0.917916 0.832689 1.000000 0.832689 1.000000 0.748214
3 0.917916 0.963626 0.606181 0.963626 0.606181 0.999999 1.000000 0.999999
1 0.911416 0.963626 0.811827 0.963626 0.811827 0.999999 0.911416 0.999999
3 0.606181 0.963626 0.416819 0.963626 0.384990 0.978524 0.606181 0.978524
3 0.416819 0.963626 0.416819 0.810294 0.384990 0.824398 0.384990 0.978524
3 0.097060 0.236820 0.097060 0.810294 0.065232 0.824398 0.065232 0.199704
3 0.097060 0.810294 0.416819 0.810294 0.384990 0.824398 0.065232 0.824398
2 0.235514 0.810294 0.375559 0.810294 0.375559 0.824398 0.235514 0.824398
3 0.416819 0.810294 0.563112 0.666857 0.551219 0.658691 0.396599 0.810294
2 0.449384 0.778374 0.505704 0.723146 0.488919 0.719783 0.432582 0.775011
3 0.563112 0.666857 1.000000 0.666857 1.000000 0.658691 0.551219 0.658691
3 0.065232 0.671125 0.375107 0.671125 0.355005 0.662959 0.065232 0.662959
2 0.209917 0.671125 0.342943 0.671125 0.342943 0.662959 0.209917 0.662959
3 0.375107 0.671125 0.375107 0.372470 0.355005 0.372470 0.355005 0.662959
3 0.375107 0.447993 0.065232 0.447993 0.065232 0.416074 0.375107 0.416074
3 0.065232 0.199704 0.065232 0.067409 0.092035 0.067409 0.092035 0.199704
3 0.498015 0.067409 0.621426 0.067409 0.621426 0.091906 0.498015 0.091906
