0 0.470053 0.250385 0.470053 0.043225 0.033091 0.052924 0.032961 0.250385 0.470053 0.250385 0.470053 0.250385
0 0.497811 0.578826 0.500463 0.578826 0.500463 0.683457 0.164464 0.683457 0.164464 0.298880 0.497811 0.298880
0 0.715560 0.683457 0.500463 0.683457 0.500463 0.578826 0.715560 0.578826
0 0.164464 0.877598 0.032504 0.877598 0.032504 0.737556 0.057843 0.737556 0.057843 0.690548 0.032504 0.690548 0.032504 0.690214 0.164464 0.690214
0 0.164464 0.690214 0.032504 0.690214 0.033048 0.298880 0.164464 0.298880
0 0.966669 0.683457 0.723531 0.683457 0.723531 0.298880 0.966669 0.298880
0 0.460815 0.877598 0.176057 0.877598 0.176057 0.695311 0.460815 0.695311
0 0.715560 0.566972 0.505782 0.566972 0.505782 0.298880 0.715560 0.298880
0 0.669093 0.877598 0.606787 0.877598 0.606787 0.838533 0.581391 0.838533 0.581391 0.695311 0.669093 0.695311
0 0.570522 0.865475 0.474581 0.865475 0.474581 0.698857 0.570522 0.698857
3 0.685034 0.899152 0.685034 0.706088 0.669093 0.683457 0.669093 0.877598
3 0.685034 0.706088 0.999999 0.706088 0.966669 0.683457 0.669093 0.683457
3 0.966669 0.683457 0.966669 0.298880 0.999999 0.250385 0.999999 0.706088
1 0.966669 0.568911 0.966669 0.404686 0.999999 0.404686 0.999999 0.568911
3 0.033048 0.298880 0.032504 0.877598 0.016549 0.899152 0.017151 0.250385
3 0.016549 0.899152 0.164464 0.899152 0.164464 0.877598 0.032504 0.877598
2 0.083014 0.899152 0.150820 0.899152 0.150820 0.877598 0.083014 0.877598
3 0.164464 0.683457 0.164464 0.877598 0.176057 0.877598 0.176057 0.695311
2 0.164464 0.701346 0.164464 0.794015 0.176057 0.794015 0.176057 0.701346
3 0.474581 0.683457 0.164464 0.683457 0.176057 0.695311 0.460815 0.695311
3 0.164464 0.899152 0.460815 0.899152 0.460815 0.877598 0.164464 0.877598
3 0.460815 0.695311 0.460815 0.877598 0.474581 0.899152 0.474581 0.683457
2 0.460815 0.706454 0.460815 0.796030 0.474581 0.796030 0.474581 0.706454
3 0.669093 0.683457 0.581391 0.683457 0.581391 0.695311 0.669093 0.695311
2 0.646001 0.683457 0.584883 0.683457 0.584883 0.695311 0.646001 0.695311
3 0.581391 0.683457 0.460815 0.683457 0.460815 0.698857 0.581391 0.698857
3 0.460815 0.899152 0.581391 0.899152 0.581391 0.865475 0.460815 0.865475
3 0.581391 0.899152 0.685034 0.899152 0.669093 0.877598 0.581391 0.877598
3 0.581391 0.695311 0.581391 0.899152 0.570522 0.899152 0.570522 0.683457
3 0.017151 0.250385 0.017151 0.043225 0.033091 0.043225 0.033091 0.250407
3 0.966669 0.298880 0.494688 0.298880 0.494688 0.250385 0.999999 0.250385
1 0.932331 0.298880 0.887408 0.298880 0.887408 0.250385 0.932331 0.250385
1 0.675383 0.298880 0.586376 0.298880 0.586376 0.250385 0.675383 0.250385
3 0.494688 0.298880 0.033048 0.298880 0.017151 0.250385 0.494688 0.250385
2 0.454127 0.298880 0.393668 0.298880 0.393668 0.250385 0.454127 0.250385
1 0.376873 0.298880 0.242522 0.298880 0.242522 0.250385 0.376873 0.250385
1 0.193396 0.298880 0.103549 0.298880 0.103549 0.250385 0.193396 0.250385
3 0.494688 0.043225 0.494688 0.298880 0.470053 0.298880 0.470053 0.043225
3 0.723531 0.706088 0.723531 0.250385 0.715560 0.250385 0.715560 0.706088
2 0.723531 0.676161 0.723531 0.582727 0.715560 0.582727 0.715560 0.676161
3 0.497811 0.250385 0.497811 0.578826 0.505782 0.566972 0.505782 0.250385
3 0.497811 0.578826 0.723531 0.578826 0.723531 0.566972 0.505782 0.566972
2 0.597636 0.578826 0.659725 0.578826 0.659725 0.566972 0.597636 0.566972
3 0.581391 0.899152 0.581391 0.838533 0.606787 0.838533 0.606787 0.899152
3 0.016701 0.737556 0.057843 0.737556 0.057843 0.690548 0.016701 0.690548
