0 0.621292 0.072639 0.621292 0.570327 0.102887 0.571234 0.102664 0.072311 0.621292 0.072639 0.621292 0.072639
0 0.091543 0.794026 0.091543 0.942856 0.975279 0.942819 0.975422 0.580179 0.442210 0.580179 0.442210 0.776893 0.091543 0.776893 0.091543 0.794026 0.091543 0.794026
0 0.964301 0.571360 0.442210 0.571360 0.442210 0.072311 0.964301 0.072311
0 0.431088 0.326484 0.102664 0.326484 0.102664 0.072311 0.431088 0.072311
0 0.313998 0.380970 0.431088 0.380970 0.431088 0.571360 0.102664 0.571360 0.102664 0.339662 0.313998 0.339662
0 0.431088 0.768075 0.102664 0.768075 0.102664 0.580179 0.431088 0.580179
3 0.964301 0.072311 0.964301 0.571360 0.975422 0.580179 0.975422 0.063493
1 0.964301 0.265889 0.964301 0.515300 0.975422 0.515300 0.975422 0.265889
3 0.102664 0.571360 0.102664 0.072311 0.091543 0.063493 0.091543 0.571360
1 0.102664 0.517454 0.102664 0.390557 0.091543 0.390557 0.091543 0.517454
3 0.102664 0.072311 0.964301 0.072311 0.975422 0.063493 0.091543 0.063493
1 0.284368 0.072311 0.375657 0.072311 0.375657 0.063493 0.284368 0.063493
3 0.091543 0.571360 0.091543 0.776893 0.102664 0.768075 0.102664 0.571360
1 0.091543 0.615389 0.091543 0.733254 0.102664 0.733254 0.102664 0.615389
3 0.091543 0.776893 0.442210 0.776893 0.431088 0.768075 0.102664 0.768075
2 0.267703 0.776893 0.404334 0.776893 0.404334 0.768075 0.267703 0.768075
3 0.442210 0.776893 0.442210 0.580179 0.431088 0.571360 0.431088 0.768075
3 0.964301 0.571360 0.431088 0.571360 0.442210 0.580179 0.975422 0.580179
1 0.896668 0.571360 0.743991 0.571360 0.743991 0.580179 0.896668 0.580179
2 0.687225 0.571360 0.545811 0.571360 0.545811 0.580179 0.687225 0.580179
3 0.431088 0.571360 0.091543 0.571360 0.091543 0.580179 0.431088 0.580179
2 0.406558 0.571360 0.297825 0.571360 0.297825 0.580179 0.406558 0.580179
3 0.431088 0.571360 0.431088 0.042341 0.442210 0.042341 0.442210 0.571360
2 0.431088 0.249071 0.431088 0.149788 0.442210 0.149788 0.442210 0.249071
3 0.091543 0.072311 0.091543 0.042341 0.102664 0.042341 0.102664 0.072311
3 0.091543 0.063493 0.065901 0.063493 0.065901 0.072311 0.091543 0.072311
3 0.442210 0.326484 0.065901 0.326484 0.065901 0.339662 0.442210 0.339662
3 0.091543 0.571360 0.065901 0.571360 0.065901 0.580179 0.091543 0.580179
3 0.102664 0.768075 0.065901 0.768075 0.065901 0.776893 0.102664 0.776893
3 0.091543 0.776893 0.091543 0.794026 0.102664 0.794026 0.102664 0.776893
3 0.975422 0.601809 0.975422 0.580179 0.964301 0.580179 0.964301 0.601809
3 0.975422 0.580179 0.998999 0.580179 0.998999 0.571360 0.975422 0.571360
3 0.964301 0.063493 0.997506 0.063493 0.997506 0.072311 0.964301 0.072311
3 0.975422 0.063493 0.975422 0.043840 0.964301 0.043840 0.964301 0.063493
3 0.442210 0.776893 0.466295 0.776893 0.466295 0.768075 0.442210 0.768075
3 0.442210 0.776893 0.442210 0.798788 0.431088 0.798788 0.431088 0.776893
3 0.431088 0.380970 0.313998 0.380970 0.313998 0.339271 0.431088 0.339271
