0 0.982221 0.907414 0.982221 1.000000 0.358987 1.000000 0.358987 0.910412 0.358987 0.907414 0.982221 0.907414
0 0.982508 0.275169 0.982508 0.143697 0.658229 0.143697 0.658229 0.275169 0.982508 0.275169
0 0.977109 0.644551 0.753589 0.644551 0.753589 0.603183 0.744051 0.603183 0.744051 0.453436 0.977109 0.453436
0 0.977109 0.453436 0.744051 0.453436 0.744051 0.294575 0.977109 0.294575
0 0.744051 0.603183 0.485126 0.603183 0.485126 0.609874 0.358987 0.609874 0.358987 0.294575 0.744051 0.294575
0 0.543278 0.609874 0.543278 0.795883 0.358987 0.795883 0.358987 0.609874
0 0.345634 0.610851 0.082827 0.610851 0.082827 0.294575 0.345634 0.294575
0 0.345634 0.885331 0.082827 0.885331 0.082827 0.615770 0.345634 0.615770
0 0.977109 0.885331 0.790729 0.885331 0.790729 0.650573 0.977109 0.650573
0 0.745005 0.609205 0.745005 0.650573 0.777376 0.650573 0.777376 0.781817 0.551862 0.781817 0.551862 0.609205
0 0.773284 0.885331 0.559359 0.885331 0.559359 0.791855 0.773284 0.791855
0 0.543278 0.885331 0.358987 0.885331 0.358987 0.802575 0.543278 0.802575
1 0.194993 0.294575 0.304821 0.294575 0.304821 0.275169 0.194993 0.275169
1 0.443493 0.294575 0.612218 0.294575 0.612218 0.275169 0.443493 0.275169
1 0.777882 0.294575 0.947227 0.294575 0.947227 0.275169 0.777882 0.275169
2 0.690038 0.294575 0.769689 0.294575 0.769689 0.275169 0.690038 0.275169
1 0.947589 0.885331 0.918814 0.885331 0.918814 0.907414 0.947589 0.907414
1 0.597425 0.885331 0.562898 0.885331 0.562898 0.907414 0.597425 0.907414
1 0.277438 0.885331 0.165845 0.885331 0.165845 0.907414 0.277438 0.907414
2 0.879269 0.885331 0.800830 0.885331 0.800830 0.907414 0.879269 0.907414
2 0.470428 0.885331 0.385894 0.885331 0.385894 0.907414 0.470428 0.907414
3 0.082827 0.885331 0.082827 0.294575 0.054213 0.275169 0.054213 0.907414
3 0.358987 0.907414 0.358987 0.275169 0.345634 0.275169 0.345634 0.907414
2 0.358987 0.717624 0.358987 0.664044 0.345634 0.664044 0.345634 0.717624
2 0.358987 0.562972 0.358987 0.509017 0.345634 0.509017 0.345634 0.562972
3 0.358987 0.615770 0.054213 0.615770 0.054213 0.610851 0.358987 0.610851
3 0.543278 0.609205 0.745005 0.609205 0.753589 0.603183 0.543278 0.603183
3 0.745005 0.609205 0.745005 0.650573 0.753589 0.644551 0.753589 0.603183
3 0.543278 0.907414 0.543278 0.781817 0.559359 0.781817 0.559359 0.907414
3 0.543278 0.781817 0.543278 0.609205 0.551862 0.609205 0.551862 0.781817
2 0.543278 0.776022 0.543278 0.722890 0.551862 0.722890 0.551862 0.776022
3 0.777376 0.644551 0.777376 0.781817 0.790729 0.781817 0.790729 0.644551
2 0.777376 0.715342 0.777376 0.769618 0.790729 0.769618 0.790729 0.715342
3 0.773284 0.781817 0.773284 0.907414 0.790729 0.907414 0.790729 0.781817
3 0.543278 0.781817 0.777376 0.781817 0.777376 0.791855 0.551862 0.791855
2 0.610034 0.781817 0.681759 0.781817 0.681759 0.791855 0.610034 0.791855
3 0.559359 0.802575 0.345634 0.802575 0.345634 0.795883 0.559359 0.795883
2 0.471820 0.802575 0.386933 0.802575 0.386933 0.795883 0.471820 0.795883
3 0.982508 0.275169 0.982508 0.015311 0.992046 0.015311 0.992046 0.275169
3 0.054213 0.275169 0.054213 0.015311 0.063751 0.015311 0.063751 0.275169
3 0.991759 0.907414 0.991759 1.000000 0.982221 1.000000 0.982221 0.907414
3 0.543278 0.603183 0.485126 0.603183 0.485126 0.609874 0.543278 0.609874
3 0.753589 0.532605 0.753589 0.453108 0.744051 0.453108 0.744051 0.532605
