0 0.891446 0.049503 0.354238 0.049503 0.354238 0.230003 0.354238 0.238450 0.891446 0.238450 0.891446 0.049503
0 0.893154 0.782894 0.509583 0.782894 0.509583 0.876378 0.678426 0.876378 0.678426 0.865719 0.893154 0.865719 0.893154 0.782894
0 0.890593 0.548261 0.678477 0.548841 0.678477 0.410749 0.890593 0.410749
0 0.890593 0.410749 0.678477 0.410749 0.678477 0.254045 0.890593 0.254045
0 0.678477 0.529481 0.678426 0.529481 0.678426 0.410756 0.669035 0.410756 0.669035 0.529481 0.366189 0.529481 0.366189 0.254045 0.678477 0.254045
0 0.669035 0.668658 0.366189 0.668658 0.366189 0.537476 0.554095 0.537476 0.554095 0.584021 0.564339 0.584021 0.564339 0.529481 0.669035 0.529481
0 0.354238 0.529561 0.126218 0.529561 0.126218 0.254045 0.354238 0.254045
0 0.354238 0.760244 0.126218 0.760244 0.126218 0.537476 0.354238 0.537476
0 0.890593 0.636256 0.804567 0.636256 0.755113 0.689743 0.755113 0.760244 0.678426 0.760244 0.678426 0.556168 0.890593 0.556168
0 0.895715 0.989341 0.692085 0.989341 0.692085 0.876378 0.895715 0.876378
0 0.669035 0.760244 0.509583 0.760244 0.509583 0.676653 0.669035 0.676653
0 0.890593 0.760244 0.768772 0.760244 0.768772 0.693187 0.811558 0.646915 0.890593 0.646915
0 0.500193 0.760244 0.366189 0.760244 0.366189 0.676653 0.500193 0.676653
3 0.126218 0.254045 0.890593 0.254045 0.909374 0.230729 0.097192 0.230729
2 0.592570 0.254045 0.661924 0.254045 0.661924 0.230729 0.592570 0.230729
1 0.708689 0.254045 0.860825 0.254045 0.860825 0.230729 0.708689 0.230729
1 0.428073 0.254045 0.580209 0.254045 0.580209 0.230729 0.428073 0.230729
1 0.175407 0.254045 0.324854 0.254045 0.324854 0.230729 0.175407 0.230729
3 0.890593 0.254045 0.890593 0.760244 0.909374 0.782894 0.909374 0.230729
3 0.890593 0.760244 0.662786 0.760244 0.662786 0.782894 0.909374 0.782894
1 0.856531 0.760244 0.814598 0.760244 0.814598 0.782894 0.856531 0.782894
3 0.662786 0.760244 0.576973 0.760244 0.576973 0.782894 0.662786 0.782894
2 0.659235 0.760244 0.580747 0.760244 0.580747 0.782894 0.659235 0.782894
3 0.576973 0.760244 0.126218 0.760244 0.097192 0.782894 0.576973 0.782894
1 0.318400 0.760244 0.168416 0.760244 0.168416 0.782894 0.318400 0.782894
1 0.482906 0.760244 0.440435 0.760244 0.440435 0.782894 0.482906 0.782894
3 0.126218 0.760244 0.126218 0.254045 0.097192 0.230729 0.097192 0.782894
3 0.366189 0.760244 0.366189 0.254045 0.354238 0.254045 0.354238 0.760244
2 0.366189 0.480311 0.366189 0.427037 0.354238 0.427037 0.354238 0.480311
2 0.366189 0.640566 0.366189 0.586026 0.354238 0.586026 0.354238 0.640566
3 0.126218 0.537476 0.354238 0.537476 0.354238 0.529561 0.126218 0.529561
3 0.366189 0.537476 0.554095 0.537476 0.564339 0.529481 0.366189 0.529481
3 0.554095 0.537476 0.554095 0.584021 0.564339 0.584021 0.564339 0.529481
3 0.366189 0.676653 0.678426 0.676653 0.669035 0.668658 0.366189 0.668658
2 0.427424 0.676653 0.495643 0.676653 0.495643 0.668658 0.427424 0.668658
2 0.580909 0.676653 0.658552 0.676653 0.658552 0.668658 0.580909 0.668658
3 0.678426 0.668658 0.678426 0.760244 0.669035 0.760244 0.669035 0.676653
3 0.500193 0.676653 0.500193 0.760244 0.509583 0.760244 0.509583 0.676653
3 0.678426 0.676653 0.678426 0.410756 0.669035 0.410756 0.669035 0.668658
2 0.678426 0.658133 0.678426 0.604200 0.669035 0.604200 0.669035 0.658133
3 0.678426 0.556168 0.890593 0.556168 0.890593 0.548841 0.678426 0.548841
3 0.768772 0.760244 0.768772 0.693187 0.755113 0.689743 0.755113 0.760244
3 0.768772 0.693187 0.811558 0.646915 0.804567 0.636256 0.755113 0.689743
2 0.770453 0.691368 0.809860 0.648747 0.798787 0.642511 0.759372 0.685133
3 0.811558 0.646915 0.890593 0.646915 0.890593 0.636256 0.804567 0.636256
3 0.909374 0.230729 0.909374 0.049503 0.891446 0.049503 0.891446 0.230729
3 0.909374 0.782894 0.909374 0.876378 0.893154 0.865719 0.893154 0.782894
3 0.909374 0.865719 0.678426 0.865719 0.692085 0.876378 0.895715 0.876378
3 0.678426 0.865719 0.678426 1.000000 0.692085 0.989341 0.692085 0.876378
2 0.678426 0.929605 0.678426 0.986237 0.692085 0.986237 0.692085 0.929605
3 0.678426 1.000000 0.909374 1.000000 0.895715 0.989341 0.692085 0.989341
3 0.909374 1.000000 0.909374 0.865719 0.895715 0.876378 0.895715 0.989341
