0 0.171354 0.104923 0.029373 0.104923 0.029373 0.531753 0.171354 0.531753 0.171354 0.104923
0 0.761311 0.364186 0.596896 0.364186 0.596896 0.103063 0.761311 0.103063
0 0.980658 0.553227 0.866510 0.553227 0.866510 0.364186 0.761311 0.364186 0.761311 0.178366 0.792865 0.178366 0.792865 0.103063 0.980658 0.103063
0 0.678640 0.759455 0.577077 0.759455 0.577077 0.555871 0.586840 0.378934 0.678640 0.378934
0 0.838034 0.553227 0.689470 0.553227 0.689470 0.378934 0.838034 0.378934
0 0.185278 0.103063 0.586840 0.103063 0.586840 0.378900 0.577077 0.555576 0.185278 0.555576
0 0.980658 0.978446 0.694103 0.978446 0.694103 0.759455 0.689470 0.759455 0.689470 0.574782 0.980658 0.574782
3 0.185278 0.555576 0.577077 0.555576 0.559285 0.579399 0.171354 0.579399
3 0.577077 0.555576 0.577077 0.759455 0.559285 0.781010 0.559285 0.579399
3 0.577077 0.759455 0.694103 0.759455 0.679406 0.781010 0.559285 0.781010
2 0.604740 0.759455 0.675631 0.759455 0.675631 0.781010 0.604740 0.781010
3 0.694103 0.759455 0.694103 0.978446 0.679406 1.000000 0.679406 0.781010
3 0.694103 0.978446 0.980658 0.978446 0.999997 1.000000 0.679406 1.000000
3 0.980658 0.978446 0.980658 0.103063 0.999997 0.062223 0.999997 1.000000
1 0.980658 0.363732 0.980658 0.108735 0.999997 0.108735 0.999997 0.363732
1 0.980658 0.977810 0.980658 0.647328 0.999997 0.647328 0.999997 0.977810
3 0.980658 0.103063 0.185278 0.103063 0.171354 0.062223 0.999997 0.062223
1 0.696494 0.103063 0.607216 0.103063 0.607216 0.062223 0.696494 0.062223
3 0.185278 0.103063 0.185278 0.555576 0.171354 0.579399 0.171354 0.062223
1 0.185278 0.477811 0.185278 0.530176 0.171354 0.530176 0.171354 0.477811
2 0.185278 0.378253 0.185278 0.470788 0.171354 0.470788 0.171354 0.378253
1 0.185278 0.107419 0.185278 0.367045 0.171354 0.367045 0.171354 0.107419
3 0.171354 0.062223 0.016222 0.062223 0.016222 0.104923 0.171354 0.104923
3 0.171354 0.579399 0.029373 0.579399 0.029373 0.531753 0.171354 0.531753
3 0.596896 0.103063 0.596896 0.364186 0.586840 0.378934 0.586840 0.103063
1 0.596896 0.107589 0.596896 0.361452 0.586840 0.361452 0.586840 0.107589
3 0.596896 0.364186 0.866510 0.364186 0.838034 0.378934 0.586840 0.378934
2 0.603704 0.364186 0.665860 0.364186 0.665860 0.378934 0.603704 0.378934
3 0.866510 0.364186 0.866510 0.553227 0.838034 0.574782 0.838034 0.378934
3 0.838034 0.574782 0.980658 0.574782 0.980658 0.553227 0.866510 0.553227
2 0.869496 0.574782 0.925386 0.574782 0.925386 0.553227 0.869496 0.553227
3 0.866510 0.574782 0.689470 0.574782 0.678640 0.553227 0.866510 0.553227
3 0.689470 0.553227 0.689470 0.378934 0.678640 0.378934 0.678640 0.553227
2 0.689470 0.502178 0.689470 0.431651 0.678640 0.431651 0.678640 0.502178
3 0.678640 0.553227 0.678640 0.759455 0.689470 0.759455 0.689470 0.574782
2 0.678640 0.658366 0.678640 0.755916 0.689470 0.755916 0.689470 0.658366
3 0.761311 0.103063 0.761311 0.178366 0.792865 0.178366 0.792865 0.103063
