0 0.622418 0.493629 0.100068 0.493629 0.100068 0.097893 0.622418 0.097893
0 0.622418 0.836662 0.602434 0.836662 0.602434 0.851479 0.649070 0.851479 0.649070 0.967404 0.427230 0.967404 0.427230 0.632964 0.411165 0.632964 0.411165 0.733346 0.100068 0.733346 0.100068 0.493629 0.622418 0.493629
0 0.411165 0.967404 0.100068 0.967404 0.100068 0.748237 0.411165 0.748237
0 0.722390 0.836662 0.638483 0.836662 0.638483 0.632964 0.722390 0.632964
0 0.722390 0.618147 0.638483 0.618147 0.638483 0.529885 0.722390 0.529885
3 0.064725 0.051962 0.064725 1.000000 0.100068 0.967404 0.100068 0.097893
3 0.064725 1.000000 0.666741 1.000000 0.649070 0.967404 0.100068 0.967404
2 0.456677 1.000000 0.604394 1.000000 0.604394 0.967404 0.456677 0.967404
3 0.666741 1.000000 0.666741 0.852960 0.649070 0.836662 0.649070 0.967404
3 0.666741 0.852960 0.757733 0.852960 0.722390 0.836662 0.649070 0.836662
3 0.757733 0.852960 0.757733 0.497289 0.722390 0.529885 0.722390 0.836662
3 0.722390 0.529885 0.622418 0.529885 0.657761 0.497289 0.757733 0.497289
3 0.622418 0.529885 0.622418 0.097893 0.657761 0.051962 0.657761 0.497289
3 0.657761 0.051962 0.064725 0.051962 0.100068 0.097893 0.622418 0.097893
1 0.329330 0.051962 0.131636 0.051962 0.131636 0.097893 0.329330 0.097893
1 0.587750 0.051962 0.346199 0.051962 0.346199 0.097893 0.587750 0.097893
3 0.411165 0.632964 0.411165 0.967404 0.427230 0.967404 0.427230 0.632964
2 0.411165 0.756267 0.411165 0.854427 0.427230 0.854427 0.427230 0.756267
3 0.100068 0.748163 0.411165 0.748163 0.411165 0.733346 0.100068 0.733346
3 0.649070 0.836662 0.602434 0.836662 0.602434 0.851479 0.649070 0.851479
3 0.622418 0.529885 0.622418 0.836662 0.638483 0.836662 0.638483 0.529885
2 0.622418 0.771054 0.622418 0.829698 0.638483 0.829698 0.638483 0.771054
2 0.622418 0.705743 0.622418 0.761231 0.638483 0.761231 0.638483 0.705743
2 0.622418 0.640431 0.622418 0.692749 0.638483 0.692749 0.638483 0.640431
2 0.622418 0.542494 0.622418 0.614754 0.638483 0.614754 0.638483 0.542494
3 0.638483 0.632964 0.722390 0.632964 0.722390 0.618147 0.638483 0.618147
