0 0.643745 0.877792 0.554230 0.877792 0.554230 0.537173 0.643745 0.537173
0 0.643745 0.537173 0.185133 0.537173 0.185133 0.131253 0.643745 0.131253
0 0.156431 0.520360 0.156431 0.129011 0.079914 0.129011 0.079914 0.520360 0.156431 0.520360
0 0.880739 0.467232 0.650579 0.467232 0.650579 0.131253 0.880739 0.131253
0 0.880739 0.877792 0.676137 0.877792 0.676137 0.810025 0.650579 0.810025 0.650579 0.686338 0.698825 0.686338 0.698825 0.557158 0.880739 0.557158
0 0.548079 0.857650 0.441856 0.857650 0.441856 0.560711 0.548079 0.560711
0 0.833859 0.545950 0.764333 0.545950 0.764333 0.478440 0.833859 0.478440
0 0.718075 0.545950 0.650579 0.545950 0.650579 0.478440 0.718075 0.478440
0 0.880739 0.545950 0.838643 0.545950 0.838643 0.478440 0.880739 0.478440
0 0.759549 0.545950 0.722859 0.545950 0.722859 0.478440 0.759549 0.478440
0 0.691991 0.675129 0.650579 0.675129 0.650579 0.616855 0.691991 0.616855
0 0.691991 0.609009 0.650579 0.609009 0.650579 0.557158 0.691991 0.557158
3 0.185133 0.131253 0.880739 0.131253 0.907390 0.087539 0.156431 0.087539
3 0.880739 0.131253 0.880739 0.877792 0.907390 0.911418 0.907390 0.087539
1 0.880739 0.246242 0.880739 0.406649 0.907390 0.406649 0.907390 0.246242
1 0.880739 0.611890 0.880739 0.776791 0.907390 0.776791 0.907390 0.611890
3 0.880739 0.877792 0.441856 0.877792 0.426822 0.911418 0.907390 0.911418
2 0.635968 0.877792 0.581961 0.877792 0.581961 0.911418 0.635968 0.911418
3 0.441856 0.877792 0.441856 0.537173 0.426822 0.561832 0.426822 0.911418
3 0.426822 0.561832 0.156431 0.561832 0.185133 0.537173 0.441856 0.537173
3 0.185133 0.537173 0.185133 0.131253 0.156431 0.087539 0.156431 0.561832
2 0.185133 0.507807 0.185133 0.429380 0.156431 0.429380 0.156431 0.507807
1 0.185133 0.419909 0.185133 0.134089 0.156431 0.134089 0.156431 0.419909
3 0.156431 0.561832 0.071713 0.561832 0.071713 0.520360 0.156431 0.520360
3 0.156431 0.087539 0.071713 0.087539 0.071713 0.129011 0.156431 0.129011
3 0.441856 0.537173 0.554230 0.537173 0.548079 0.560711 0.441856 0.560711
3 0.548079 0.560711 0.548079 0.857650 0.554230 0.877792 0.554230 0.537173
2 0.548079 0.666756 0.548079 0.735028 0.554230 0.735028 0.554230 0.666756
3 0.554230 0.877792 0.441856 0.877792 0.441856 0.857650 0.548079 0.857650
3 0.650579 0.877792 0.650579 0.131253 0.643745 0.131253 0.643745 0.877792
2 0.650579 0.777610 0.650579 0.711255 0.643745 0.711255 0.643745 0.777610
2 0.650579 0.671733 0.650579 0.618795 0.643745 0.618795 0.643745 0.671733
2 0.650579 0.605277 0.650579 0.559949 0.643745 0.559949 0.643745 0.605277
2 0.650579 0.436979 0.650579 0.355089 0.643745 0.355089 0.643745 0.436979
3 0.880739 0.557158 0.650579 0.557158 0.650579 0.545950 0.880739 0.545950
3 0.880739 0.478440 0.650579 0.478440 0.650579 0.467232 0.880739 0.467232
2 0.714454 0.478440 0.654747 0.478440 0.654747 0.467232 0.714454 0.467232
2 0.755681 0.478440 0.727581 0.478440 0.727581 0.467232 0.755681 0.467232
2 0.828215 0.478440 0.771713 0.478440 0.771713 0.467232 0.828215 0.467232
2 0.871274 0.478440 0.843481 0.478440 0.843481 0.467232 0.871274 0.467232
3 0.650579 0.686338 0.698825 0.686338 0.691991 0.675129 0.650579 0.675129
3 0.698825 0.686338 0.698825 0.557158 0.691991 0.557158 0.691991 0.675129
3 0.718075 0.545950 0.718075 0.478440 0.722859 0.478440 0.722859 0.545950
3 0.759549 0.545950 0.759549 0.478440 0.764333 0.478440 0.764333 0.545950
3 0.833859 0.545950 0.833859 0.478440 0.838643 0.478440 0.838643 0.545950
3 0.650579 0.616855 0.691991 0.616855 0.691991 0.609009 0.650579 0.609009
3 0.676137 0.877792 0.676137 0.810025 0.649554 0.810025 0.649554 0.877792
