0 0.866092 0.085087 0.994236 0.085087 0.994236 0.500358 0.866092 0.500358 0.866092 0.085087 0.866092 0.085087
0 0.553802 0.504818 0.554112 0.876518 0.432812 0.876518 0.432812 0.668842 0.349284 0.668842 0.349284 0.428030 0.478163 0.428030 0.528803 0.348612
0 0.843038 0.504818 0.553802 0.504818 0.528803 0.348612 0.528731 0.348506 0.528731 0.085134 0.843038 0.085134
0 0.300683 0.292423 0.344450 0.292423 0.344450 0.540067 0.075704 0.540067 0.075704 0.085134 0.300683 0.085134
0 0.843038 0.876518 0.582317 0.876518 0.582317 0.808792 0.559890 0.808792 0.559890 0.876518 0.559876 0.876518 0.559876 0.514209 0.843038 0.514209
0 0.344450 0.876518 0.075704 0.876518 0.075704 0.549246 0.344450 0.549246
0 0.503775 0.186149 0.522809 0.186149 0.522809 0.085134 0.522968 0.085134 0.522968 0.344516 0.475829 0.418640 0.349284 0.418640 0.349284 0.292423 0.418086 0.292423 0.418086 0.192065 0.419390 0.192065 0.419390 0.085134 0.503775 0.085134
0 0.410745 0.192065 0.413187 0.192065 0.413187 0.275439 0.309825 0.275439 0.309825 0.095933 0.410745 0.095933
0 0.427603 0.876518 0.349284 0.876518 0.349284 0.678549 0.427603 0.678549
3 0.053370 0.071049 0.053370 0.898820 0.075704 0.876518 0.075704 0.085134
1 0.053370 0.594108 0.053370 0.765338 0.075704 0.765338 0.075704 0.594108
1 0.053370 0.304971 0.053370 0.476554 0.075704 0.476554 0.075704 0.304971
3 0.053370 0.898820 0.866092 0.898820 0.843038 0.876518 0.075704 0.876518
2 0.439944 0.898820 0.502046 0.898820 0.502046 0.876518 0.439944 0.876518
3 0.866092 0.898820 0.866092 0.071049 0.843038 0.085134 0.843038 0.876518
1 0.866092 0.744891 0.866092 0.571759 0.843038 0.571759 0.843038 0.744891
1 0.866092 0.340783 0.866092 0.136992 0.843038 0.136992 0.843038 0.340783
2 0.866092 0.444909 0.866092 0.349985 0.843038 0.349985 0.843038 0.444909
3 0.866092 0.071049 0.419390 0.071049 0.419390 0.085134 0.843038 0.085134
3 0.419390 0.071049 0.300834 0.071049 0.300834 0.095933 0.419390 0.095933
3 0.300834 0.071049 0.053370 0.071049 0.075704 0.085134 0.300834 0.085134
3 0.300683 0.071049 0.300683 0.292423 0.309825 0.275439 0.309825 0.071049
3 0.300683 0.292423 0.418086 0.292423 0.413187 0.275439 0.309825 0.275439
3 0.418086 0.292423 0.418086 0.192065 0.413187 0.192065 0.413187 0.275439
2 0.418086 0.271812 0.418086 0.199307 0.413187 0.199307 0.413187 0.271812
3 0.419390 0.192065 0.419390 0.071049 0.410745 0.071049 0.410745 0.192065
3 0.344450 0.275439 0.344450 0.898820 0.349284 0.898820 0.349284 0.275439
2 0.344450 0.558026 0.344450 0.649451 0.349284 0.649451 0.349284 0.558026
2 0.344450 0.438559 0.344450 0.531369 0.349284 0.531369 0.349284 0.438559
3 0.349284 0.540067 0.053370 0.540067 0.053370 0.549246 0.349284 0.549246
3 0.344450 0.678549 0.427603 0.678549 0.432812 0.668842 0.344450 0.668842
2 0.375861 0.678549 0.424447 0.678549 0.424447 0.668842 0.375861 0.668842
3 0.427603 0.678549 0.427603 0.898820 0.432812 0.898820 0.432812 0.668842
3 0.559876 0.898820 0.559876 0.514209 0.554112 0.504818 0.554112 0.898820
2 0.559876 0.619649 0.559876 0.525582 0.554112 0.525582 0.554112 0.619649
3 0.554112 0.504818 0.866092 0.504818 0.866092 0.514209 0.559876 0.514209
3 0.528731 0.071049 0.528731 0.348506 0.522968 0.344516 0.522968 0.071049
3 0.528731 0.348506 0.478163 0.428030 0.475829 0.418640 0.522968 0.344516
3 0.478163 0.428030 0.344450 0.428030 0.344450 0.418640 0.475829 0.418640
2 0.470152 0.428030 0.424260 0.428030 0.424260 0.418640 0.470152 0.418640
3 0.788082 0.898691 0.866092 0.898691 0.866092 0.932848 0.788082 0.932848
3 0.843038 0.071260 1.000000 0.071260 1.000000 0.085087 0.843038 0.085087
3 0.559890 0.808792 0.559890 0.898820 0.582317 0.898820 0.582317 0.808792
3 0.503775 0.071049 0.503775 0.186149 0.522809 0.186149 0.522809 0.071049
