0 0.982603 0.503998 0.782557 0.503998 0.782557 0.349330 0.907857 0.349330 0.907857 0.503998 0.913822 0.503998 0.913822 0.349330 0.982603 0.349330
0 0.982603 0.863106 0.782557 0.863106 0.782557 0.749682 0.751521 0.749682 0.751521 0.627233 0.782557 0.627233 0.782557 0.517271 0.982603 0.517271
0 0.119376 0.367547 0.014235 0.367547 0.014235 0.109000 0.119376 0.109000
0 0.392235 0.500680 0.392235 0.231493 0.266964 0.231493 0.266964 0.500680 0.392235 0.500680 0.392235 0.500680
0 0.982603 0.336058 0.776592 0.336058 0.776592 0.613960 0.745556 0.613960 0.745556 0.762954 0.776592 0.762954 0.776592 0.863106 0.696612 0.863106 0.696612 0.336058 0.982603 0.335129
0 0.982603 0.335129 0.696612 0.336058 0.696612 0.086094 0.982603 0.086094
0 0.406650 0.492938 0.697184 0.492938 0.697184 0.085452 0.406650 0.086094 0.406650 0.492938 0.406650 0.492938
3 0.696612 0.863106 0.696612 0.492938 0.681701 0.513953 0.681701 0.893964
3 0.681701 0.513953 0.392235 0.513953 0.406650 0.492938 0.696612 0.492938
3 0.406650 0.492938 0.406650 0.086094 0.392235 0.067291 0.392235 0.513953
2 0.406650 0.420061 0.406650 0.326634 0.392235 0.326634 0.392235 0.420061
1 0.406650 0.319512 0.406650 0.147545 0.392235 0.147545 0.392235 0.319512
3 0.406650 0.086094 0.982603 0.086094 1.000000 0.067291 0.392235 0.067291
3 0.982603 0.086094 0.982603 0.863106 1.000000 0.893964 1.000000 0.067291
1 0.982603 0.576698 0.982603 0.754139 1.000000 0.754139 1.000000 0.576698
1 0.982603 0.441043 0.982603 0.498590 1.000000 0.498590 1.000000 0.441043
1 0.982603 0.168372 0.982603 0.264287 1.000000 0.264287 1.000000 0.168372
3 0.982603 0.863106 0.696612 0.863106 0.681701 0.893964 1.000000 0.893964
2 0.745447 0.863106 0.697795 0.863106 0.697795 0.893964 0.745447 0.893964
3 0.782557 0.863106 0.782557 0.749682 0.776592 0.762954 0.776592 0.863106
3 0.782557 0.749682 0.751521 0.749682 0.745556 0.762954 0.776592 0.762954
3 0.751521 0.749682 0.751521 0.627233 0.745556 0.613960 0.745556 0.762954
3 0.751521 0.627233 0.782557 0.627233 0.776592 0.613960 0.745556 0.613960
3 0.782557 0.627233 0.782557 0.349330 0.776592 0.336058 0.776592 0.613960
2 0.782557 0.609968 0.782557 0.521872 0.776592 0.521872 0.776592 0.609968
2 0.782557 0.498656 0.782557 0.430071 0.776592 0.430071 0.776592 0.498656
3 0.782557 0.349330 0.982603 0.349330 0.982603 0.336058 0.776592 0.336058
3 0.782557 0.517271 0.982603 0.517271 0.982603 0.503998 0.782557 0.503998
3 0.406650 0.067291 0.328355 0.067291 0.328355 0.109000 0.406650 0.109000
3 0.014235 0.109000 0.014235 0.367547 0.008271 0.380819 0.008271 0.095727
1 0.014235 0.110349 0.014235 0.189928 0.008271 0.189928 0.008271 0.110349
3 0.014235 0.367547 0.119376 0.367547 0.125340 0.380819 0.008271 0.380819
3 0.125340 0.380819 0.125340 0.095727 0.119376 0.109000 0.119376 0.367547
2 0.125340 0.360291 0.125340 0.272295 0.119376 0.272295 0.119376 0.360291
3 0.913822 0.503998 0.913822 0.349330 0.907857 0.349330 0.907857 0.503998
2 0.913822 0.499707 0.913822 0.431653 0.907857 0.431653 0.907857 0.499707
3 0.125340 0.489166 0.125340 0.393727 0.119376 0.393727 0.119376 0.489166
2 0.125340 0.488901 0.125340 0.394213 0.119376 0.394213 0.119376 0.488901
3 0.014235 0.109000 0.119376 0.109000 0.125340 0.095727 0.008271 0.095727
