0 0.578369 0.281053 0.578369 0.099172 0.964617 0.099172 0.964617 0.282941 0.578369 0.281053 0.578369 0.281053
0 0.604904 0.872413 0.574098 0.872413 0.574098 0.902349 0.225131 0.902349 0.225131 0.888325 0.220617 0.888325 0.220617 0.849026 0.225131 0.849026 0.225131 0.835710 0.220994 0.835710 0.220994 0.755939 0.225131 0.755939 0.225131 0.743235 0.604904 0.743235
0 0.790497 0.755467 0.853728 0.826556 0.906853 0.826556 0.906853 0.902349 0.614795 0.902349 0.614795 0.839802 0.610695 0.839802 0.610695 0.759742 0.614795 0.759742 0.614795 0.676981 0.790497 0.676981
0 0.333501 0.675354 0.324509 0.675354 0.324509 0.733609 0.104504 0.733609 0.104504 0.314862 0.104612 0.314819 0.333501 0.314819
0 0.684600 0.668238 0.604904 0.668238 0.604904 0.743235 0.333501 0.743235 0.371168 0.743226 0.371168 0.733609 0.333501 0.733609 0.333501 0.314819 0.600768 0.314819 0.600768 0.300786 0.684600 0.300786
0 0.940671 0.668238 0.694491 0.668238 0.694491 0.314819 0.940671 0.314819
0 0.215239 0.902349 0.137073 0.902349 0.137073 0.871889 0.104702 0.871889 0.104702 0.902349 0.104504 0.902349 0.104504 0.756367 0.104522 0.743226 0.215239 0.743226
0 0.934503 0.812139 0.853989 0.812139 0.805784 0.757950 0.805784 0.683101 0.934503 0.683101
3 0.940671 0.272852 0.940671 0.668238 0.976639 0.668238 0.976639 0.314819
3 0.934503 0.668238 0.934503 0.813686 0.976639 0.813686 0.976639 0.668238
3 0.940671 0.813686 0.940671 0.919835 0.976639 0.902349 0.976639 0.813686
3 0.940671 0.902349 0.104504 0.902349 0.088310 0.919835 0.976639 0.919835
2 0.340038 0.902349 0.257591 0.902349 0.257591 0.919835 0.340038 0.919835
3 0.104504 0.902349 0.104612 0.314819 0.088435 0.272852 0.088310 0.919835
3 0.088346 0.743226 0.371168 0.743226 0.371168 0.733609 0.088346 0.733609
3 0.333501 0.743226 0.333501 0.675354 0.324509 0.675354 0.324509 0.743226
3 0.333501 0.605323 0.333501 0.501779 0.324509 0.501779 0.324509 0.605323
3 0.215239 0.919835 0.215239 0.888325 0.225131 0.888325 0.225131 0.919835
3 0.215239 0.888325 0.215239 0.849026 0.220617 0.849026 0.220617 0.888325
3 0.215239 0.849026 0.215239 0.835710 0.225131 0.835710 0.225131 0.849026
3 0.215239 0.835710 0.215239 0.755939 0.220994 0.755939 0.220994 0.835710
2 0.215239 0.831627 0.215239 0.761491 0.220994 0.761491 0.220994 0.831627
3 0.215239 0.755939 0.215239 0.733609 0.225131 0.733609 0.225131 0.755939
3 0.104702 0.902349 0.104702 0.871889 0.137073 0.871889 0.137073 0.919835
3 0.137073 0.919835 0.064481 0.919835 0.064481 0.902349 0.104702 0.902349
3 0.104522 0.756367 0.065173 0.756367 0.065173 0.738881 0.104522 0.738881
3 0.104612 0.314862 0.076413 0.314862 0.076413 0.272511 0.104612 0.272511
3 0.963736 0.668238 0.790497 0.668238 0.805784 0.683101 0.963736 0.683101
3 0.790497 0.668238 0.790497 0.755467 0.805784 0.757950 0.805784 0.683101
3 0.853728 0.826556 0.976639 0.826556 0.976639 0.812139 0.853989 0.812139
3 0.805784 0.668238 0.604904 0.668238 0.614795 0.676981 0.805784 0.676981
3 0.604904 0.668238 0.604904 0.759742 0.614795 0.759742 0.614795 0.676981
3 0.604904 0.759742 0.604904 0.839802 0.610695 0.839802 0.610695 0.759742
2 0.604904 0.764524 0.604904 0.835920 0.610695 0.835920 0.610695 0.764524
3 0.604904 0.839802 0.604904 0.872413 0.614795 0.872413 0.614795 0.839802
3 0.574098 0.872413 0.574098 0.919835 0.614795 0.919835 0.614795 0.872413
3 0.694491 0.676981 0.694491 0.314819 0.684600 0.272852 0.684600 0.676981
2 0.694491 0.404933 0.694491 0.328982 0.684600 0.328982 0.684600 0.404933
2 0.694491 0.437282 0.694491 0.406096 0.684600 0.406096 0.684600 0.437282
3 0.942029 0.902349 0.942029 0.826556 0.906853 0.826556 0.906853 0.902349
3 0.354488 0.902349 0.354488 0.941107 0.371573 0.941107 0.371573 0.902349
3 0.976639 0.919835 0.976639 0.942340 0.940671 0.942340 0.940671 0.919835
3 0.940671 0.919835 0.999326 0.919835 0.999326 0.902349 0.976639 0.902349
3 0.940671 0.272852 1.000000 0.272852 1.000000 0.314819 0.976639 0.314819
3 0.964617 0.314819 0.964617 0.114035 0.953862 0.114035 0.953862 0.314819
3 0.104612 0.314819 0.600768 0.314819 0.600768 0.272852 0.088435 0.272852
1 0.159840 0.314819 0.273678 0.314819 0.273678 0.272852 0.159840 0.272852
1 0.361250 0.314819 0.410382 0.314819 0.410382 0.272852 0.361250 0.272852
1 0.411191 0.314819 0.529813 0.314819 0.529813 0.272852 0.411191 0.272852
3 0.684600 0.314819 0.940671 0.314819 0.940671 0.272852 0.684600 0.272852
1 0.765068 0.314819 0.875057 0.314819 0.875057 0.272852 0.765068 0.272852
1 0.876055 0.314819 0.905962 0.314819 0.905962 0.272852 0.876055 0.272852
3 0.600768 0.281053 0.684600 0.281053 0.684600 0.300786 0.600768 0.300786
2 0.606936 0.281053 0.679933 0.281053 0.679933 0.300786 0.606936 0.300786
3 0.790497 0.755467 0.853728 0.826556 0.853989 0.812139 0.805784 0.757950
2 0.798248 0.764183 0.845258 0.817026 0.852739 0.810740 0.805730 0.757897
