0 0.461805 0.703944 0.453670 0.703970 0.453670 0.703927 0.261357 0.703927 0.261357 0.922417 0.085713 0.922417 0.100354 0.922370 0.098673 0.594010 0.461262 0.594010 0.461262 0.587003
0 0.975532 0.777743 0.468605 0.777743 0.468605 0.770520 0.467629 0.770520 0.467086 0.703944 0.467200 0.703927 0.466658 0.587203 0.975532 0.587203
0 0.468605 0.788955 0.733150 0.788955 0.733150 0.970071 0.468626 0.970071 0.467629 0.784528 0.468605 0.784528
0 0.979936 0.970071 0.738573 0.970071 0.738573 0.788955 0.979936 0.788955
0 0.452879 0.784575 0.462206 0.784546 0.463204 0.970071 0.403201 0.970071 0.403201 0.861426 0.269290 0.861426 0.269290 0.784528 0.452879 0.784528
0 0.397778 0.970071 0.338100 0.970071 0.338100 0.865683 0.397778 0.865683
0 0.394486 0.770520 0.277544 0.770520 0.277544 0.718043 0.394486 0.718043
0 0.332677 0.922417 0.269290 0.922417 0.269290 0.865683 0.332677 0.865683
0 0.452879 0.770520 0.399909 0.770520 0.399909 0.718043 0.452336 0.718043
0 0.100186 0.930002 0.329592 0.930002 0.329592 0.985821 0.100544 0.985821 0.100186 0.930002 0.100186 0.930002
3 0.098673 0.594010 0.461262 0.594010 0.461262 0.578260 0.078527 0.578260
3 0.466658 0.587203 0.975532 0.587203 0.995597 0.578260 0.461219 0.578260
3 0.975532 0.587203 0.975532 0.788955 0.995597 0.788955 0.995597 0.578260
3 0.979936 0.788955 0.979936 0.970071 1.000000 0.985821 1.000000 0.777743
3 0.979936 0.970071 0.338100 0.970071 0.329592 0.985821 1.000000 0.985821
1 0.577033 0.970071 0.521965 0.970071 0.521965 0.985821 0.577033 0.985821
1 0.652698 0.970071 0.601658 0.970071 0.601658 0.985821 0.652698 0.985821
1 0.731051 0.970071 0.678217 0.970071 0.678217 0.985821 0.731051 0.985821
1 0.815669 0.970071 0.760150 0.970071 0.760150 0.985821 0.815669 0.985821
1 0.896707 0.970071 0.842083 0.970071 0.842083 0.985821 0.896707 0.985821
3 0.338100 0.970071 0.338100 0.922417 0.329592 0.930002 0.329592 0.985821
2 0.338100 0.966440 0.338100 0.933757 0.329592 0.933757 0.329592 0.966440
3 0.100354 0.922370 0.098673 0.594010 0.078527 0.578260 0.080290 0.922434
3 0.979936 0.788955 0.468605 0.788955 0.468605 0.777743 1.000000 0.777743
3 0.080122 0.922417 0.080122 1.000000 0.100186 1.000000 0.100186 0.930002
3 0.453670 0.703927 0.261357 0.703927 0.277544 0.718043 0.453670 0.718043
3 0.261357 0.703927 0.261357 0.784528 0.277544 0.784528 0.277544 0.718043
3 0.261357 0.784528 0.261357 0.922417 0.269290 0.922417 0.269290 0.784528
3 0.261357 0.784528 0.468605 0.784528 0.468605 0.770520 0.277544 0.770520
2 0.401693 0.784528 0.441599 0.784528 0.441599 0.770520 0.401693 0.770520
3 0.468626 0.985821 0.467629 0.784528 0.462206 0.784546 0.463204 0.985838
2 0.467905 0.840683 0.467726 0.803888 0.462304 0.803905 0.462482 0.840700
3 0.467629 0.784528 0.467227 0.703927 0.452477 0.703970 0.452879 0.784575
3 0.399909 0.718043 0.399909 0.784528 0.394486 0.784528 0.394486 0.718043
2 0.399909 0.737270 0.399909 0.761878 0.394486 0.761878 0.394486 0.737270
3 0.261357 0.861426 0.403201 0.861426 0.397778 0.865683 0.261357 0.865683
2 0.273889 0.861426 0.321842 0.861426 0.321842 0.865683 0.273889 0.865683
3 0.403201 0.861426 0.403201 0.970071 0.397778 0.970071 0.397778 0.865683
3 0.338100 0.922417 0.338100 0.861426 0.332677 0.861426 0.332677 0.922417
3 0.338100 0.922417 0.080122 0.922417 0.100186 0.930002 0.329592 0.930002
2 0.321842 0.922417 0.273086 0.922417 0.273086 0.930002 0.321842 0.930002
2 0.258981 0.922417 0.107865 0.922417 0.107865 0.930002 0.258981 0.930002
3 0.738573 0.777743 0.738573 0.985821 0.733150 0.985821 0.733150 0.777743
2 0.738573 0.819055 0.738573 0.857838 0.733150 0.857838 0.733150 0.819055
3 0.461219 0.578260 0.461805 0.703944 0.467200 0.703927 0.466658 0.587203
2 0.461365 0.609530 0.461528 0.644588 0.466924 0.644571 0.466761 0.609517
0 0.401373 0.372826 0.173849 0.372826 0.173849 0.307894 0.401373 0.307894
0 0.168426 0.372826 0.099091 0.372826 0.099069 0.376325 0.099069 0.307894 0.168426 0.307894
0 0.099091 0.377083 0.338604 0.377083 0.338604 0.487277 0.099069 0.487277 0.099069 0.376325
0 0.558281 0.301704 0.466349 0.301704 0.466349 0.372826 0.407875 0.372826 0.407875 0.322528 0.418091 0.322528 0.418091 0.291365 0.402468 0.291365 0.402468 0.301083 0.270228 0.301083 0.270228 0.122832 0.558281 0.122832
0 0.971595 0.487277 0.731279 0.487277 0.731279 0.376155 0.763404 0.376155 0.763404 0.308090 0.971595 0.308090
0 0.971595 0.301704 0.763404 0.301704 0.763404 0.122832 0.971595 0.122832
0 0.757981 0.301704 0.563704 0.301704 0.563704 0.122832 0.757981 0.122832
0 0.264806 0.301083 0.099069 0.301083 0.099139 0.122832 0.264806 0.122832
0 0.627520 0.487277 0.471229 0.487277 0.471229 0.308090 0.627520 0.308090
0 0.466349 0.487277 0.344027 0.487277 0.344027 0.377083 0.401373 0.377078 0.401373 0.446348 0.407875 0.446348 0.407875 0.377078 0.466349 0.377078
0 0.725856 0.487277 0.632942 0.487277 0.632942 0.376155 0.725856 0.376155
0 0.757981 0.371898 0.632942 0.371898 0.632942 0.332166 0.647627 0.332166 0.647627 0.308090 0.757981 0.308090
0 0.672529 0.107006 0.672529 0.058649 0.723519 0.058649 0.723519 0.107163 0.672529 0.107006 0.672529 0.107006
3 0.099139 0.122832 0.971595 0.122832 0.991660 0.107082 0.079075 0.107082
2 0.674025 0.122832 0.721030 0.122832 0.721030 0.107082 0.674025 0.107082
1 0.156512 0.122832 0.260467 0.122832 0.260467 0.107082 0.156512 0.107082
1 0.355382 0.122832 0.520805 0.122832 0.520805 0.107082 0.355382 0.107082
1 0.624759 0.122832 0.672214 0.122832 0.672214 0.107082 0.624759 0.107082
1 0.822724 0.122832 0.926223 0.122832 0.926223 0.107082 0.822724 0.107082
3 0.971595 0.122832 0.971595 0.487277 0.991660 0.503027 0.991660 0.107082
3 0.971595 0.487277 0.099069 0.487277 0.079005 0.503027 0.991660 0.503027
1 0.887260 0.487277 0.785393 0.487277 0.785393 0.503027 0.887260 0.503027
1 0.720569 0.487277 0.639997 0.487277 0.639997 0.503027 0.720569 0.503027
1 0.623019 0.487277 0.523006 0.487277 0.523006 0.503027 0.623019 0.503027
1 0.456018 0.487277 0.352915 0.487277 0.352915 0.503027 0.456018 0.503027
1 0.251357 0.487277 0.148872 0.487277 0.148872 0.503027 0.251357 0.503027
3 0.099069 0.487277 0.099139 0.122832 0.079075 0.107082 0.079005 0.503027
3 0.079043 0.301083 0.407875 0.301083 0.401373 0.307894 0.079043 0.307894
2 0.344889 0.301083 0.397984 0.301083 0.397984 0.307894 0.344889 0.307894
3 0.407875 0.301083 0.407875 0.377078 0.401373 0.377078 0.401373 0.307894
2 0.407875 0.335545 0.407875 0.365836 0.401373 0.365836 0.401373 0.335545
3 0.471229 0.487277 0.471229 0.308090 0.466349 0.301704 0.466349 0.487277
2 0.471229 0.364623 0.471229 0.335064 0.466349 0.335064 0.466349 0.364623
3 0.466349 0.301704 0.991660 0.301704 0.991660 0.308090 0.471229 0.308090
2 0.815040 0.301704 0.859333 0.301704 0.859333 0.308090 0.815040 0.308090
2 0.707018 0.301704 0.745888 0.301704 0.745888 0.308090 0.707018 0.308090
3 0.763404 0.107082 0.763404 0.376155 0.757981 0.371898 0.757981 0.107082
2 0.763404 0.208367 0.763404 0.242072 0.757981 0.242072 0.757981 0.208367
2 0.763404 0.333255 0.763404 0.368024 0.757981 0.368024 0.757981 0.333255
3 0.763404 0.376155 0.627520 0.376155 0.632942 0.371898 0.757981 0.371898
2 0.698428 0.376155 0.663630 0.376155 0.663630 0.371898 0.698428 0.371898
3 0.627520 0.376155 0.627520 0.503027 0.632942 0.503027 0.632942 0.376155
3 0.731279 0.371898 0.731279 0.503027 0.725856 0.503027 0.725856 0.371898
3 0.632942 0.371898 0.632942 0.301704 0.627520 0.301704 0.627520 0.376155
2 0.632942 0.365594 0.632942 0.334094 0.627520 0.334094 0.627520 0.365594
3 0.563704 0.301704 0.563704 0.107082 0.558281 0.107082 0.558281 0.301704
2 0.563704 0.245554 0.563704 0.151936 0.558281 0.151936 0.558281 0.245554
3 0.270228 0.307894 0.270228 0.107082 0.264806 0.107082 0.264806 0.307894
2 0.270228 0.245831 0.270228 0.207992 0.264806 0.207992 0.264806 0.245831
3 0.471229 0.377078 0.099091 0.377083 0.099091 0.372826 0.471229 0.372822
2 0.261541 0.377083 0.211228 0.377083 0.211228 0.372826 0.261541 0.372826
2 0.400251 0.377078 0.351847 0.377078 0.351847 0.372822 0.400251 0.372822
3 0.173849 0.301083 0.173849 0.372826 0.168426 0.372826 0.168426 0.301083
2 0.173849 0.343301 0.173849 0.370685 0.168426 0.370685 0.168426 0.343301
3 0.344027 0.377078 0.344027 0.503027 0.338604 0.503027 0.338604 0.377078
3 0.632942 0.308090 0.632942 0.332166 0.647627 0.332166 0.647627 0.308090
3 0.418091 0.322528 0.418091 0.291365 0.402468 0.291365 0.402468 0.322528
3 0.401845 0.377078 0.401845 0.445910 0.407268 0.445910 0.407268 0.377078
