0 0.610645 0.554331 0.250185 0.554331 0.250185 0.120691 0.610645 0.120691
0 0.720715 0.792027 0.541043 0.792027 0.541043 0.573466 0.532461 0.573466 0.532461 0.979589 0.532269 0.979589 0.532461 0.554331 0.610645 0.554331 0.610645 0.420589 0.618567 0.420589 0.618567 0.347570 0.720715 0.347570
0 0.532269 0.979589 0.250185 0.979589 0.250185 0.573466 0.347943 0.573466 0.347943 0.554331 0.532461 0.554331
0 0.978214 0.558158 0.728637 0.558158 0.728637 0.120691 0.978214 0.120691
0 0.978214 0.792027 0.885183 0.792027 0.885183 0.573466 0.875281 0.573466 0.875281 0.792027 0.728637 0.792027 0.728637 0.573466 0.978214 0.573466
0 0.720715 0.332262 0.618567 0.332262 0.618567 0.120691 0.720715 0.120691
0 0.608004 0.979589 0.540383 0.979589 0.540383 0.807335 0.608004 0.807335
3 0.250185 0.979589 0.250185 0.554331 0.229720 0.554331 0.229720 1.000000
1 0.250185 0.862406 0.250185 0.684947 0.229720 0.684947 0.229720 0.862406
3 0.250185 0.554331 0.250185 0.120691 0.237642 0.081146 0.237642 0.554331
2 0.250185 0.504529 0.250185 0.411915 0.237642 0.411915 0.237642 0.504529
1 0.250185 0.400523 0.250185 0.189846 0.237642 0.189846 0.237642 0.400523
3 0.250185 0.120691 0.978214 0.120691 1.000000 0.081146 0.237642 0.081146
3 0.978214 0.120691 0.978214 0.792027 1.000000 0.812438 1.000000 0.081146
1 0.978214 0.323549 0.978214 0.545567 1.000000 0.545567 1.000000 0.323549
3 0.978214 0.792027 0.608004 0.792027 0.618567 0.812438 1.000000 0.812438
2 0.706376 0.792027 0.649126 0.792027 0.649126 0.812438 0.706376 0.812438
3 0.618567 0.812438 0.618567 1.000000 0.608004 0.979589 0.608004 0.792027
3 0.608004 0.979589 0.250185 0.979589 0.229720 1.000000 0.618567 1.000000
3 0.540383 0.979589 0.540383 0.792027 0.532461 0.792027 0.532461 0.979589
3 0.532461 0.792027 0.608004 0.792027 0.608004 0.807335 0.540383 0.807335
2 0.544080 0.792027 0.580369 0.792027 0.580369 0.807335 0.544080 0.807335
3 0.250185 0.554331 0.128667 0.554331 0.128667 0.573466 0.229720 0.573466
3 0.237642 0.110486 0.128667 0.110486 0.128667 0.091351 0.237642 0.091351
3 0.250185 0.554331 0.347943 0.554331 0.347943 0.573466 0.250185 0.573466
3 0.444665 0.573466 0.618567 0.573466 0.618567 0.554331 0.444665 0.554331
3 0.532461 0.792027 0.532461 0.573466 0.541043 0.573466 0.541043 0.792027
2 0.532461 0.716596 0.532461 0.619084 0.541043 0.619084 0.541043 0.716596
3 0.728637 0.792027 0.728637 0.120691 0.720715 0.120691 0.720715 0.792027
2 0.728637 0.666986 0.728637 0.585445 0.720715 0.585445 0.720715 0.666986
2 0.728637 0.552940 0.728637 0.456002 0.720715 0.456002 0.720715 0.552940
2 0.728637 0.276311 0.728637 0.203878 0.720715 0.203878 0.720715 0.276311
3 0.728637 0.573466 0.978214 0.573466 0.978214 0.558158 0.728637 0.558158
3 0.618567 0.420589 0.618567 0.120691 0.610645 0.120691 0.610645 0.420589
3 0.618567 0.347570 0.720715 0.347570 0.720715 0.332262 0.618567 0.332262
3 0.875281 0.792027 0.875281 0.573466 0.885183 0.573466 0.885183 0.792027
2 0.875281 0.668121 0.875281 0.597423 0.885183 0.597423 0.885183 0.668121
