0 0.956517 0.816766 0.943412 0.816766 0.943412 0.829682 0.973893 0.829682 0.973893 0.882659 0.560587 0.882659 0.560587 0.780550 0.428559 0.780550 0.428559 0.882659 0.302602 0.882659 0.302602 0.644421 0.552291 0.644421 0.552291 0.706986 0.576829 0.706986 0.576829 0.644421 0.808835 0.644421 0.808835 0.631504 0.956517 0.631504
0 0.956517 0.631504 0.461521 0.631504 0.461521 0.249516 0.579404 0.249516 0.579404 0.125409 0.956517 0.125409
0 0.360827 0.195863 0.360827 0.045466 0.542938 0.045466 0.542938 0.072729 0.533363 0.072729 0.533363 0.195863 0.361757 0.195863 0.360827 0.195863
0 0.450437 0.631504 0.398811 0.631504 0.398811 0.590609 0.387727 0.590609 0.387727 0.631504 0.302602 0.631504 0.302602 0.590609 0.291518 0.590609 0.291518 0.663249 0.158663 0.663249 0.158663 0.249516 0.450437 0.249516
0 0.291518 0.866613 0.158663 0.866613 0.158663 0.676165 0.291518 0.676165
0 0.550543 0.862659 0.532758 0.862659 0.532758 0.882659 0.470022 0.882659 0.470022 0.850130 0.440496 0.850130 0.440496 0.793466 0.550543 0.793466
0 0.528955 0.238884 0.469613 0.238884 0.469613 0.207786 0.528955 0.207786
3 0.158663 0.249516 0.158663 0.866613 0.132232 0.916292 0.132232 0.195863
3 0.579404 0.125409 0.579404 0.249516 0.533363 0.249516 0.533363 0.125409
3 0.533363 0.072729 1.000000 0.072729 1.000000 0.125409 0.533363 0.125409
1 0.613236 0.072729 0.833978 0.072729 0.833978 0.125409 0.613236 0.125409
3 0.158663 0.663249 0.291518 0.663249 0.302602 0.676165 0.158663 0.676165
3 0.302602 0.663249 0.302602 0.916292 0.291518 0.916292 0.291518 0.663249
2 0.302602 0.702952 0.302602 0.756625 0.291518 0.756625 0.291518 0.702952
3 0.302602 0.676165 0.302602 0.590609 0.291518 0.590609 0.291518 0.663249
3 0.302602 0.631504 0.808835 0.631504 0.808835 0.644421 0.302602 0.644421
2 0.309798 0.631504 0.378886 0.631504 0.378886 0.644421 0.309798 0.644421
2 0.466756 0.631504 0.543125 0.631504 0.543125 0.644421 0.466756 0.644421
3 0.461521 0.249516 0.461521 0.631504 0.450437 0.631504 0.450437 0.249516
3 0.398811 0.590609 0.398811 0.631504 0.387727 0.631504 0.387727 0.590609
3 0.576829 0.644421 0.576829 0.706986 0.552291 0.706986 0.552291 0.644421
3 0.158663 0.866613 0.302602 0.866613 0.302602 0.916292 0.132232 0.916292
3 0.302602 0.882659 0.973893 0.882659 1.000000 0.916292 0.302602 0.916292
2 0.323278 0.882659 0.395111 0.882659 0.395111 0.916292 0.323278 0.916292
3 0.973893 0.882659 0.973893 0.829682 1.000000 0.829682 1.000000 0.916292
3 0.956517 0.816766 0.956517 0.125409 1.000000 0.072729 1.000000 0.829682
1 0.956517 0.815802 0.956517 0.699306 1.000000 0.699306 1.000000 0.815802
3 1.000000 0.829682 0.943412 0.829682 0.943412 0.816766 0.956517 0.816766
3 0.440496 0.882659 0.440496 0.793466 0.428559 0.780550 0.428559 0.882659
3 0.428559 0.780550 0.560587 0.780550 0.550543 0.793466 0.440496 0.793466
2 0.473126 0.780550 0.517666 0.780550 0.517666 0.793466 0.473126 0.793466
3 0.550543 0.793466 0.550543 0.882659 0.560587 0.882659 0.560587 0.780550
3 0.439430 0.850130 0.439430 0.882659 0.470022 0.882659 0.470022 0.850130
3 0.532758 0.862659 0.532758 0.882659 0.552095 0.882659 0.552095 0.862659
3 0.469613 0.249516 0.158663 0.249516 0.132232 0.195863 0.469613 0.195863
1 0.351278 0.249516 0.222883 0.249516 0.222883 0.195863 0.351278 0.195863
3 0.579404 0.249516 0.533781 0.249516 0.533781 0.195863 0.579404 0.195863
3 0.533781 0.249516 0.469613 0.249516 0.469613 0.238884 0.533781 0.238884
2 0.525323 0.249516 0.474490 0.249516 0.474490 0.238884 0.525323 0.238884
3 0.469613 0.195863 0.533363 0.195863 0.533363 0.207786 0.469613 0.207786
2 0.474933 0.195863 0.525323 0.195863 0.525323 0.207786 0.474933 0.207786
3 0.528955 0.207239 0.528955 0.238964 0.539186 0.238964 0.539186 0.207239
