0 0.801993 0.752321 0.074589 0.752321 0.074589 0.994506 0.419819 0.994506 0.419819 0.852127 0.801993 0.851837 0.801993 0.752321
0 0.946019 0.185517 0.946019 0.037589 0.359499 0.037589 0.359499 0.185397 0.946019 0.185517 0.946019 0.185517
0 0.411404 0.413682 0.087453 0.413682 0.087453 0.201999 0.411404 0.201999
0 0.771658 0.467873 0.411404 0.467873 0.411404 0.413722 0.087453 0.413722 0.087453 0.413682 0.411404 0.413682 0.411404 0.201999 0.771658 0.201999
0 0.580492 0.735839 0.411404 0.735839 0.411404 0.467873 0.580492 0.467873
0 0.940754 0.735839 0.591022 0.735839 0.591022 0.565451 0.940754 0.565451
0 0.399996 0.735839 0.087453 0.735839 0.087453 0.567234 0.311517 0.566879 0.399996 0.566450
0 0.399996 0.559957 0.312394 0.560386 0.087453 0.560741 0.087453 0.420215 0.399996 0.420215
0 0.940754 0.335757 0.783065 0.335757 0.783065 0.201999 0.940754 0.201999
0 0.940754 0.467873 0.783065 0.467873 0.783065 0.342250 0.940754 0.342250
0 0.940754 0.559457 0.750273 0.559457 0.750273 0.473866 0.940754 0.473866
0 0.738865 0.559457 0.591022 0.559457 0.591022 0.473866 0.738865 0.473866
0 0.953039 0.841958 0.823053 0.841958 0.823053 0.752321 0.953039 0.752321
3 0.940754 0.201999 0.940754 0.735839 0.963569 0.752321 0.963569 0.185517
3 0.940754 0.735839 0.087453 0.735839 0.058495 0.752321 0.963569 0.752321
2 0.518996 0.735839 0.441055 0.735839 0.441055 0.752321 0.518996 0.752321
1 0.349311 0.735839 0.209646 0.735839 0.209646 0.752321 0.349311 0.752321
1 0.796921 0.735839 0.655572 0.735839 0.655572 0.752321 0.796921 0.752321
3 0.087453 0.735839 0.087453 0.201999 0.058495 0.185517 0.058495 0.752321
1 0.087453 0.528881 0.087453 0.469900 0.058495 0.469900 0.058495 0.528881
3 0.087453 0.201999 0.940754 0.201999 0.963569 0.185517 0.058495 0.185517
1 0.171334 0.201999 0.343642 0.201999 0.343642 0.185517 0.171334 0.185517
2 0.403761 0.201999 0.473005 0.201999 0.473005 0.185517 0.403761 0.185517
1 0.531992 0.201999 0.689637 0.201999 0.689637 0.185517 0.531992 0.185517
2 0.797790 0.201999 0.866350 0.201999 0.866350 0.185517 0.797790 0.185517
3 0.946019 0.185517 0.946019 0.037589 0.956549 0.037589 0.956549 0.185517
3 0.963569 0.752321 0.963569 0.853945 0.953039 0.841958 0.953039 0.752321
3 0.963569 0.853945 0.801993 0.853945 0.823053 0.841958 0.953039 0.841958
3 0.801993 0.853945 0.801993 0.735839 0.823053 0.735839 0.823053 0.841958
2 0.801993 0.828293 0.801993 0.784046 0.823053 0.784046 0.823053 0.828293
3 0.963569 0.473866 0.591022 0.473866 0.580492 0.467873 0.963569 0.467873
2 0.861813 0.473866 0.793113 0.473866 0.793113 0.467873 0.861813 0.467873
3 0.591022 0.473866 0.591022 0.752321 0.580492 0.752321 0.580492 0.467873
2 0.591022 0.569756 0.591022 0.607660 0.580492 0.607660 0.580492 0.569756
2 0.591022 0.514537 0.591022 0.554043 0.580492 0.554043 0.580492 0.514537
3 0.580492 0.565451 0.963569 0.565451 0.963569 0.559457 0.580492 0.559457
3 0.738865 0.467873 0.738865 0.565451 0.750273 0.565451 0.750273 0.467873
3 0.783065 0.473866 0.783065 0.185517 0.771658 0.185517 0.771658 0.473866
2 0.783065 0.307059 0.783065 0.269650 0.771658 0.269650 0.771658 0.307059
3 0.771658 0.342250 0.963569 0.342250 0.963569 0.335757 0.771658 0.335757
2 0.792683 0.342250 0.859268 0.342250 0.859268 0.335757 0.792683 0.335757
3 0.058495 0.420215 0.399996 0.420215 0.411404 0.413722 0.058495 0.413722
3 0.399996 0.420215 0.399996 0.752321 0.411404 0.752321 0.411404 0.413722
2 0.399996 0.516819 0.399996 0.556556 0.411404 0.556556 0.411404 0.516819
2 0.399996 0.569297 0.399996 0.609263 0.411404 0.609263 0.411404 0.569297
3 0.058495 0.567234 0.411404 0.566450 0.411360 0.559957 0.058451 0.560741
