0 0.093131 0.322942 0.093131 0.131504 0.882826 0.131504 0.882826 0.322960 0.093131 0.322942 0.093131 0.322942
0 0.420454 0.920157 0.420454 0.999768 0.701718 0.999768 0.701718 0.920157 0.420454 0.920157 0.420454 0.920157
0 0.879768 0.476852 0.880330 0.610889 0.579387 0.610889 0.579387 0.476852
0 0.879768 0.476852 0.560668 0.476792 0.560668 0.342630 0.880330 0.342630
0 0.560668 0.342630 0.560668 0.595743 0.078156 0.595743 0.078156 0.342612
0 0.560668 0.619830 0.640421 0.619830 0.640421 0.829388 0.451777 0.829388 0.451777 0.676760 0.374482 0.676760 0.374482 0.604684 0.452463 0.604684 0.452463 0.595743 0.560668 0.595743
0 0.433058 0.898699 0.078156 0.898699 0.078156 0.685701 0.433058 0.685701
0 0.880330 0.802464 0.659140 0.802464 0.659140 0.619830 0.880330 0.619830
0 0.355763 0.676760 0.078156 0.676760 0.078156 0.604684 0.355763 0.604684
0 0.867851 0.898699 0.659140 0.898699 0.659140 0.810249 0.867851 0.810249
0 0.640421 0.898699 0.451777 0.898699 0.451777 0.838329 0.640421 0.838329
3 0.055694 0.322942 0.055694 0.920157 0.078156 0.898699 0.078156 0.342612
3 0.055694 0.920157 0.900296 0.920157 0.867851 0.898699 0.078156 0.898699
2 0.465865 0.920157 0.577964 0.920157 0.577964 0.898699 0.465865 0.898699
1 0.123043 0.920157 0.360992 0.920157 0.360992 0.898699 0.123043 0.898699
1 0.740702 0.920157 0.864369 0.920157 0.864369 0.898699 0.740702 0.898699
3 0.900296 0.920157 0.900296 0.802464 0.867851 0.802464 0.867851 0.898699
3 0.900296 0.802464 0.900296 0.322960 0.880330 0.342630 0.880330 0.802464
3 0.900296 0.322960 0.055694 0.322942 0.078156 0.342612 0.880330 0.342630
1 0.448407 0.322948 0.156362 0.322942 0.156362 0.342612 0.448407 0.342618
2 0.558098 0.322954 0.447272 0.322948 0.447272 0.342618 0.558098 0.342624
1 0.815439 0.322960 0.558559 0.322954 0.558559 0.342624 0.815427 0.342630
3 0.560668 0.476792 0.560668 0.619830 0.579387 0.610889 0.579387 0.476792
3 0.560668 0.619830 0.900296 0.619830 0.900296 0.610889 0.579387 0.610889
3 0.640421 0.610889 0.640421 0.920157 0.659140 0.920157 0.659140 0.610889
2 0.640421 0.705937 0.640421 0.753956 0.659140 0.753956 0.659140 0.705937
3 0.055694 0.685701 0.433058 0.685701 0.451777 0.676760 0.055694 0.676760
2 0.194210 0.685701 0.276097 0.685701 0.276097 0.676760 0.194210 0.676760
3 0.451777 0.676760 0.451777 0.920157 0.433058 0.920157 0.433058 0.685701
2 0.451777 0.688151 0.451777 0.736665 0.433058 0.736665 0.433058 0.688151
3 0.433058 0.838329 0.659140 0.838329 0.659140 0.829388 0.433058 0.829388
2 0.468985 0.838329 0.579986 0.838329 0.579986 0.829388 0.468985 0.829388
3 0.055694 0.604684 0.452463 0.604684 0.452463 0.595743 0.055694 0.595743
3 0.355763 0.595743 0.355763 0.685701 0.374482 0.685701 0.374482 0.595743
3 0.900296 0.802464 0.640421 0.802464 0.640421 0.810249 0.900296 0.810249
2 0.740827 0.802464 0.662147 0.802464 0.662147 0.810249 0.740827 0.810249
3 0.055694 0.322942 0.055694 0.131504 0.091883 0.131504 0.091883 0.322942
3 0.900296 0.322960 0.900296 0.131504 0.881578 0.131504 0.881578 0.322960
