0 0.431472 0.827405 0.431472 0.911032 0.829345 0.911032 0.829345 0.827405 0.431472 0.827405 0.431472 0.827405
0 0.663320 0.443049 0.701025 0.443049 0.701025 0.559973 0.600671 0.559973 0.600671 0.559322 0.453324 0.559322 0.453324 0.217538 0.663320 0.217538
0 0.813710 0.694757 0.701025 0.694757 0.701025 0.443049 0.813710 0.443049
0 0.661586 0.568441 0.694481 0.568441 0.694481 0.802654 0.453324 0.802654 0.453324 0.568441 0.600671 0.568441 0.600671 0.559973 0.661586 0.559973
0 0.445689 0.345047 0.357905 0.345047 0.357905 0.217538 0.445689 0.217538
0 0.445689 0.579852 0.264711 0.579852 0.264711 0.443049 0.350270 0.443049 0.350270 0.358224 0.357905 0.358224 0.357905 0.345047 0.445689 0.345047
0 0.270164 0.192787 0.270164 0.009379 0.675350 0.009379 0.675350 0.192787 0.270164 0.192787 0.270164 0.192787
0 0.254894 0.802654 0.063036 0.802654 0.063036 0.119927 0.254894 0.119927
0 0.445689 0.345047 0.445689 0.351560 0.395375 0.351560 0.395375 0.345047
0 0.979277 0.505429 0.821890 0.505429 0.821890 0.217538 0.979277 0.217538
0 0.445689 0.802654 0.264711 0.802654 0.264711 0.587669 0.445689 0.587669
0 0.813710 0.433279 0.671500 0.433279 0.671500 0.217538 0.813710 0.217538
0 0.979277 0.802654 0.821890 0.802654 0.821890 0.618875 0.979277 0.618875
0 0.813710 0.802654 0.701025 0.802654 0.701025 0.702574 0.813710 0.702574
0 0.350270 0.349105 0.264711 0.349105 0.264711 0.217538 0.350270 0.217538
0 0.979277 0.609105 0.904374 0.609105 0.904374 0.515199 0.979277 0.515199
0 0.896194 0.609105 0.821890 0.609105 0.821890 0.515199 0.896194 0.515199
0 0.343180 0.436536 0.264711 0.436536 0.264711 0.358224 0.343180 0.358224
3 0.047767 0.827405 0.047767 0.101689 0.063036 0.119927 0.063036 0.802654
2 0.047767 0.176132 0.047767 0.121796 0.063036 0.121796 0.063036 0.176132
1 0.047767 0.209370 0.047767 0.179330 0.063036 0.179330 0.063036 0.209370
1 0.047767 0.512170 0.047767 0.447941 0.063036 0.447941 0.063036 0.512170
3 0.047767 0.101689 0.270164 0.101689 0.254894 0.119927 0.063036 0.119927
3 0.270164 0.101689 0.270164 0.192787 0.254894 0.217538 0.254894 0.119927
3 0.270164 0.192787 1.000000 0.192787 0.979277 0.217538 0.254894 0.217538
1 0.847500 0.192787 0.944664 0.192787 0.944664 0.217538 0.847500 0.217538
1 0.703806 0.192787 0.800971 0.192787 0.800971 0.217538 0.703806 0.217538
2 0.604625 0.192787 0.649348 0.192787 0.649348 0.217538 0.604625 0.217538
1 0.483302 0.192787 0.600513 0.192787 0.600513 0.217538 0.483302 0.217538
2 0.361973 0.192787 0.405672 0.192787 0.405672 0.217538 0.361973 0.217538
1 0.298228 0.192787 0.334215 0.192787 0.334215 0.217538 0.298228 0.217538
3 0.979277 0.217538 0.979277 0.802654 1.000000 0.827405 1.000000 0.192787
1 0.979277 0.566154 0.979277 0.605483 1.000000 0.605483 1.000000 0.566154
3 1.000000 0.827405 0.047767 0.827405 0.063036 0.802654 0.979277 0.802654
2 0.220609 0.827405 0.086835 0.827405 0.086835 0.802654 0.220609 0.802654
1 0.408349 0.827405 0.315362 0.827405 0.315362 0.802654 0.408349 0.802654
1 0.628140 0.827405 0.528576 0.827405 0.528576 0.802654 0.628140 0.802654
1 0.756351 0.827405 0.737100 0.827405 0.737100 0.802654 0.756351 0.802654
2 0.805666 0.827405 0.757763 0.827405 0.757763 0.802654 0.805666 0.802654
1 0.947025 0.827405 0.848399 0.827405 0.848399 0.802654 0.947025 0.802654
3 0.813710 0.802654 0.813710 0.217538 0.821890 0.217538 0.821890 0.802654
2 0.813710 0.674552 0.813710 0.621265 0.821890 0.621265 0.821890 0.674552
2 0.813710 0.603041 0.813710 0.552808 0.821890 0.552808 0.821890 0.603041
2 0.813710 0.500029 0.813710 0.447250 0.821890 0.447250 0.821890 0.500029
3 0.813710 0.505429 0.979277 0.505429 0.979277 0.515199 0.813710 0.515199
3 0.813710 0.609105 1.000000 0.609105 1.000000 0.618875 0.813710 0.618875
2 0.906168 0.609105 0.951252 0.609105 0.951252 0.618875 0.906168 0.618875
3 0.896194 0.515199 0.896194 0.609105 0.904374 0.609105 0.904374 0.515199
3 0.663320 0.217538 0.663320 0.443049 0.671500 0.433279 0.671500 0.217538
3 0.663320 0.443049 0.813710 0.443049 0.813710 0.433279 0.671500 0.433279
2 0.766652 0.443049 0.810700 0.443049 0.810700 0.433279 0.766652 0.433279
3 0.254894 0.217538 0.254894 0.802654 0.264711 0.802654 0.264711 0.217538
3 0.445689 0.802654 0.445689 0.217538 0.453324 0.217538 0.453324 0.802654
2 0.445689 0.490813 0.445689 0.437669 0.453324 0.437669 0.453324 0.490813
3 0.453324 0.559322 0.600671 0.559322 0.600671 0.568441 0.453324 0.568441
3 0.694481 0.568441 0.694481 0.827405 0.701025 0.827405 0.701025 0.559973
3 0.701025 0.694757 0.813710 0.694757 0.813710 0.702574 0.701025 0.702574
1 0.736156 0.694757 0.752593 0.694757 0.752593 0.702574 0.736156 0.702574
2 0.755882 0.694757 0.804254 0.694757 0.804254 0.702574 0.755882 0.702574
3 0.264711 0.587669 0.453324 0.587669 0.453324 0.579852 0.264711 0.579852
2 0.388330 0.587669 0.434389 0.587669 0.434389 0.579852 0.388330 0.579852
3 0.264711 0.358224 0.357905 0.358224 0.350270 0.349105 0.264711 0.349105
3 0.357905 0.358224 0.357905 0.217538 0.350270 0.217538 0.350270 0.349105
2 0.357905 0.306656 0.357905 0.256919 0.350270 0.256919 0.350270 0.306656
3 0.350270 0.358224 0.350270 0.443049 0.343180 0.436536 0.343180 0.358224
2 0.350270 0.377960 0.350270 0.433898 0.343180 0.433898 0.343180 0.377960
3 0.350270 0.443049 0.264711 0.443049 0.264711 0.436536 0.343180 0.436536
3 0.395375 0.345047 0.445689 0.345047 0.445689 0.351560 0.395375 0.351560
3 0.694481 0.568441 0.661586 0.568441 0.661586 0.559973 0.701025 0.559973
