0 0.870369 0.581804 0.869922 0.644003 0.676048 0.644003 0.676048 0.587483 0.689160 0.587483 0.689160 0.580210 0.623024 0.580210 0.623024 0.433014 0.870369 0.433014
0 0.870369 0.433014 0.623024 0.433014 0.623024 0.293623 0.869922 0.293623
0 0.609281 0.587483 0.676048 0.587483 0.676048 0.788532 0.489594 0.788532 0.489594 0.576513 0.609281 0.572713
0 0.609281 0.572713 0.489594 0.576513 0.091801 0.576513 0.091801 0.293623 0.609281 0.293623
0 0.416403 0.882809 0.416403 0.980540 0.735782 0.980540 0.735782 0.882809 0.416403 0.882809
0 0.869842 0.162893 0.393567 0.162893 0.393567 0.277030 0.872190 0.276654 0.869842 0.162893
0 0.474706 0.865840 0.091801 0.865840 0.091801 0.654766 0.474706 0.654766
0 0.869922 0.865840 0.692081 0.865840 0.692081 0.745739 0.869922 0.745739
0 0.869922 0.737255 0.692081 0.737255 0.692081 0.652487 0.869922 0.652487
0 0.292513 0.648657 0.091801 0.648657 0.091801 0.584392 0.292513 0.584392
0 0.676048 0.865840 0.489594 0.865840 0.489594 0.797017 0.676048 0.797017
0 0.474706 0.648657 0.301674 0.648657 0.301674 0.584392 0.474706 0.584392
3 0.059735 0.882809 0.668214 0.882809 0.668214 0.865840 0.091801 0.865840
2 0.565522 0.882809 0.659992 0.882809 0.659992 0.865840 0.565522 0.865840
1 0.202555 0.882809 0.307939 0.882809 0.307939 0.865840 0.202555 0.865840
1 0.332985 0.882809 0.381359 0.882809 0.381359 0.865840 0.332985 0.865840
3 0.668214 0.887457 0.926176 0.887457 0.869922 0.865840 0.668214 0.865840
1 0.694142 0.887457 0.735851 0.887457 0.735851 0.865840 0.694142 0.865840
3 0.926176 0.887457 0.926176 0.564617 0.869922 0.582040 0.869922 0.865840
1 0.926176 0.707443 0.926176 0.680547 0.869922 0.680547 0.869922 0.707443
3 0.901988 0.564617 0.901988 0.029405 0.869922 0.029405 0.869922 0.582040
3 0.869922 0.582040 0.869922 0.582040 0.926176 0.564617 0.901988 0.564617
3 0.059735 0.882809 0.059735 0.276654 0.091801 0.293623 0.091801 0.865840
3 0.059735 0.276654 0.901988 0.276654 0.901988 0.293623 0.091801 0.293623
1 0.184312 0.276654 0.490819 0.276654 0.490819 0.293623 0.184312 0.293623
1 0.624558 0.276654 0.669016 0.276654 0.669016 0.293623 0.624558 0.293623
1 0.692413 0.276654 0.834352 0.276654 0.834352 0.293623 0.692413 0.293623
2 0.498996 0.276654 0.591805 0.276654 0.591805 0.293623 0.498996 0.293623
3 0.059735 0.576513 0.489594 0.576513 0.474706 0.584392 0.059735 0.584392
3 0.489594 0.576513 0.489594 0.882809 0.474706 0.882809 0.474706 0.584392
2 0.489594 0.659348 0.489594 0.708649 0.474706 0.708649 0.474706 0.659348
2 0.489594 0.604731 0.489594 0.644554 0.474706 0.644554 0.474706 0.604731
3 0.489594 0.654766 0.059735 0.654766 0.059735 0.648657 0.489594 0.648657
2 0.244196 0.654766 0.168222 0.654766 0.168222 0.648657 0.244196 0.648657
3 0.301674 0.576513 0.301674 0.654766 0.292513 0.654766 0.292513 0.576513
3 0.609281 0.499739 0.609281 0.587483 0.623024 0.580210 0.623024 0.499739
3 0.609281 0.587483 0.689160 0.587483 0.689160 0.580210 0.623024 0.580210
3 0.692081 0.865840 0.692081 0.652487 0.676048 0.644003 0.676048 0.865840
2 0.692081 0.786229 0.692081 0.748776 0.676048 0.748776 0.676048 0.786229
3 0.692081 0.652487 0.926176 0.652487 0.926176 0.644003 0.676048 0.644003
3 0.474706 0.797017 0.692081 0.797017 0.692081 0.788532 0.474706 0.788532
2 0.568099 0.797017 0.658274 0.797017 0.658274 0.788532 0.568099 0.788532
3 0.676048 0.745739 0.926176 0.745739 0.926176 0.737255 0.676048 0.737255
2 0.697475 0.745739 0.769715 0.745739 0.769715 0.737255 0.697475 0.737255
