0 0.375889 0.991200 0.375889 0.862920 0.739836 0.862920 0.739836 0.991200 0.375889 0.991200 0.375889 0.991200
0 0.756408 0.722155 0.756408 0.854120 0.359318 0.854120 0.359318 0.722155 0.756408 0.722155 0.756408 0.722155
0 0.601606 0.705142 0.436133 0.705142 0.436133 0.617680 0.601606 0.617680
0 0.218713 0.532388 0.055405 0.532388 0.055405 0.434801 0.218713 0.434801
0 0.979009 0.495888 0.856677 0.495888 0.856677 0.375192 0.979009 0.375192
0 0.847839 0.458120 0.680233 0.458120 0.680233 0.423003 0.611549 0.423003 0.611549 0.375192 0.847839 0.375192
0 0.846734 0.501167 0.979009 0.501167 0.979009 0.705142 0.613759 0.705142 0.613759 0.501144 0.680233 0.501144 0.680233 0.465159 0.846734 0.465159
0 0.585421 0.056728 0.585421 0.029039 0.475375 0.029039 0.475375 0.056728 0.585421 0.056728
0 0.601606 0.430630 0.669186 0.430630 0.669186 0.494691 0.601606 0.494691 0.601606 0.611227 0.436133 0.611227 0.436133 0.369912 0.601606 0.369912
0 0.979009 0.369912 0.436133 0.369912 0.436133 0.073741 0.979009 0.073741
0 0.422876 0.273985 0.055405 0.273985 0.055405 0.073741 0.422876 0.073741
0 0.422876 0.429421 0.422367 0.429521 0.066287 0.429421 0.066452 0.355199 0.055405 0.355199 0.055405 0.279916 0.422876 0.279916 0.422876 0.274049 0.055405 0.274049 0.055405 0.273985 0.422876 0.273985
0 0.422876 0.534148 0.231970 0.534148 0.231970 0.434801 0.422876 0.434801 0.422367 0.429521 0.422876 0.429421
0 0.422876 0.705142 0.055405 0.705142 0.055405 0.540601 0.422876 0.540601
2 0.567159 0.722155 0.468414 0.722155 0.468414 0.705142 0.567159 0.705142
1 0.308675 0.722155 0.147333 0.722155 0.147333 0.705142 0.308675 0.705142
1 0.862223 0.722155 0.686288 0.722155 0.686288 0.705142 0.862223 0.705142
3 0.055405 0.705142 0.055405 0.073741 0.023366 0.056728 0.023366 0.722155
1 0.055405 0.344077 0.055405 0.292540 0.023366 0.292540 0.023366 0.344077
1 0.055405 0.518315 0.055405 0.482729 0.023366 0.482729 0.023366 0.518315
2 0.486975 0.073741 0.579853 0.073741 0.579853 0.056728 0.486975 0.056728
1 0.194087 0.073741 0.357384 0.073741 0.357384 0.056728 0.194087 0.056728
1 0.579853 0.073741 0.868985 0.073741 0.868985 0.056728 0.579853 0.056728
3 0.422876 0.722155 0.422876 0.056728 0.436133 0.056728 0.436133 0.722155
2 0.422876 0.590789 0.422876 0.544814 0.436133 0.544814 0.436133 0.590789
2 0.422876 0.480213 0.422876 0.439148 0.436133 0.439148 0.436133 0.480213
2 0.422876 0.331018 0.422876 0.280837 0.436133 0.280837 0.436133 0.331018
2 0.422876 0.193586 0.422876 0.075031 0.436133 0.075031 0.436133 0.193586
3 0.613759 0.722155 0.613759 0.501144 0.601606 0.494691 0.601606 0.722155
2 0.613759 0.550328 0.613759 0.504353 0.601606 0.504353 0.601606 0.550328
3 0.613759 0.501144 0.680233 0.501144 0.669186 0.494691 0.601606 0.494691
3 0.669186 0.494691 0.669186 0.430630 0.680233 0.423003 0.680233 0.501144
3 0.669186 0.430630 0.601606 0.430630 0.611549 0.423003 0.680233 0.423003
3 0.601606 0.430630 0.601606 0.369912 0.611549 0.375192 0.611549 0.423003
2 0.601606 0.420199 0.601606 0.377697 0.611549 0.377697 0.611549 0.420199
3 0.856677 0.375192 0.856677 0.465159 0.847839 0.465159 0.847839 0.375192
3 0.847839 0.465159 0.680233 0.465159 0.680233 0.458120 0.847839 0.458120
3 0.856677 0.465159 0.856677 0.495888 0.846734 0.501167 0.846734 0.465159
2 0.866278 0.501167 0.929195 0.501167 0.929195 0.495888 0.866278 0.495888
3 0.436133 0.611227 0.601606 0.611227 0.601606 0.617680 0.436133 0.617680
2 0.470248 0.611227 0.563867 0.611227 0.563867 0.617680 0.470248 0.617680
3 0.422876 0.540601 0.218713 0.540601 0.231970 0.534148 0.422876 0.534148
3 0.023366 0.540601 0.231970 0.540601 0.231970 0.532388 0.023366 0.532388
3 0.231970 0.534148 0.231970 0.429521 0.218713 0.434801 0.218713 0.540601
2 0.231970 0.480213 0.231970 0.438866 0.218713 0.438866 0.218713 0.480213
3 0.422876 0.429521 0.218713 0.429521 0.218713 0.434801 0.422876 0.434801
2 0.310995 0.429521 0.235826 0.429521 0.235826 0.434801 0.310995 0.434801
3 0.231970 0.429521 0.023366 0.429521 0.023366 0.434801 0.218713 0.434801
3 0.055405 0.429521 0.055405 0.355199 0.066452 0.355199 0.066452 0.429521
3 0.422876 0.279916 0.023366 0.279916 0.023366 0.274049 0.422876 0.274049
3 0.359318 0.862779 0.359318 1.000000 0.375889 0.991200 0.375889 0.862779
3 0.359318 1.000000 0.756408 1.000000 0.739836 0.991200 0.375889 0.991200
3 0.756408 1.000000 0.756408 0.854120 0.739836 0.862920 0.739836 0.991200
3 0.739836 0.862920 0.359318 0.862920 0.359318 0.854120 0.756408 0.854120
2 0.561370 0.862920 0.468978 0.862920 0.468978 0.854120 0.561370 0.854120
