0 0.496112 0.872876 0.496112 1.000000 0.641679 1.000000 0.641754 0.881945 0.620151 0.881945 0.620151 0.872876 0.496112 0.872876 0.496112 0.872876
0 0.698389 0.558830 0.630985 0.558830 0.630985 0.748019 0.469836 0.748019 0.469836 0.557939 0.177928 0.557939 0.177928 0.466762 0.698389 0.466762
0 0.974154 0.558830 0.698389 0.558830 0.698389 0.466762 0.974154 0.466762
0 0.528075 0.266533 0.280116 0.266533 0.280116 0.082760 0.528075 0.082760
0 0.280116 0.458517 0.280116 0.266533 0.516272 0.266533 0.516272 0.458517
0 0.974154 0.458517 0.631071 0.458517 0.631071 0.466762 0.528075 0.466762 0.528075 0.082760 0.974154 0.082760
0 0.459562 0.853913 0.058778 0.853913 0.058778 0.567008 0.459562 0.567008
0 0.974154 0.853913 0.641754 0.853913 0.641754 0.567074 0.974154 0.567074
0 0.269347 0.458517 0.177928 0.458517 0.177928 0.430823 0.058778 0.430823 0.058778 0.221673 0.068470 0.221673 0.269347 0.221327
0 0.264716 0.088020 0.264716 0.211326 0.068470 0.211656 0.068470 0.087451
0 0.485343 0.991755 0.288354 0.991755 0.288354 0.872876 0.485343 0.872876
0 0.630985 0.853913 0.469836 0.853913 0.469836 0.756264 0.630985 0.756264
0 0.167158 0.557939 0.058778 0.557939 0.058778 0.439068 0.167158 0.439068
3 0.039393 0.057053 0.039393 0.221673 0.068470 0.221673 0.068470 0.087451
3 0.039393 0.221673 0.039393 0.881195 0.058778 0.853913 0.058778 0.221673
3 0.039393 0.881195 0.277585 0.881195 0.288354 0.853913 0.058778 0.853913
1 0.133246 0.881195 0.258190 0.881195 0.258190 0.853913 0.133246 0.853913
1 0.091451 0.881195 0.133246 0.881195 0.133246 0.853913 0.091451 0.853913
3 0.620151 0.853913 0.974154 0.853913 1.000000 0.881945 0.620151 0.881945
1 0.837160 0.853913 0.877318 0.853913 0.877318 0.881945 0.837160 0.881945
1 0.701727 0.853913 0.837160 0.853913 0.837160 0.881945 0.701727 0.881945
3 0.974154 0.853913 0.974154 0.082760 1.000000 0.057704 1.000000 0.881945
3 1.000000 0.057704 0.280116 0.057704 0.280116 0.082760 0.974154 0.082760
2 0.641700 0.057704 0.558078 0.057704 0.558078 0.082760 0.641700 0.082760
1 0.365030 0.057704 0.321275 0.057704 0.321275 0.082760 0.365030 0.082760
1 0.488574 0.057704 0.365030 0.057704 0.365030 0.082760 0.488574 0.082760
1 0.855974 0.057704 0.648172 0.057704 0.648172 0.082760 0.855974 0.082760
3 0.280116 0.057704 0.039393 0.057053 0.068470 0.087451 0.279976 0.088020
1 0.194167 0.057465 0.130166 0.057300 0.130026 0.087616 0.194027 0.087789
3 0.039393 0.567008 0.459562 0.567008 0.469836 0.557939 0.039393 0.557939
2 0.292823 0.567008 0.379310 0.567008 0.379310 0.557939 0.292823 0.557939
3 0.459562 0.567008 0.459562 0.872876 0.469836 0.872876 0.469836 0.557939
3 0.039393 0.439068 0.167158 0.439068 0.177928 0.430823 0.039393 0.430823
3 0.167158 0.439068 0.167158 0.567008 0.177928 0.567008 0.177928 0.430823
2 0.167158 0.473531 0.167158 0.530938 0.177928 0.530938 0.177928 0.473531
3 0.167158 0.466762 0.527041 0.466762 0.516272 0.458517 0.167158 0.458517
2 0.358311 0.466762 0.434804 0.466762 0.434804 0.458517 0.358311 0.458517
2 0.184055 0.466762 0.262142 0.466762 0.262142 0.458517 0.184055 0.458517
3 0.527041 0.466762 0.527041 0.266533 0.516272 0.266533 0.516272 0.458517
3 0.280116 0.057704 0.280116 0.221327 0.264716 0.221327 0.264716 0.057655
3 0.280116 0.221327 0.039393 0.221673 0.039393 0.211656 0.264716 0.211326
2 0.215867 0.221418 0.149766 0.221517 0.149734 0.211500 0.215846 0.211401
3 0.280116 0.221327 0.280116 0.466762 0.269347 0.466762 0.269347 0.221327
3 0.631071 0.466762 1.000000 0.466762 1.000000 0.458517 0.631071 0.458517
3 0.641754 0.881945 0.641754 0.567074 0.630985 0.558830 0.630985 0.881945
2 0.641754 0.634606 0.641754 0.572070 0.630985 0.572070 0.630985 0.634606
3 0.641754 0.567074 1.000000 0.567074 1.000000 0.558830 0.630985 0.558830
2 0.780417 0.567074 0.850428 0.567074 0.850428 0.558830 0.780417 0.558830
3 0.459562 0.756264 0.641754 0.756264 0.641754 0.748019 0.459562 0.748019
2 0.516434 0.756264 0.615897 0.756264 0.615897 0.748019 0.516434 0.748019
3 0.277585 0.881195 0.277585 1.000000 0.288354 0.991755 0.288354 0.853913
3 0.277585 1.000000 0.496112 1.000000 0.485343 0.991755 0.288354 0.991755
3 0.277585 0.853913 0.496112 0.853913 0.496112 0.872876 0.277585 0.872876
3 0.485343 0.853913 0.620151 0.853913 0.620151 0.872876 0.496112 0.872876
2 0.516434 0.853913 0.613840 0.853913 0.613840 0.872876 0.516434 0.872876
3 0.496112 1.000000 0.496112 0.872876 0.485343 0.853913 0.485343 0.991755
2 0.496112 0.988969 0.496112 0.912425 0.485343 0.912425 0.485343 0.988969
