0 0.577129 0.694368 0.577129 0.217280 0.984628 0.217280 0.984628 0.694368 0.577129 0.694368 0.577129 0.694368
0 0.566149 0.711221 0.595795 0.711197 0.595795 0.816627 0.530229 0.816627 0.530229 0.711197 0.566149 0.711197
0 0.723210 0.920982 0.422498 0.920982 0.422498 0.711197 0.523055 0.711197 0.523055 0.825022 0.600795 0.825022 0.600795 0.711197 0.723210 0.711197
0 0.333587 0.472176 0.344567 0.472176 0.344567 0.529349 0.333587 0.529349 0.333587 0.694368 0.114846 0.694368 0.114846 0.465515 0.333587 0.465515
0 0.333587 0.406111 0.344567 0.406111 0.344567 0.455676 0.114846 0.455676 0.114846 0.217280 0.333587 0.217280
0 0.416627 0.813377 0.309013 0.813377 0.309013 0.711197 0.333587 0.711221 0.369405 0.711197 0.369405 0.694368 0.416627 0.694368
0 0.416627 0.920982 0.309013 0.920982 0.309013 0.821402 0.374514 0.821402 0.374514 0.813377 0.416627 0.813377
0 0.566149 0.472176 0.577129 0.472176 0.577129 0.529357 0.539167 0.529357 0.539167 0.529678 0.484456 0.529349 0.480547 0.529349 0.480547 0.573272 0.344567 0.573272 0.344567 0.217280 0.566149 0.217280
0 0.539167 0.529678 0.539167 0.537382 0.566149 0.537382 0.566149 0.694368 0.344567 0.694368 0.344567 0.578489 0.484456 0.578489 0.484456 0.529349
3 0.984628 0.217280 0.984628 0.694368 1.000000 0.711221 1.000000 0.200427
1 0.984628 0.318024 0.984628 0.392451 1.000000 0.392451 1.000000 0.318024
1 0.984628 0.513715 0.984628 0.593151 1.000000 0.593151 1.000000 0.513715
3 0.984628 0.694368 0.723210 0.694368 0.738582 0.711221 1.000000 0.711221
3 0.723210 0.694368 0.723210 0.920982 0.738582 0.941158 0.738582 0.711221
3 0.723210 0.920982 0.309013 0.920982 0.293641 0.941158 0.738582 0.941158
2 0.648932 0.920982 0.595261 0.920982 0.595261 0.941158 0.648932 0.941158
1 0.388971 0.920982 0.352759 0.920982 0.352759 0.941158 0.388971 0.941158
1 0.564772 0.920982 0.490436 0.920982 0.490436 0.941158 0.564772 0.941158
3 0.309013 0.920982 0.309013 0.694368 0.293641 0.711221 0.293641 0.941158
3 0.309013 0.694368 0.114846 0.694368 0.099474 0.711221 0.293641 0.711221
1 0.263738 0.694368 0.194277 0.694368 0.194277 0.711221 0.263738 0.711221
3 0.114846 0.694368 0.114846 0.217280 0.099474 0.200427 0.099474 0.711221
3 0.114846 0.217280 0.984628 0.217280 1.000000 0.200427 0.099474 0.200427
1 0.185859 0.217280 0.253878 0.217280 0.253878 0.200427 0.185859 0.200427
1 0.391790 0.217280 0.492208 0.217280 0.492208 0.200427 0.391790 0.200427
1 0.771794 0.217280 0.837814 0.217280 0.837814 0.200427 0.771794 0.200427
3 0.416627 0.694368 0.416627 0.941158 0.422498 0.941158 0.422498 0.711197
3 0.523055 0.694368 0.523055 0.825022 0.530229 0.816627 0.530229 0.694368
3 0.523055 0.825022 0.600795 0.825022 0.595795 0.816627 0.530229 0.816627
2 0.532915 0.825022 0.571492 0.825022 0.571492 0.816627 0.532915 0.816627
3 0.600795 0.825022 0.600795 0.694368 0.595795 0.694368 0.595795 0.816627
3 0.577129 0.711221 0.577129 0.529349 0.566149 0.529349 0.566149 0.711221
3 0.577129 0.472176 0.577129 0.200427 0.566149 0.200427 0.566149 0.472176
3 0.344567 0.711221 0.344567 0.529349 0.333587 0.529349 0.333587 0.711221
3 0.344567 0.472176 0.344567 0.455676 0.333587 0.465515 0.333587 0.472176
3 0.344567 0.406111 0.344567 0.200427 0.333587 0.200427 0.333587 0.406111
3 0.344567 0.455676 0.099474 0.455676 0.099474 0.465515 0.333587 0.465515
3 0.333587 0.578489 0.484456 0.578489 0.480547 0.573272 0.333587 0.573272
3 0.484456 0.578489 0.484456 0.529349 0.480547 0.529349 0.480547 0.573272
3 0.723210 0.694368 0.416627 0.694368 0.422498 0.711197 0.723210 0.711197
2 0.681200 0.694368 0.630105 0.694368 0.630105 0.711197 0.681200 0.711197
3 0.369405 0.694368 0.309013 0.694368 0.309013 0.711197 0.369405 0.711197
3 0.577129 0.529357 0.539167 0.529357 0.539167 0.537382 0.577129 0.537382
3 0.293641 0.821402 0.374514 0.821402 0.374514 0.813377 0.293641 0.813377
