0 0.176367 0.709883 0.176367 0.964809 0.695446 0.964809 0.695446 0.709883 0.176367 0.709883 0.176367 0.709883
0 0.695446 0.361948 0.658363 0.361948 0.658363 0.492045 0.695446 0.492045 0.695446 0.690653 0.176367 0.690653 0.176367 0.184249 0.695446 0.184249
0 0.951352 0.690653 0.714405 0.690653 0.714405 0.436432 0.951352 0.436432
0 0.951352 0.945579 0.714405 0.945579 0.714405 0.709883 0.951352 0.709883
0 0.951352 0.417202 0.714405 0.417202 0.714405 0.184249 0.951352 0.184249
3 0.129868 0.184249 1.000000 0.184249 1.000000 0.165019 0.129868 0.165019
1 0.378468 0.184249 0.562254 0.184249 0.562254 0.165019 0.378468 0.165019
1 0.748581 0.184249 0.905750 0.184249 0.905750 0.165019 0.748581 0.165019
3 0.157408 0.916811 0.157408 1.000000 0.176367 1.000000 0.176367 0.916811
3 0.129868 0.964809 0.198056 0.964809 0.198056 0.945579 0.129868 0.945579
3 1.000000 0.964809 0.667741 0.964809 0.667741 0.945579 1.000000 0.945579
1 0.822735 0.964809 0.740972 0.964809 0.740972 0.945579 0.822735 0.945579
3 0.129868 0.709883 0.157408 0.709883 0.157408 0.690653 0.129868 0.690653
3 0.157408 0.134354 0.157408 0.690653 0.176367 0.690653 0.176367 0.134354
1 0.157408 0.462649 0.157408 0.628501 0.176367 0.628501 0.176367 0.462649
3 0.157408 0.709883 0.157408 0.743676 0.176367 0.743676 0.176367 0.709883
3 0.950303 0.709883 1.000000 0.709883 1.000000 0.690653 0.950303 0.690653
3 0.951352 0.134354 0.951352 0.709883 0.970311 0.709883 0.970311 0.134354
3 0.951352 0.709883 0.951352 0.983924 0.970311 0.983924 0.970311 0.709883
3 0.714405 0.492045 0.714405 0.361948 0.658363 0.361948 0.658363 0.492045
3 0.714405 0.361948 0.714405 0.165019 0.695446 0.165019 0.695446 0.361948
2 0.714405 0.339795 0.714405 0.245798 0.695446 0.245798 0.695446 0.339795
3 0.714405 0.165019 0.714405 0.134354 0.695446 0.134354 0.695446 0.165019
3 0.157408 0.709883 0.714405 0.709883 0.714405 0.690653 0.157408 0.690653
2 0.474159 0.709883 0.574337 0.709883 0.574337 0.690653 0.474159 0.690653
1 0.215473 0.709883 0.469925 0.709883 0.469925 0.690653 0.215473 0.690653
3 0.714405 0.709883 0.950303 0.709883 0.950303 0.690653 0.714405 0.690653
2 0.750085 0.709883 0.842794 0.709883 0.842794 0.690653 0.750085 0.690653
3 0.714405 0.983924 0.714405 0.690653 0.695446 0.690653 0.695446 0.983924
2 0.714405 0.848198 0.714405 0.756394 0.695446 0.756394 0.695446 0.848198
3 0.714405 0.709883 0.714405 0.492045 0.695446 0.492045 0.695446 0.690653
3 0.714405 0.436432 0.970311 0.436432 0.970311 0.417202 0.714405 0.417202
3 0.970311 0.436432 1.000000 0.436432 1.000000 0.417202 0.970311 0.417202
