0 0.421902 0.891483 0.583362 0.891483 0.583362 0.984872 0.538526 0.984872 0.538526 1.000000 0.466515 1.000000 0.466515 0.984872 0.421341 0.984872 0.421902 0.891483 0.421902 0.891483
0 0.479673 0.114884 0.642840 0.114884 0.665605 0.090495 0.724361 0.151911 0.699471 0.177577 0.699471 0.376141 0.479673 0.376141 0.479673 0.114884 0.479673 0.114884
0 0.400747 0.634725 0.546030 0.634725 0.546030 0.875371 0.427642 0.875371 0.427642 0.695181 0.330339 0.695181 0.330339 0.625679 0.400747 0.625679
0 0.679399 0.634725 0.630753 0.634725 0.630753 0.627564 0.565106 0.627564 0.565106 0.634725 0.400747 0.634725 0.400747 0.392253 0.679399 0.392253
0 0.421913 0.875371 0.330339 0.875371 0.330339 0.782286 0.421913 0.782286 0.421913 0.776319 0.330339 0.776319 0.330339 0.776277 0.421913 0.776277
0 0.421913 0.776277 0.330339 0.776277 0.330339 0.701148 0.421913 0.701148
0 0.464206 0.376141 0.158550 0.376141 0.158550 0.130996 0.464206 0.130996
0 0.823193 0.875371 0.551759 0.875371 0.551759 0.640693 0.823193 0.640693
0 0.395019 0.619711 0.330339 0.619711 0.330339 0.603934 0.158550 0.603934 0.158550 0.392253 0.395019 0.392253
0 0.324611 0.875371 0.158550 0.875371 0.158550 0.609901 0.324611 0.609901
0 0.817465 0.634725 0.685127 0.634725 0.685127 0.392253 0.817465 0.392253
0 0.935527 0.709807 0.895898 0.709807 0.895898 0.716060 0.935527 0.716060 0.935527 0.875371 0.828921 0.875371 0.828921 0.640693 0.935527 0.640693
0 0.935527 0.634725 0.823193 0.634725 0.823193 0.496169 0.935527 0.496169
0 0.935527 0.490201 0.823193 0.490201 0.823193 0.392253 0.935527 0.392253
3 0.143084 0.114884 0.143084 0.891483 0.158550 0.875371 0.158550 0.130996
1 0.143084 0.408890 0.143084 0.503598 0.158550 0.503598 0.158550 0.408890
3 0.143084 0.891483 0.950994 0.891483 0.935527 0.875371 0.158550 0.875371
1 0.223430 0.891483 0.315720 0.891483 0.315720 0.875371 0.223430 0.875371
2 0.481821 0.891483 0.530902 0.891483 0.530902 0.875371 0.481821 0.875371
1 0.619967 0.891483 0.762661 0.891483 0.762661 0.875371 0.619967 0.875371
1 0.847367 0.891483 0.897399 0.891483 0.897399 0.875371 0.847367 0.875371
3 0.950994 0.891483 0.950994 0.376141 0.935527 0.392253 0.935527 0.875371
2 0.950994 0.696655 0.950994 0.645604 0.935527 0.645604 0.935527 0.696655
1 0.950994 0.429949 0.950994 0.405065 0.935527 0.405065 0.935527 0.429949
3 0.950994 0.376141 0.479673 0.376141 0.464206 0.392253 0.935527 0.392253
1 0.614181 0.376141 0.480733 0.376141 0.480733 0.392253 0.614181 0.392253
1 0.758926 0.376141 0.699357 0.376141 0.699357 0.392253 0.758926 0.392253
3 0.464206 0.392253 0.464206 0.130996 0.479673 0.114884 0.479673 0.376141
1 0.464206 0.186218 0.464206 0.132267 0.479673 0.132267 0.479673 0.186218
2 0.464206 0.317583 0.464206 0.266932 0.479673 0.266932 0.479673 0.317583
3 0.479673 0.114884 0.143084 0.114884 0.158550 0.130996 0.464206 0.130996
1 0.464934 0.114884 0.428976 0.114884 0.428976 0.130996 0.464934 0.130996
3 0.464206 0.392253 0.158550 0.392253 0.158550 0.376141 0.464206 0.376141
2 0.456576 0.392253 0.407438 0.392253 0.407438 0.376141 0.456576 0.376141
3 0.330339 0.891483 0.330339 0.603934 0.324611 0.609901 0.324611 0.891483
2 0.330339 0.843392 0.330339 0.791870 0.324611 0.791870 0.324611 0.843392
2 0.330339 0.685018 0.330339 0.633758 0.324611 0.633758 0.324611 0.685018
3 0.330339 0.603934 0.143084 0.603934 0.143084 0.609901 0.324611 0.609901
3 0.324611 0.625679 0.400747 0.625679 0.395019 0.619711 0.324611 0.619711
2 0.337643 0.625679 0.386054 0.625679 0.386054 0.619711 0.337643 0.619711
3 0.400747 0.625679 0.400747 0.376141 0.395019 0.376141 0.395019 0.619711
3 0.324611 0.695181 0.427642 0.695181 0.421913 0.701148 0.324611 0.701148
2 0.365506 0.695181 0.415893 0.695181 0.415893 0.701148 0.365506 0.701148
3 0.427642 0.695181 0.427642 0.891483 0.421913 0.891483 0.421913 0.701148
3 0.324611 0.776319 0.421913 0.776319 0.421913 0.782286 0.324611 0.782286
3 0.551759 0.891483 0.551759 0.640693 0.546030 0.634725 0.546030 0.891483
2 0.551759 0.756167 0.551759 0.681080 0.546030 0.681080 0.546030 0.756167
3 0.546030 0.634725 0.565106 0.634725 0.565106 0.640693 0.551759 0.640693
3 0.565106 0.640693 0.630753 0.640693 0.630753 0.627564 0.565106 0.627564
3 0.630753 0.640693 0.950994 0.640693 0.950994 0.634725 0.630753 0.634725
2 0.845339 0.640693 0.893870 0.640693 0.893870 0.634725 0.845339 0.634725
3 0.685127 0.634725 0.685127 0.376141 0.679399 0.376141 0.679399 0.634725
2 0.685127 0.587410 0.685127 0.537582 0.679399 0.537582 0.679399 0.587410
3 0.817465 0.634725 0.817465 0.376141 0.823193 0.376141 0.823193 0.634725
3 0.823193 0.496169 0.935527 0.496169 0.935527 0.490201 0.823193 0.490201
2 0.880718 0.496169 0.921355 0.496169 0.921355 0.490201 0.880718 0.490201
3 0.823193 0.640693 0.823193 0.891483 0.828921 0.891483 0.828921 0.640693
2 0.823193 0.781564 0.823193 0.830538 0.828921 0.830538 0.828921 0.781564
3 0.895898 0.709807 0.950994 0.709807 0.950994 0.716060 0.895898 0.716060
