0 0.551215 0.648659 0.352674 0.648659 0.352674 0.158677 0.551215 0.158677
0 0.658051 0.366245 0.551215 0.366245 0.551215 0.158677 0.658051 0.158677
0 0.568078 0.793571 0.036515 0.793571 0.036515 0.660403 0.568078 0.660403
0 0.968521 0.980035 0.568078 0.980035 0.568078 0.383861 0.968521 0.383861
0 0.338059 0.648659 0.239182 0.648659 0.239182 0.525156 0.036515 0.525156 0.036515 0.158677 0.338059 0.158677
0 0.551215 0.980035 0.251481 0.980035 0.251481 0.804141 0.551215 0.804141
0 0.227940 0.648659 0.036515 0.648659 0.036515 0.536900 0.227940 0.536900
3 0.036515 0.793571 0.036515 0.158677 0.017403 0.130490 0.017403 0.813536
3 0.036515 0.158677 0.658051 0.158677 0.689530 0.130490 0.017403 0.130490
1 0.432945 0.158677 0.589068 0.158677 0.589068 0.130490 0.432945 0.130490
1 0.111626 0.158677 0.270638 0.158677 0.270638 0.130490 0.111626 0.130490
3 0.658051 0.158677 0.658051 0.383861 0.689530 0.357859 0.689530 0.130490
3 0.968521 0.383861 0.968521 0.980035 1.000000 1.000000 1.000000 0.357859
3 0.968521 0.980035 0.251481 0.980035 0.232369 1.000000 1.000000 1.000000
3 0.251481 0.980035 0.251481 0.793571 0.232369 0.813536 0.232369 1.000000
3 0.251481 0.793571 0.036515 0.793571 0.017403 0.813536 0.232369 0.813536
2 0.228164 0.793571 0.134639 0.793571 0.134639 0.813536 0.228164 0.813536
3 1.000000 0.383861 1.000000 0.130490 0.968521 0.130490 0.968521 0.383861
3 0.689530 0.357859 1.000000 0.357859 0.968521 0.383861 0.658051 0.383861
2 0.696714 0.357859 0.785967 0.357859 0.785967 0.383861 0.696714 0.383861
2 0.703976 0.357859 0.785360 0.357859 0.785360 0.383861 0.703976 0.383861
1 0.796816 0.357859 0.965328 0.357859 0.965328 0.383861 0.796816 0.383861
3 0.568078 0.383861 0.658051 0.383861 0.658051 0.366245 0.551215 0.366245
2 0.575082 0.383861 0.647697 0.383861 0.647697 0.366245 0.575082 0.366245
3 0.251481 0.793571 0.568078 0.793571 0.551215 0.804141 0.251481 0.804141
2 0.400567 0.793571 0.471248 0.793571 0.471248 0.804141 0.400567 0.804141
3 0.568078 0.660403 0.036515 0.660403 0.036515 0.648659 0.551215 0.648659
2 0.160339 0.660403 0.096449 0.660403 0.096449 0.648659 0.160339 0.648659
2 0.324894 0.660403 0.243870 0.660403 0.243870 0.648659 0.324894 0.648659
2 0.541636 0.660403 0.453046 0.660403 0.453046 0.648659 0.541636 0.648659
3 0.036515 0.525156 0.239182 0.525156 0.227940 0.536900 0.036515 0.536900
3 0.239182 0.525156 0.239182 0.648659 0.227940 0.648659 0.227940 0.536900
3 0.352674 0.648659 0.352674 0.158677 0.338059 0.158677 0.338059 0.648659
3 0.551215 0.980035 0.551215 0.804141 0.568078 0.793571 0.568078 0.980035
3 0.551215 0.648659 0.551215 0.366245 0.568078 0.383861 0.568078 0.660403
