0 0.347831 0.741518 0.347831 0.826912 0.686973 0.826912 0.686973 0.741518 0.347831 0.741518 0.347831 0.741518
0 0.363040 0.188736 0.363040 0.096771 0.626790 0.096771 0.626790 0.188736 0.363040 0.188736 0.363040 0.188736
0 0.884567 0.404866 0.541459 0.404866 0.541459 0.208743 0.884567 0.208743
0 0.532675 0.475318 0.366750 0.475318 0.366750 0.208743 0.532675 0.208743
0 0.968243 0.569299 0.712993 0.569299 0.712993 0.412237 0.968243 0.412237
0 0.704885 0.628199 0.541459 0.628199 0.541459 0.412237 0.704885 0.412237
0 0.968243 0.722037 0.712993 0.722037 0.712993 0.575617 0.968243 0.575617
0 0.676162 0.994735 0.571729 0.994735 0.571729 0.833756 0.676162 0.833756
0 0.532675 0.628199 0.366750 0.628199 0.366750 0.547264 0.532675 0.547264
0 0.616858 0.722037 0.499919 0.722037 0.499919 0.634517 0.616858 0.634517
0 0.532675 0.540420 0.394729 0.540420 0.394729 0.482162 0.532675 0.482162
0 0.486838 0.718231 0.372446 0.718231 0.372446 0.640029 0.486838 0.640029
0 0.704885 0.722037 0.624966 0.722037 0.624966 0.634517 0.704885 0.634517
3 0.366750 0.208743 0.884567 0.208743 0.917675 0.188736 0.347831 0.188736
1 0.402351 0.208743 0.507743 0.208743 0.507743 0.188736 0.402351 0.188736
2 0.564358 0.208743 0.619398 0.208743 0.619398 0.188736 0.564358 0.188736
1 0.640182 0.208743 0.856135 0.208743 0.856135 0.188736 0.640182 0.188736
3 0.917675 0.188736 0.917675 0.386438 0.884567 0.412237 0.884567 0.208743
1 0.917675 0.344402 0.917675 0.378425 0.884567 0.378425 0.884567 0.344402
3 0.917675 0.386438 0.999999 0.386438 0.968243 0.412237 0.884567 0.412237
1 0.926135 0.386438 0.967222 0.386438 0.967222 0.412237 0.926135 0.412237
3 0.999999 0.386438 0.999999 0.741518 0.968243 0.722037 0.968243 0.412237
1 0.999999 0.472811 0.999999 0.554857 0.968243 0.554857 0.968243 0.472811
3 0.624966 0.741518 0.624966 0.628199 0.616858 0.628199 0.616858 0.741518
3 0.499919 0.722037 0.499919 0.628199 0.486838 0.640029 0.486838 0.741518
3 0.541459 0.634517 0.541459 0.540420 0.532675 0.540420 0.532675 0.634517
2 0.541459 0.625377 0.541459 0.582356 0.532675 0.582356 0.532675 0.625377
3 0.541459 0.540420 0.347831 0.540420 0.347831 0.547264 0.532675 0.547264
3 0.541459 0.540420 0.541459 0.188736 0.532675 0.188736 0.532675 0.540420
2 0.541459 0.538103 0.541459 0.505570 0.532675 0.505570 0.532675 0.538103
2 0.541459 0.475154 0.541459 0.433334 0.532675 0.433334 0.532675 0.475154
2 0.541459 0.316340 0.541459 0.208759 0.532675 0.208759 0.532675 0.316340
3 0.347831 0.482162 0.541459 0.482162 0.541459 0.475318 0.347831 0.475318
2 0.448500 0.482162 0.491250 0.482162 0.491250 0.475318 0.448500 0.475318
3 0.394729 0.475318 0.394729 0.547264 0.387973 0.547264 0.387973 0.475318
3 0.686973 0.826912 0.686973 1.000000 0.676162 0.994735 0.676162 0.833756
3 0.676162 0.994735 0.571729 0.994735 0.562946 1.000000 0.686973 1.000000
3 0.571729 0.994735 0.571729 0.833756 0.562946 0.826912 0.562946 1.000000
3 0.562946 0.826912 0.686973 0.826912 0.676162 0.833756 0.571729 0.833756
2 0.614540 0.826912 0.667614 0.826912 0.667614 0.833756 0.614540 0.833756
3 0.884567 0.412237 0.532675 0.412237 0.532675 0.404866 0.884567 0.404866
2 0.641425 0.412237 0.541723 0.412237 0.541723 0.404866 0.641425 0.404866
3 0.999999 0.575617 0.704885 0.575617 0.704885 0.569299 0.999999 0.569299
3 0.968243 0.722037 0.499919 0.722037 0.499919 0.741518 0.999999 0.741518
1 0.669425 0.722037 0.627250 0.722037 0.627250 0.741518 0.669425 0.741518
2 0.608114 0.722037 0.546919 0.722037 0.546919 0.741518 0.608114 0.741518
1 0.883472 0.722037 0.775918 0.722037 0.775918 0.741518 0.883472 0.741518
3 0.499919 0.718231 0.372446 0.718231 0.347831 0.741518 0.499919 0.741518
1 0.484432 0.718231 0.440966 0.718231 0.440966 0.741518 0.484432 0.741518
3 0.712993 0.741518 0.712993 0.628199 0.704885 0.634517 0.704885 0.741518
3 0.712993 0.628199 0.712993 0.404866 0.704885 0.404866 0.704885 0.628199
2 0.712993 0.620369 0.712993 0.579502 0.704885 0.579502 0.704885 0.620369
2 0.712993 0.566692 0.712993 0.525593 0.704885 0.525593 0.704885 0.566692
3 0.704885 0.634517 0.499919 0.634517 0.499919 0.628199 0.712993 0.628199
2 0.610405 0.634517 0.549966 0.634517 0.549966 0.628199 0.610405 0.628199
2 0.682750 0.634517 0.628493 0.634517 0.628493 0.628199 0.682750 0.628199
3 0.486838 0.640029 0.366750 0.640029 0.347831 0.628199 0.499919 0.628199
2 0.482317 0.640029 0.440229 0.640029 0.440229 0.628199 0.482317 0.628199
3 0.372446 0.718231 0.372446 0.640029 0.347831 0.640029 0.347831 0.741518
3 0.366750 0.640029 0.366750 0.208743 0.347831 0.188736 0.347831 0.640029
3 0.352209 0.188736 0.352209 0.091506 0.363040 0.091506 0.363040 0.188736
