0 0.210200 0.790182 0.210200 0.967353 0.034652 0.967353 0.034652 0.089432 0.645566 0.089487 0.645566 0.196278 0.210200 0.196278 0.210200 0.790182 0.210200 0.790182
0 0.936010 0.790182 0.936010 0.967640 0.210200 0.967640 0.210200 0.790182 0.936010 0.790182 0.936010 0.790182
0 0.724079 0.539578 0.696752 0.539578 0.696752 0.668057 0.724079 0.668057 0.724079 0.777058 0.223907 0.777058 0.223907 0.437458 0.724079 0.437458
0 0.645566 0.424510 0.223907 0.424510 0.223907 0.209226 0.645566 0.209226
0 0.926518 0.424510 0.653644 0.424510 0.653644 0.209226 0.659667 0.209226 0.659667 0.102111 0.926518 0.102111
0 0.926518 0.643244 0.734359 0.643244 0.734359 0.437458 0.926518 0.437458
0 0.926518 0.777058 0.734359 0.777058 0.734359 0.654564 0.926518 0.654564
3 0.645960 0.089487 0.645960 0.196278 0.659667 0.209226 0.659667 0.102111
2 0.645960 0.106347 0.645960 0.188297 0.659667 0.188297 0.659667 0.106347
3 0.645960 0.196278 0.210200 0.196278 0.223907 0.209226 0.659667 0.209226
1 0.644718 0.196278 0.528074 0.196278 0.528074 0.209226 0.644718 0.209226
3 0.210200 0.196278 0.210200 0.790182 0.223907 0.777058 0.223907 0.209226
1 0.210200 0.296993 0.210200 0.423336 0.223907 0.423336 0.223907 0.296993
3 0.210200 0.790182 0.936010 0.790182 0.926518 0.777058 0.223907 0.777058
2 0.327923 0.790182 0.404295 0.790182 0.404295 0.777058 0.327923 0.777058
1 0.416802 0.790182 0.675044 0.790182 0.675044 0.777058 0.416802 0.777058
2 0.837253 0.790182 0.905315 0.790182 0.905315 0.777058 0.837253 0.777058
3 0.936010 0.790182 0.936010 0.089487 0.926518 0.102111 0.926518 0.777058
1 0.936010 0.776161 0.936010 0.655664 0.926518 0.655664 0.926518 0.776161
1 0.936010 0.642744 0.936010 0.520166 0.926518 0.520166 0.926518 0.642744
3 0.936010 0.089487 0.645960 0.089487 0.659667 0.102111 0.926518 0.102111
1 0.819109 0.089487 0.704539 0.089487 0.704539 0.102111 0.819109 0.102111
3 0.734359 0.790182 0.734359 0.424510 0.724079 0.437458 0.724079 0.790182
3 0.734359 0.437458 0.936010 0.437458 0.936010 0.424510 0.724079 0.424510
3 0.734359 0.424510 0.210200 0.424510 0.210200 0.437458 0.724079 0.437458
2 0.720807 0.424510 0.656086 0.424510 0.656086 0.437458 0.720807 0.437458
2 0.405117 0.424510 0.268265 0.424510 0.268265 0.437458 0.405117 0.437458
3 0.653644 0.437458 0.653644 0.196278 0.645566 0.196278 0.645566 0.437458
3 0.724079 0.654564 0.936010 0.654564 0.936010 0.643244 0.724079 0.643244
2 0.837742 0.654564 0.905555 0.654564 0.905555 0.643244 0.837742 0.643244
3 0.696752 0.539578 0.696752 0.668057 0.725073 0.668057 0.725073 0.539578
