0 0.874151 0.306784 0.563160 0.306784 0.563160 0.165832 0.874151 0.165832
0 0.874151 0.490411 0.676930 0.490411 0.676930 0.491258 0.563160 0.491258 0.563160 0.306784 0.874151 0.306784
0 0.563160 0.491258 0.118857 0.491258 0.119473 0.165832 0.563160 0.165832
0 0.676930 0.799144 0.460325 0.799144 0.460325 0.491258 0.676930 0.491258
0 0.449120 0.898186 0.118857 0.898186 0.118857 0.606845 0.449120 0.606845
0 0.874151 0.755194 0.689255 0.754708 0.685894 0.754708 0.685894 0.604344 0.874151 0.604344
0 0.676930 0.898186 0.460325 0.898186 0.460325 0.805726 0.676930 0.805726
0 0.865188 0.766712 0.865188 0.893250 0.689255 0.893250 0.689255 0.766259
0 0.874151 0.597762 0.685894 0.597762 0.685894 0.496993 0.874151 0.496993
0 0.293109 0.600263 0.118857 0.600263 0.118857 0.499486 0.293109 0.499486
0 0.449120 0.499486 0.449120 0.600263 0.302073 0.600263 0.302073 0.499486
3 0.092605 0.141149 0.897681 0.141149 0.874151 0.165832 0.119473 0.165832
2 0.474577 0.141149 0.554980 0.141149 0.554980 0.165832 0.474577 0.165832
1 0.159866 0.141149 0.189770 0.141149 0.189770 0.165832 0.159866 0.165832
1 0.189770 0.141149 0.330162 0.141149 0.330162 0.165832 0.189770 0.165832
1 0.329905 0.141149 0.462947 0.141149 0.462947 0.165832 0.329905 0.165832
1 0.617277 0.141149 0.750319 0.141149 0.750319 0.165832 0.617277 0.165832
1 0.750319 0.141149 0.785042 0.141149 0.785042 0.165832 0.750319 0.165832
3 0.897681 0.141149 0.897681 0.755194 0.874151 0.755194 0.874151 0.165832
3 0.897681 0.755194 0.897681 0.922868 0.865188 0.893250 0.865188 0.755194
3 0.897681 0.922868 0.676930 0.922868 0.676930 0.893250 0.865188 0.893250
1 0.763686 0.922868 0.702062 0.922868 0.702062 0.893250 0.763686 0.893250
3 0.676930 0.922868 0.091944 0.922868 0.118857 0.898186 0.676930 0.898186
2 0.568246 0.922868 0.472448 0.922868 0.472448 0.898186 0.568246 0.898186
1 0.231272 0.922868 0.195193 0.922868 0.195193 0.898186 0.231272 0.898186
1 0.370768 0.922868 0.231272 0.922868 0.231272 0.898186 0.370768 0.898186
3 0.091944 0.922868 0.092605 0.141149 0.119473 0.165832 0.118857 0.898186
3 0.676930 0.922868 0.676930 0.754708 0.689255 0.754708 0.689255 0.922868
3 0.676930 0.754708 0.897681 0.755194 0.897636 0.766712 0.689255 0.766259
2 0.693165 0.754749 0.758364 0.754889 0.758319 0.766408 0.693120 0.766268
3 0.676930 0.754708 0.676930 0.490411 0.685894 0.496993 0.685894 0.754708
2 0.676930 0.593410 0.676930 0.539751 0.685894 0.539751 0.685894 0.593410
3 0.685894 0.496993 0.897681 0.496993 0.897681 0.490411 0.676930 0.490411
3 0.676930 0.604344 0.897681 0.604344 0.897681 0.597762 0.676930 0.597762
2 0.690947 0.604344 0.761232 0.604344 0.761232 0.597762 0.690947 0.597762
3 0.460325 0.922868 0.460325 0.491258 0.449120 0.499486 0.449120 0.922868
2 0.460325 0.728685 0.460325 0.664799 0.449120 0.664799 0.449120 0.728685
2 0.460325 0.557719 0.460325 0.503978 0.449120 0.503978 0.449120 0.557719
3 0.460325 0.491258 0.092303 0.491258 0.092303 0.499486 0.449120 0.499486
3 0.092213 0.606845 0.460325 0.606845 0.460325 0.600263 0.092213 0.600263
2 0.181748 0.606845 0.249815 0.606845 0.249815 0.600263 0.181748 0.600263
3 0.302073 0.606845 0.302073 0.491258 0.293109 0.491258 0.293109 0.606845
3 0.449120 0.805726 0.689255 0.805726 0.689255 0.799144 0.449120 0.799144
2 0.470465 0.805726 0.566824 0.805726 0.566824 0.799144 0.470465 0.799144
