0 0.495800 1.000000 0.351869 1.000000 0.351869 0.860174 0.495800 0.860341 0.495800 1.000000 0.495800 1.000000
0 0.375915 0.424246 0.081088 0.424246 0.081088 0.119182 0.375915 0.119182
0 0.375915 0.563540 0.238778 0.563540 0.238778 0.431612 0.375915 0.431612
0 0.913781 0.563540 0.514895 0.563540 0.514895 0.570746 0.385762 0.570746 0.385762 0.379056 0.913781 0.379056
0 0.913781 0.379056 0.385762 0.379056 0.385762 0.119182 0.913781 0.119182
0 0.913781 0.705477 0.748266 0.705477 0.748266 0.570819 0.913781 0.570819
0 0.514895 0.570819 0.569261 0.570819 0.569261 0.737098 0.385762 0.737098 0.385762 0.570746 0.514895 0.570746
0 0.375915 0.836320 0.081088 0.836320 0.081088 0.570819 0.375915 0.570819
0 0.569261 0.836320 0.385762 0.836320 0.385762 0.746561 0.569261 0.746561
0 0.737524 0.836320 0.580004 0.836320 0.580004 0.570819 0.737524 0.570819
0 0.229826 0.563540 0.081088 0.563540 0.081088 0.431612 0.229826 0.431612
0 0.909752 0.831407 0.753091 0.831407 0.753091 0.719453 0.909752 0.719453
0 0.618811 0.989081 0.509229 0.989081 0.509229 0.860341 0.618811 0.860341
3 0.081088 0.119182 0.081088 0.836320 0.053515 0.860341 0.053515 0.095161
3 0.913781 0.119182 0.081088 0.119182 0.053515 0.095161 0.943323 0.095161
1 0.294576 0.119182 0.133090 0.119182 0.133090 0.095161 0.294576 0.095161
1 0.800886 0.119182 0.548582 0.119182 0.548582 0.095161 0.800886 0.095161
2 0.544240 0.119182 0.464343 0.119182 0.464343 0.095161 0.544240 0.095161
3 0.509229 0.836320 0.509229 0.989081 0.495800 1.000000 0.495800 0.860341
2 0.509229 0.899918 0.509229 0.948449 0.495800 0.948449 0.495800 0.899918
3 0.509229 0.989081 0.618811 0.989081 0.632239 1.000000 0.495800 1.000000
3 0.618811 0.989081 0.618811 0.860341 0.632239 0.836320 0.632239 1.000000
3 0.081088 0.836320 0.509229 0.836320 0.495800 0.860341 0.053515 0.860341
1 0.158747 0.836320 0.296975 0.836320 0.296975 0.860341 0.158747 0.860341
2 0.390981 0.836320 0.480931 0.836320 0.480931 0.860341 0.390981 0.860341
3 0.495800 0.836320 0.632239 0.836320 0.618811 0.860341 0.495800 0.860341
3 0.385762 0.119182 0.385762 0.836320 0.375915 0.836320 0.375915 0.119182
2 0.385762 0.577094 0.385762 0.643356 0.375915 0.643356 0.375915 0.577094
2 0.385762 0.433075 0.385762 0.496812 0.375915 0.496812 0.375915 0.433075
2 0.385762 0.353848 0.385762 0.417046 0.375915 0.417046 0.375915 0.353848
3 0.081088 0.424246 0.375915 0.424246 0.375915 0.431612 0.081088 0.431612
2 0.096082 0.424246 0.177394 0.424246 0.177394 0.431612 0.096082 0.431612
3 0.081088 0.563540 0.375915 0.563540 0.375915 0.570819 0.081088 0.570819
3 0.238778 0.431612 0.238778 0.563540 0.229826 0.563540 0.229826 0.431612
3 0.913781 0.563540 0.514895 0.563540 0.514895 0.570819 0.913781 0.570819
3 0.580004 0.570819 0.580004 0.836320 0.569261 0.836320 0.569261 0.570819
2 0.580004 0.665157 0.580004 0.733291 0.569261 0.733291 0.569261 0.665157
3 0.748266 0.705477 0.943323 0.705477 0.943323 0.719453 0.737524 0.719453
2 0.755150 0.705477 0.823705 0.705477 0.823705 0.719453 0.755150 0.719453
3 0.385762 0.737098 0.569261 0.737098 0.569261 0.746561 0.385762 0.746561
2 0.390256 0.737098 0.480206 0.737098 0.480206 0.746561 0.390256 0.746561
3 0.909752 0.831407 0.909752 0.705477 0.943323 0.705477 0.943323 0.860341
3 0.913781 0.705477 0.913781 0.119182 0.943323 0.095161 0.943323 0.705477
3 0.618811 0.836320 0.748266 0.836320 0.748266 0.860341 0.618811 0.860341
1 0.638371 0.836320 0.695601 0.836320 0.695601 0.860341 0.638371 0.860341
3 0.748266 0.831407 0.909752 0.831407 0.943323 0.860341 0.748266 0.860341
1 0.806714 0.831407 0.861608 0.831407 0.861608 0.860341 0.806714 0.860341
3 0.748266 0.570819 0.748266 0.705477 0.737524 0.719453 0.737524 0.570819
2 0.748266 0.621803 0.748266 0.689339 0.737524 0.689339 0.737524 0.621803
3 0.753091 0.714212 0.753091 0.860341 0.737524 0.860341 0.737524 0.714212
3 0.539460 0.379056 0.704822 0.379056 0.704822 0.384880 0.539460 0.384880
