0 0.237092 0.559209 0.241034 0.559209 0.241034 0.540833 0.309587 0.540462 0.309587 0.884390 0.241987 0.884390 0.241987 0.772223 0.175900 0.772223 0.175900 0.511809 0.237092 0.511809
0 0.430415 0.884390 0.313460 0.884390 0.313460 0.672060 0.309587 0.672060 0.309587 0.540462 0.430415 0.540462
0 0.430415 0.540462 0.241034 0.540833 0.241034 0.232020 0.430415 0.232020
0 0.048624 0.646417 0.013346 0.646417 0.013346 0.838652 0.048515 0.838652 0.048624 0.646417 0.048624 0.646417
0 0.101485 0.213466 0.101485 0.060104 0.225517 0.060104 0.225517 0.048004 0.314863 0.048004 0.314863 0.060104 0.433615 0.060104 0.433615 0.213466 0.101485 0.213466 0.101485 0.213466
0 0.170212 0.902717 0.170212 1.000000 0.352389 1.000000 0.352389 0.902104 0.170212 0.902717 0.170212 0.902717
0 0.538067 0.761535 0.436135 0.761535 0.436135 0.352607 0.538067 0.352607
0 0.237652 0.498298 0.132232 0.498298 0.132232 0.232020 0.237652 0.232020
0 0.172041 0.884390 0.056988 0.884390 0.056988 0.647595 0.172041 0.647595
0 0.127585 0.637907 0.060672 0.637907 0.060672 0.388471 0.127585 0.388471
0 0.128141 0.380582 0.056988 0.380582 0.056988 0.232020 0.128141 0.232020
0 0.235812 0.884390 0.175900 0.884390 0.175900 0.781597 0.235812 0.781597
0 0.172041 0.637560 0.132232 0.637560 0.132232 0.511809 0.172041 0.511809
3 0.430415 0.232020 0.430415 0.352607 0.439070 0.334627 0.439070 0.213466
1 0.430415 0.264528 0.430415 0.300223 0.439070 0.300223 0.439070 0.264528
3 0.430415 0.352607 0.538067 0.352607 0.546777 0.334627 0.439070 0.334627
1 0.465973 0.352607 0.492436 0.352607 0.492436 0.334627 0.465973 0.334627
1 0.496778 0.352607 0.524998 0.352607 0.524998 0.334627 0.496778 0.334627
3 0.538067 0.352607 0.538067 0.761535 0.546777 0.780790 0.546777 0.334627
1 0.538067 0.670455 0.538067 0.730495 0.546777 0.730495 0.546777 0.670455
1 0.538067 0.599590 0.538067 0.662582 0.546777 0.662582 0.546777 0.599590
1 0.538067 0.524458 0.538067 0.589096 0.546777 0.589096 0.546777 0.524458
1 0.538067 0.452609 0.538067 0.516916 0.546777 0.516916 0.546777 0.452609
1 0.538067 0.381090 0.538067 0.443752 0.546777 0.443752 0.546777 0.381090
3 0.538067 0.761535 0.430415 0.761535 0.436960 0.780790 0.546777 0.780790
1 0.490349 0.761535 0.464911 0.761535 0.464911 0.780790 0.490349 0.780790
1 0.523038 0.761535 0.495229 0.761535 0.495229 0.780790 0.523038 0.780790
3 0.430415 0.761535 0.430415 0.884390 0.436960 0.902943 0.436960 0.780790
3 0.430415 0.884390 0.056988 0.884390 0.048624 0.902943 0.436960 0.902943
2 0.223586 0.884390 0.189406 0.884390 0.189406 0.902943 0.223586 0.902943
1 0.129632 0.884390 0.090230 0.884390 0.090230 0.902943 0.129632 0.902943
1 0.187428 0.884390 0.178409 0.884390 0.178409 0.902943 0.187428 0.902943
1 0.233597 0.884390 0.225644 0.884390 0.225644 0.902943 0.233597 0.902943
1 0.297448 0.884390 0.257453 0.884390 0.257453 0.902943 0.297448 0.902943
1 0.394456 0.884390 0.357073 0.884390 0.357073 0.902943 0.394456 0.902943
3 0.056988 0.884390 0.056988 0.646417 0.048624 0.646417 0.048624 0.902943
2 0.056988 0.773232 0.056988 0.708046 0.048624 0.708046 0.048624 0.773232
3 0.060672 0.646417 0.060672 0.382550 0.048624 0.382550 0.048624 0.646417
1 0.060672 0.489683 0.060672 0.456424 0.048624 0.456424 0.048624 0.489683
3 0.056988 0.382550 0.056988 0.232020 0.048624 0.213466 0.048624 0.382550
3 0.056988 0.232020 0.430415 0.232020 0.439070 0.213466 0.048624 0.213466
1 0.370019 0.232020 0.408232 0.232020 0.408232 0.213466 0.370019 0.213466
1 0.326668 0.232020 0.365091 0.232020 0.365091 0.213466 0.326668 0.213466
2 0.253635 0.232020 0.284360 0.232020 0.284360 0.213466 0.253635 0.213466
1 0.172321 0.232020 0.210425 0.232020 0.210425 0.213466 0.172321 0.213466
1 0.159404 0.232020 0.172802 0.232020 0.172802 0.213466 0.159404 0.213466
1 0.084637 0.232020 0.099718 0.232020 0.099718 0.213466 0.084637 0.213466
3 0.430415 0.352607 0.430415 0.761535 0.436135 0.761535 0.436135 0.352607
2 0.430415 0.410114 0.430415 0.513391 0.436135 0.513391 0.436135 0.410114
1 0.430415 0.576229 0.430415 0.654693 0.436135 0.654693 0.436135 0.576229
3 0.128141 0.213466 0.128141 0.388471 0.132232 0.388471 0.132232 0.213466
3 0.132232 0.380582 0.048624 0.380582 0.048624 0.388471 0.127585 0.388471
2 0.125941 0.380582 0.099201 0.380582 0.099201 0.388471 0.125941 0.388471
3 0.132232 0.380582 0.132232 0.637560 0.127585 0.647595 0.127585 0.388471
3 0.132232 0.647595 0.048624 0.647595 0.048624 0.637907 0.132232 0.637907
2 0.123835 0.647595 0.094150 0.647595 0.094150 0.637907 0.123835 0.637907
3 0.237652 0.213466 0.237652 0.511809 0.241034 0.511809 0.241034 0.213466
2 0.237652 0.318881 0.237652 0.422625 0.241034 0.422625 0.241034 0.318881
3 0.237652 0.498298 0.127585 0.498298 0.127585 0.511809 0.241034 0.511809
3 0.172041 0.498298 0.172041 0.902943 0.175900 0.902943 0.175900 0.498298
2 0.172041 0.703109 0.172041 0.768351 0.175900 0.768351 0.175900 0.703109
2 0.172041 0.569429 0.172041 0.635075 0.175900 0.635075 0.175900 0.569429
3 0.127585 0.647595 0.175900 0.647595 0.175900 0.637560 0.132232 0.637560
3 0.309587 0.672060 0.309587 0.902943 0.313460 0.902943 0.313460 0.672060
3 0.380852 0.540688 0.281869 0.540688 0.281869 0.551941 0.380852 0.551941
3 0.241034 0.511809 0.241034 0.559209 0.237092 0.559209 0.237092 0.511809
3 0.172041 0.781597 0.235812 0.781597 0.241987 0.772223 0.172041 0.772223
2 0.202087 0.781597 0.233030 0.781597 0.233030 0.772223 0.202087 0.772223
3 0.235812 0.781597 0.235812 0.902943 0.241987 0.902943 0.241987 0.772223
3 0.309587 0.540688 0.309587 0.600921 0.314078 0.600921 0.314078 0.540688
0 0.880808 0.209385 0.880808 0.050561 0.992894 0.050561 0.992894 0.209385 0.880808 0.209385 0.880808 0.209385
0 0.869517 0.869523 0.801375 0.869523 0.801375 0.694050 0.774407 0.632034 0.747165 0.632034 0.747165 0.227131 0.869517 0.227131
0 0.991999 0.664680 0.875354 0.664680 0.875354 0.227131 0.991999 0.227131
0 0.743125 0.799868 0.616250 0.799868 0.616250 0.557466 0.743125 0.557466
0 0.743125 0.549295 0.616250 0.549295 0.616250 0.308047 0.743125 0.308047
0 0.991999 0.795883 0.875354 0.795883 0.875354 0.672609 0.991999 0.672609
0 0.795706 0.693687 0.795706 0.869523 0.747165 0.869523 0.747165 0.639367 0.772087 0.639367
3 0.991999 0.227131 0.991999 0.795883 1.000000 0.813629 1.000000 0.209385
1 0.991999 0.732495 0.991999 0.785049 1.000000 0.785049 1.000000 0.732495
1 0.991999 0.591193 0.991999 0.654153 1.000000 0.654153 1.000000 0.591193
1 0.991999 0.440888 0.991999 0.502194 1.000000 0.502194 1.000000 0.440888
1 0.991999 0.307870 0.991999 0.362069 1.000000 0.362069 1.000000 0.307870
3 0.991999 0.795883 0.869517 0.795883 0.877517 0.813629 1.000000 0.813629
3 0.869517 0.795883 0.869517 0.869523 0.877517 0.887269 0.877517 0.813629
3 0.869517 0.869523 0.747165 0.869523 0.739165 0.887269 0.877517 0.887269
1 0.793975 0.869523 0.764523 0.869523 0.764523 0.887269 0.793975 0.887269
1 0.851491 0.869523 0.822573 0.869523 0.822573 0.887269 0.851491 0.887269
3 0.747165 0.869523 0.747165 0.799868 0.739165 0.813629 0.739165 0.887269
3 0.747165 0.799868 0.616250 0.799868 0.608249 0.813629 0.739165 0.813629
3 0.616250 0.799868 0.616250 0.308047 0.608249 0.292793 0.608249 0.813629
1 0.616250 0.366546 0.616250 0.314549 0.608249 0.314549 0.608249 0.366546
1 0.616250 0.525628 0.616250 0.442074 0.608249 0.442074 0.608249 0.525628
1 0.616250 0.666462 0.616250 0.585982 0.608249 0.585982 0.608249 0.666462
1 0.616250 0.795931 0.616250 0.746701 0.608249 0.746701 0.608249 0.795931
3 0.616250 0.308047 0.747165 0.308047 0.740307 0.292793 0.608249 0.292793
3 0.747165 0.308047 0.747165 0.227131 0.740307 0.209385 0.740307 0.292793
3 0.747165 0.227131 0.991999 0.227131 1.000000 0.209385 0.740307 0.209385
2 0.899202 0.227131 0.929455 0.227131 0.929455 0.209385 0.899202 0.209385
1 0.756660 0.227131 0.785036 0.227131 0.785036 0.209385 0.756660 0.209385
1 0.789589 0.227131 0.817849 0.227131 0.817849 0.209385 0.789589 0.209385
1 0.822871 0.227131 0.851127 0.227131 0.851127 0.209385 0.822871 0.209385
1 0.938004 0.227131 0.966264 0.227131 0.966264 0.209385 0.938004 0.209385
3 0.747165 0.308047 0.747165 0.799868 0.743125 0.799868 0.743125 0.308047
2 0.747165 0.563258 0.747165 0.627952 0.743125 0.627952 0.743125 0.563258
2 0.747165 0.478083 0.747165 0.540890 0.743125 0.540890 0.743125 0.478083
3 0.747165 0.557466 0.608249 0.557466 0.608249 0.549295 0.747165 0.549295
3 0.869517 0.795883 0.869517 0.209385 0.875354 0.209385 0.875354 0.795883
2 0.869517 0.470266 0.869517 0.405306 0.875354 0.405306 0.875354 0.470266
3 1.000000 0.664680 0.869517 0.664680 0.869517 0.672609 1.000000 0.672609
2 0.906719 0.664680 0.884238 0.664680 0.884238 0.672609 0.906719 0.672609
3 0.743125 0.639367 0.772087 0.639367 0.774407 0.632034 0.743125 0.632034
3 0.772087 0.639367 0.795706 0.693687 0.801375 0.694050 0.774407 0.632034
2 0.774698 0.645376 0.792215 0.685661 0.795070 0.679554 0.777552 0.639270
3 0.795706 0.693687 0.795706 0.887269 0.801375 0.887269 0.801375 0.694050
