0 0.429477 0.502250 0.477687 0.502250 0.477687 0.691976 0.030820 0.691976 0.030820 0.218161 0.429477 0.218161
0 0.709355 0.465421 0.477687 0.465421 0.477687 0.502250 0.429477 0.502250 0.429477 0.218161 0.709355 0.218161
0 0.073068 0.176933 0.073068 0.041559 0.450842 0.041559 0.450842 0.176933 0.073068 0.176933
0 0.477687 0.828002 0.471885 0.828002 0.471885 0.877704 0.235614 0.877704 0.235614 0.709428 0.234737 0.709428 0.234781 0.703599 0.188018 0.703428 0.477687 0.703428
0 0.709355 0.828002 0.492300 0.828002 0.492300 0.657986 0.709355 0.657986
0 0.619613 0.573436 0.657477 0.573436 0.657477 0.614365 0.636477 0.614365 0.636477 0.646534 0.492300 0.646534 0.492300 0.476873 0.619613 0.476873
0 0.709355 0.561984 0.634227 0.561984 0.634227 0.494314 0.709355 0.494314
3 0.235614 0.877704 0.235614 0.709428 0.210771 0.731187 0.210771 0.902899
3 0.235614 0.709428 0.030820 0.709428 0.003054 0.731187 0.210771 0.731187
3 0.030820 0.709428 0.030820 0.218161 0.003054 0.176933 0.003054 0.731187
3 0.030820 0.218161 0.709355 0.218161 0.741505 0.176933 0.003054 0.176933
2 0.086059 0.218161 0.202996 0.218161 0.202996 0.176933 0.086059 0.176933
1 0.209996 0.218161 0.401886 0.218161 0.401886 0.176933 0.209996 0.176933
1 0.501346 0.218161 0.622784 0.218161 0.622784 0.176933 0.501346 0.176933
3 0.709355 0.218161 0.709355 0.828002 0.741505 0.853197 0.741505 0.176933
3 0.709355 0.828002 0.471885 0.828002 0.504035 0.853197 0.741505 0.853197
3 0.471885 0.828002 0.471885 0.877704 0.504035 0.902899 0.504035 0.853197
3 0.471885 0.877704 0.235614 0.877704 0.210771 0.902899 0.504035 0.902899
2 0.408740 0.877704 0.284832 0.877704 0.284832 0.902899 0.408740 0.902899
3 0.492300 0.828002 0.492300 0.476873 0.477687 0.465421 0.477687 0.828002
2 0.492300 0.783500 0.492300 0.715017 0.477687 0.715017 0.477687 0.783500
2 0.492300 0.568374 0.492300 0.510816 0.477687 0.510816 0.477687 0.568374
3 0.492300 0.476873 0.741505 0.476873 0.741505 0.465421 0.477687 0.465421
3 0.477687 0.657986 0.741505 0.657986 0.741505 0.646534 0.477687 0.646534
3 0.741505 0.561984 0.657477 0.561984 0.657477 0.576551 0.741505 0.576551
3 0.657477 0.561984 0.657477 0.657986 0.709209 0.657986 0.709209 0.576551
3 0.657477 0.614365 0.657477 0.657986 0.636477 0.657986 0.636477 0.614365
3 0.657477 0.561984 0.634227 0.561984 0.619613 0.573436 0.657477 0.573436
3 0.619613 0.573436 0.619613 0.465421 0.634227 0.465421 0.634227 0.561984
2 0.619613 0.557037 0.619613 0.500315 0.634227 0.500315 0.634227 0.557037
3 0.634227 0.494314 0.741505 0.494314 0.741505 0.476896 0.634227 0.476896
3 0.492300 0.703428 0.003054 0.703428 0.003054 0.691976 0.492300 0.691976
2 0.442439 0.703428 0.316982 0.703428 0.316982 0.691976 0.442439 0.691976
3 0.030820 0.709428 0.234737 0.710196 0.234781 0.703599 0.030864 0.702832
