0 0.266813 0.802721 0.252939 0.802721 0.252939 0.694854 0.266813 0.694854
0 0.312829 0.520206 0.289702 0.520206 0.289702 0.410987 0.312829 0.409403
0 0.378543 0.188376 0.309893 0.188376 0.309893 0.047995 0.378543 0.047995
0 0.501646 0.548787 0.427766 0.548787 0.427766 0.408599 0.501646 0.408599
0 0.501646 0.971049 0.427766 0.971049 0.427766 0.558437 0.501646 0.558437
0 0.163858 0.622371 0.102198 0.622371 0.102198 0.410014 0.050234 0.410014 0.050234 0.864886 0.163847 0.864886 0.163858 0.622371
0 0.418275 0.802721 0.332843 0.802721 0.332843 0.685204 0.317311 0.685204 0.317311 0.529052 0.418275 0.529052
0 0.418275 0.520206 0.317311 0.520206 0.317311 0.241453 0.418275 0.241453
0 0.312829 0.402342 0.312771 0.400557 0.286803 0.402342 0.286803 0.440067 0.218363 0.440067 0.218363 0.241453 0.312829 0.241453
0 0.213091 0.396343 0.111688 0.396343 0.111688 0.241453 0.213091 0.241453
0 0.213091 0.593420 0.155823 0.593420 0.155823 0.410014 0.213091 0.410014
0 0.152396 0.593420 0.111688 0.593420 0.111688 0.410014 0.152396 0.410014
0 0.286803 0.529052 0.312829 0.529052 0.312829 0.694854 0.329680 0.694854 0.329680 0.802721 0.269712 0.802721 0.269712 0.686008 0.264032 0.686008 0.264032 0.596637 0.218363 0.596637 0.218363 0.448913 0.286803 0.448913
0 0.264032 0.686008 0.250039 0.686008 0.250039 0.854528 0.234465 0.901228 0.190064 0.901228 0.173337 0.852502 0.173337 0.607091 0.264032 0.607091
3 0.111688 0.593420 0.111688 0.241453 0.102198 0.212502 0.102198 0.622371
3 0.111688 0.241453 0.418275 0.241453 0.427766 0.212502 0.102198 0.212502
2 0.334401 0.241453 0.354749 0.241453 0.354749 0.212502 0.334401 0.212502
3 0.418275 0.241453 0.418275 0.408599 0.427766 0.379647 0.427766 0.212502
3 0.418275 0.408599 0.501646 0.408599 0.511136 0.379647 0.427766 0.379647
1 0.501646 0.765551 0.501646 0.919387 0.511136 0.919387 0.511136 0.765551
3 0.427766 0.802721 0.250039 0.802721 0.259529 0.831673 0.418275 0.831673
2 0.308543 0.802721 0.285854 0.802721 0.285854 0.831673 0.308543 0.831673
1 0.285034 0.802721 0.271624 0.802721 0.271624 0.831673 0.285034 0.831673
1 0.391431 0.802721 0.344938 0.802721 0.344938 0.831673 0.391431 0.831673
3 0.259529 0.831673 0.259529 0.866672 0.250039 0.854528 0.250039 0.802721
3 0.259529 0.866672 0.238348 0.930179 0.234465 0.901228 0.250039 0.854528
1 0.254489 0.881782 0.243934 0.913428 0.237280 0.892784 0.247835 0.861139
3 0.238348 0.930179 0.186260 0.930179 0.190064 0.901228 0.234465 0.901228
1 0.230123 0.930179 0.192927 0.930179 0.192927 0.901228 0.230123 0.901228
3 0.186260 0.930179 0.163847 0.864886 0.173337 0.852502 0.190064 0.901228
1 0.180336 0.912921 0.169331 0.880858 0.175884 0.859916 0.186890 0.891988
3 0.163847 0.864886 0.163847 0.622371 0.173337 0.593420 0.173337 0.852502
2 0.163847 0.742157 0.163847 0.682477 0.173337 0.682477 0.173337 0.742157
1 0.163847 0.793811 0.163847 0.744843 0.173337 0.744843 0.173337 0.793811
3 0.163847 0.622371 0.102198 0.622371 0.111688 0.593420 0.173337 0.593420
2 0.134578 0.622371 0.113323 0.622371 0.113323 0.593420 0.134578 0.593420
1 0.142616 0.622371 0.135177 0.622371 0.135177 0.593420 0.142616 0.593420
1 0.163660 0.622371 0.156221 0.622371 0.156221 0.593420 0.163660 0.593420
3 0.418275 0.408599 0.418275 0.802721 0.427766 0.802721 0.427766 0.408599
2 0.418275 0.455226 0.418275 0.515919 0.427766 0.515919 0.427766 0.455226
3 0.427766 0.558437 0.501646 0.558437 0.501646 0.548787 0.427766 0.548787
2 0.429395 0.558437 0.449651 0.558437 0.449651 0.548787 0.429395 0.548787
3 0.332843 0.802721 0.332843 0.685204 0.329680 0.694854 0.329680 0.802721
3 0.332843 0.685204 0.317311 0.685204 0.312829 0.694854 0.329680 0.694854
3 0.317311 0.685204 0.317311 0.241453 0.312829 0.241453 0.312829 0.694854
2 0.317311 0.657684 0.317311 0.550669 0.312829 0.550669 0.312829 0.657684
2 0.317311 0.398490 0.317311 0.334572 0.312829 0.334572 0.312829 0.398490
3 0.317311 0.529052 0.418275 0.529052 0.418275 0.520206 0.317311 0.520206
3 0.312829 0.520206 0.289702 0.520206 0.286803 0.529052 0.312829 0.529052
2 0.306358 0.520206 0.291160 0.520206 0.291160 0.529052 0.306358 0.529052
3 0.289702 0.520206 0.289702 0.410987 0.286803 0.402342 0.286803 0.529052
3 0.289702 0.410987 0.312835 0.409403 0.312771 0.400557 0.286803 0.402342
3 0.286803 0.448913 0.218363 0.448913 0.218363 0.440067 0.286803 0.440067
3 0.218363 0.241453 0.218363 0.596637 0.213091 0.607091 0.213091 0.241453
2 0.218363 0.334540 0.218363 0.393632 0.213091 0.393632 0.213091 0.334540
3 0.213091 0.593420 0.173337 0.593420 0.173337 0.607091 0.213091 0.607091
3 0.111688 0.410014 0.213091 0.410014 0.213091 0.396343 0.111688 0.396343
2 0.157144 0.410014 0.174658 0.410014 0.174658 0.396343 0.157144 0.396343
2 0.113178 0.410014 0.132319 0.410014 0.132319 0.396343 0.113178 0.396343
3 0.155823 0.593420 0.155823 0.410014 0.152396 0.410014 0.152396 0.593420
3 0.213091 0.607091 0.264032 0.607091 0.264032 0.596637 0.218363 0.596637
3 0.250039 0.802721 0.250039 0.686008 0.252939 0.694854 0.252939 0.802721
3 0.252939 0.694854 0.266813 0.694854 0.269712 0.686008 0.250039 0.686008
3 0.269712 0.686008 0.269712 0.802721 0.266813 0.802721 0.266813 0.694854
2 0.269712 0.695682 0.269712 0.802343 0.266813 0.802343 0.266813 0.695682
3 0.102198 0.410014 0.050234 0.410014 0.041535 0.383475 0.102198 0.383475
3 0.050234 0.410014 0.050234 0.864886 0.041535 0.864886 0.041535 0.383475
3 0.301984 0.212502 0.386452 0.212502 0.378543 0.188376 0.309893 0.188376
2 0.334390 0.212502 0.354744 0.212502 0.354744 0.188376 0.334390 0.188376
3 0.378543 0.188376 0.378543 0.047995 0.386452 0.023869 0.386452 0.212502
3 0.378543 0.047995 0.309893 0.047995 0.301984 0.023869 0.386452 0.023869
3 0.301984 0.023869 0.301984 0.212502 0.309893 0.188376 0.309893 0.047995
0 0.907466 0.559772 0.848933 0.559772 0.848933 0.449516 0.907466 0.449516
0 0.907466 0.800220 0.807587 0.800220 0.807587 0.568619 0.907466 0.568619
0 0.591808 0.620699 0.653794 0.620699 0.653794 0.846510 0.540485 0.846510 0.540485 0.393037 0.591808 0.393037
0 0.703169 0.590034 0.601825 0.590034 0.601825 0.242764 0.703169 0.242764
0 0.846033 0.559772 0.754395 0.559772 0.754395 0.592552 0.707124 0.592552 0.707124 0.449516 0.846033 0.449516
0 0.802051 0.559772 0.802051 0.800220 0.740384 0.800220 0.740384 0.604615 0.754395 0.604615 0.754395 0.559772
0 0.703169 0.604615 0.740384 0.604615 0.740384 0.800220 0.740384 0.848472 0.724327 0.896668 0.680741 0.896668 0.663812 0.848505 0.663812 0.590139 0.601825 0.590139 0.601825 0.590034 0.703169 0.590034
0 0.907466 0.440670 0.807587 0.440670 0.807587 0.242764 0.907466 0.242764
0 0.801788 0.267526 0.807587 0.267526 0.807587 0.440670 0.707387 0.440670 0.707387 0.242764 0.801788 0.242764
0 0.540485 0.376149 0.540485 0.283843 0.591808 0.283843 0.591808 0.376149 0.540485 0.376149
3 0.601825 0.590139 0.601825 0.242764 0.591808 0.212205 0.591808 0.620699
1 0.601825 0.312368 0.601825 0.244188 0.591808 0.244188 0.591808 0.312368
3 0.601825 0.242764 0.907466 0.242764 0.917483 0.212205 0.591808 0.212205
1 0.823296 0.242764 0.868179 0.242764 0.868179 0.212205 0.823296 0.212205
1 0.737474 0.242764 0.785322 0.242764 0.785322 0.212205 0.737474 0.212205
1 0.691939 0.242764 0.702590 0.242764 0.702590 0.212205 0.691939 0.212205
1 0.602263 0.242764 0.647333 0.242764 0.647333 0.212205 0.602263 0.212205
3 0.907466 0.242764 0.907466 0.406065 0.917483 0.406065 0.917483 0.212205
3 0.907466 0.406065 0.989983 0.406065 1.000000 0.375506 0.917483 0.375506
2 0.948086 0.406065 0.970842 0.406065 0.970842 0.375506 0.948086 0.375506
3 0.989983 0.406065 0.989983 0.654234 1.000000 0.654234 1.000000 0.375506
3 0.907466 0.406065 0.907466 0.800220 0.917483 0.830780 0.917483 0.406065
3 0.907466 0.800220 0.740384 0.800220 0.750401 0.830780 0.917483 0.830780
2 0.846629 0.800220 0.826027 0.800220 0.826027 0.830780 0.846629 0.830780
1 0.800167 0.800220 0.763034 0.800220 0.763034 0.830780 0.800167 0.830780
1 0.892184 0.800220 0.847551 0.800220 0.847551 0.830780 0.892184 0.830780
3 0.750401 0.830780 0.750401 0.861283 0.740384 0.848472 0.740384 0.800220
3 0.750401 0.861283 0.728429 0.927228 0.724327 0.896668 0.740384 0.848472
1 0.744581 0.878751 0.733865 0.910919 0.726837 0.889133 0.737553 0.856965
3 0.728429 0.927228 0.676795 0.927228 0.680741 0.896668 0.724327 0.896668
1 0.721006 0.927228 0.683180 0.927228 0.683180 0.896668 0.721006 0.896668
3 0.676795 0.927228 0.653794 0.861790 0.663812 0.848505 0.680741 0.896668
1 0.670948 0.910597 0.658647 0.875606 0.665480 0.853257 0.677781 0.888248
3 0.653794 0.861790 0.653794 0.620699 0.663812 0.590139 0.663812 0.848505
2 0.653794 0.740886 0.653794 0.681480 0.663812 0.681480 0.663812 0.740886
1 0.653794 0.791696 0.653794 0.743186 0.663812 0.743186 0.663812 0.791696
3 0.653794 0.620699 0.591808 0.620699 0.601825 0.590139 0.663812 0.590139
1 0.631580 0.620699 0.602885 0.620699 0.602885 0.590139 0.631580 0.590139
3 0.917483 0.830780 0.917483 0.927228 0.907466 0.927228 0.907466 0.830780
3 0.807587 0.800220 0.807587 0.568619 0.802051 0.559772 0.802051 0.800220
3 0.807587 0.568619 0.907466 0.568619 0.907466 0.559772 0.802051 0.559772
2 0.823399 0.568619 0.844660 0.568619 0.844660 0.559772 0.823399 0.559772
3 0.848933 0.559772 0.848933 0.440670 0.846033 0.440670 0.846033 0.559772
2 0.848933 0.499948 0.848933 0.452500 0.846033 0.452500 0.846033 0.499948
3 0.846033 0.449516 0.907466 0.449516 0.907466 0.440670 0.846033 0.440670
3 0.846033 0.440670 0.703169 0.440670 0.707124 0.449516 0.846033 0.449516
2 0.828658 0.440670 0.809074 0.440670 0.809074 0.449516 0.828658 0.449516
2 0.800459 0.440670 0.780765 0.440670 0.780765 0.449516 0.800459 0.449516
3 0.703169 0.449516 0.703169 0.242764 0.707387 0.242764 0.707387 0.449516
3 0.807587 0.440670 0.807587 0.361786 0.801788 0.361786 0.801788 0.440670
3 0.801788 0.242764 0.801788 0.267526 0.807587 0.267526 0.807587 0.242764
3 0.703169 0.440670 0.703169 0.604615 0.707124 0.592552 0.707124 0.449516
3 0.707124 0.592552 0.754395 0.592552 0.754395 0.604615 0.703169 0.604615
3 0.591808 0.393037 0.540485 0.393037 0.532049 0.376149 0.591808 0.376149
2 0.591502 0.393037 0.540830 0.393037 0.540830 0.376149 0.591502 0.376149
3 0.532049 0.376149 0.532049 0.861790 0.540485 0.846510 0.540485 0.393037
3 0.532049 0.861790 0.653794 0.861790 0.653794 0.846510 0.540485 0.846510
1 0.540785 0.861790 0.567732 0.861790 0.567732 0.846510 0.540785 0.846510
1 0.568507 0.861790 0.595675 0.861790 0.595675 0.846510 0.568507 0.846510
1 0.596674 0.861790 0.623842 0.861790 0.623842 0.846510 0.596674 0.846510
1 0.626173 0.861790 0.653341 0.861790 0.653341 0.846510 0.626173 0.846510
3 0.674604 0.590139 0.674604 0.518243 0.670914 0.518243 0.670914 0.590139
