0 0.226868 0.306331 0.323056 0.306331 0.323056 0.404843 0.305211 0.404722 0.305047 0.429846 0.323056 0.429972 0.323056 0.460278 0.236486 0.460278 0.236486 0.370438 0.140659 0.370438 0.140659 0.460278 0.047736 0.460278 0.047736 0.166494 0.226868 0.166494
0 0.240632 0.601068 0.146281 0.601068 0.146281 0.467536 0.240632 0.467536
0 0.323056 0.299073 0.233895 0.299073 0.233895 0.166494 0.323056 0.166494
0 0.140659 0.596524 0.050781 0.596524 0.050781 0.469278 0.140659 0.469278
0 0.323056 0.601068 0.246254 0.601068 0.246254 0.467536 0.323056 0.467536
0 0.230864 0.460278 0.146281 0.460278 0.146281 0.376244 0.230864 0.376244
3 0.323056 0.601068 0.323056 0.166494 0.333832 0.145203 0.333832 0.618972
3 0.323056 0.166494 0.047736 0.166494 0.036492 0.145203 0.333832 0.145203
3 0.226868 0.145203 0.226868 0.306331 0.233895 0.299073 0.233895 0.145203
3 0.226868 0.306331 0.333832 0.306331 0.333832 0.299073 0.233895 0.299073
2 0.263472 0.306331 0.292861 0.306331 0.292861 0.299073 0.263472 0.299073
3 0.146281 0.469278 0.146281 0.376244 0.140659 0.370438 0.140659 0.460278
3 0.140659 0.370438 0.236486 0.370438 0.230864 0.376244 0.146281 0.376244
3 0.236486 0.370438 0.236486 0.467536 0.230864 0.467536 0.230864 0.376244
2 0.236486 0.380812 0.236486 0.419147 0.230864 0.419147 0.230864 0.380812
3 0.246254 0.460278 0.246254 0.618972 0.240632 0.618972 0.240632 0.460278
2 0.246254 0.470672 0.246254 0.510090 0.240632 0.510090 0.240632 0.470672
3 0.146281 0.467536 0.146281 0.618972 0.140659 0.618972 0.140659 0.467536
2 0.146281 0.473793 0.146281 0.502672 0.140659 0.502672 0.140659 0.473793
3 0.050781 0.596524 0.146281 0.596524 0.146281 0.618972 0.036492 0.618972
3 0.146281 0.601068 0.323056 0.601068 0.333832 0.618972 0.146281 0.618972
2 0.250555 0.601068 0.288813 0.601068 0.288813 0.618972 0.250555 0.618972
3 0.036492 0.469278 0.146281 0.469278 0.140659 0.460278 0.036492 0.460278
3 0.140659 0.467536 0.333832 0.467536 0.333832 0.460278 0.140659 0.460278
2 0.248316 0.467536 0.287234 0.467536 0.287234 0.460278 0.248316 0.460278
3 0.047736 0.166494 0.047736 0.467536 0.036492 0.467536 0.036492 0.145203
3 0.050781 0.467536 0.050781 0.596524 0.036492 0.618972 0.036492 0.467536
3 0.323220 0.404843 0.323056 0.429972 0.305047 0.429846 0.305211 0.404722
0 0.659427 0.619529 0.513249 0.619529 0.512551 0.970702 0.659427 0.969870 0.659427 0.619529
0 0.377309 0.142788 0.377309 0.043570 0.658958 0.043570 0.658958 0.142788 0.377309 0.142788
0 0.656147 0.403948 0.637070 0.403948 0.637070 0.428621 0.656147 0.428621 0.656147 0.530806 0.570959 0.530806 0.570959 0.358060 0.474930 0.358060 0.474930 0.458846 0.380120 0.458846 0.380120 0.289356 0.656147 0.289356
0 0.656147 0.289356 0.520455 0.289356 0.520455 0.283065 0.381605 0.283065 0.520455 0.283056 0.520455 0.164564 0.656147 0.164564
0 0.520455 0.283056 0.380120 0.283065 0.380120 0.164564 0.520455 0.164564
0 0.565337 0.599205 0.380120 0.599205 0.380120 0.467072 0.565337 0.467072
0 0.565337 0.458846 0.481489 0.458846 0.481489 0.364350 0.565337 0.364350
0 0.656147 0.599205 0.570959 0.599205 0.570959 0.537581 0.656147 0.537581
3 0.656147 0.599205 0.656147 0.164564 0.665986 0.142788 0.665986 0.619529
3 0.656147 0.164564 0.380120 0.164564 0.370281 0.142788 0.665986 0.142788
1 0.495704 0.164564 0.418218 0.164564 0.418218 0.142788 0.495704 0.142788
2 0.541884 0.164564 0.503912 0.164564 0.503912 0.142788 0.541884 0.142788
1 0.638222 0.164564 0.550598 0.164564 0.550598 0.142788 0.638222 0.142788
3 0.380120 0.164564 0.380120 0.599205 0.370281 0.619529 0.370281 0.142788
3 0.380120 0.599205 0.656147 0.599205 0.665986 0.619529 0.370281 0.619529
2 0.576886 0.599205 0.619998 0.599205 0.619998 0.619529 0.576886 0.619529
1 0.401989 0.599205 0.488915 0.599205 0.488915 0.619529 0.401989 0.619529
3 0.370281 0.142788 0.370281 0.043570 0.377309 0.043570 0.377309 0.142788
3 0.665986 0.142788 0.665986 0.043570 0.658958 0.043570 0.658958 0.142788
3 0.370281 0.289356 0.520455 0.289356 0.520455 0.283065 0.370281 0.283065
3 0.565337 0.619529 0.565337 0.364350 0.570959 0.358060 0.570959 0.619529
2 0.565337 0.454079 0.565337 0.413896 0.570959 0.413896 0.570959 0.454079
2 0.565337 0.508019 0.565337 0.469646 0.570959 0.469646 0.570959 0.508019
3 0.570959 0.358060 0.474930 0.358060 0.481489 0.364350 0.565337 0.364350
3 0.474930 0.358060 0.474930 0.458846 0.481489 0.467072 0.481489 0.364350
3 0.481489 0.458846 0.570959 0.458846 0.570959 0.467072 0.481489 0.467072
3 0.481489 0.467072 0.370281 0.467072 0.370281 0.458846 0.474930 0.458846
3 0.565337 0.537581 0.665986 0.537581 0.665986 0.530806 0.565337 0.530806
2 0.576535 0.537581 0.618245 0.537581 0.618245 0.530806 0.576535 0.530806
3 0.656147 0.403948 0.656147 0.428621 0.637070 0.428621 0.637070 0.403948
0 0.710985 0.141975 0.710985 0.048738 0.988981 0.048738 0.988981 0.141975 0.710985 0.141975
0 0.985476 0.453470 0.813569 0.453412 0.813569 0.383653 0.859726 0.383653 0.859726 0.309496 0.985476 0.309496
0 0.854572 0.377846 0.813569 0.377846 0.813569 0.336158 0.797691 0.336158 0.797691 0.309496 0.854572 0.309496
0 0.985476 0.303689 0.791601 0.303689 0.791601 0.336158 0.761495 0.336158 0.761495 0.342449 0.807947 0.342449 0.807947 0.453412 0.716607 0.453276 0.716607 0.164235 0.985476 0.164235
3 0.716607 0.453276 0.716607 0.164235 0.704895 0.141975 0.704895 0.472627
3 0.716607 0.164235 0.985476 0.164235 1.000000 0.141975 0.704895 0.141975
1 0.745102 0.164235 0.830149 0.164235 0.830149 0.141975 0.745102 0.141975
2 0.836516 0.164235 0.873467 0.164235 0.873467 0.141975 0.836516 0.141975
1 0.880790 0.164235 0.968062 0.164235 0.968062 0.141975 0.880790 0.141975
3 0.985476 0.164235 0.985476 0.453470 1.000000 0.472835 1.000000 0.141975
3 0.985476 0.453470 0.716607 0.453276 0.704895 0.472627 1.000000 0.472835
1 0.966479 0.453455 0.880162 0.453397 0.880148 0.472753 0.966465 0.472811
3 0.807947 0.472700 0.807947 0.342449 0.813569 0.336158 0.813569 0.472700
3 0.813569 0.336158 0.761495 0.336158 0.761495 0.342449 0.807947 0.342449
3 0.791601 0.342449 0.791601 0.303689 0.797691 0.309496 0.797691 0.342449
3 0.791601 0.303689 1.000000 0.303689 1.000000 0.309496 0.797691 0.309496
2 0.863272 0.303689 0.901174 0.303689 0.901174 0.309496 0.863272 0.309496
2 0.818043 0.303689 0.852764 0.303689 0.852764 0.309496 0.818043 0.309496
3 0.807947 0.383653 0.859726 0.383653 0.854572 0.377846 0.807947 0.377846
3 0.859726 0.383653 0.859726 0.309496 0.854572 0.309496 0.854572 0.377846
3 0.704895 0.141975 0.704895 0.042931 0.710985 0.042931 0.710985 0.141975
3 0.988981 0.042931 0.988981 0.141975 0.994603 0.141975 0.994603 0.042931
