0 0.464988 0.799671 0.386666 0.799671 0.386666 0.703163 0.464988 0.703163
0 0.464988 0.690507 0.386666 0.690507 0.386666 0.575161 0.464988 0.575161
0 0.318137 0.442756 0.263156 0.442756 0.263156 0.263381 0.318137 0.263381
0 0.584730 0.442756 0.489476 0.442756 0.489476 0.263381 0.584730 0.263381
0 0.480397 0.442756 0.327216 0.442756 0.327216 0.263381 0.480397 0.263381
0 0.254077 0.451009 0.254038 0.451009 0.254038 0.544010 0.037731 0.544010 0.037731 0.543657 0.057102 0.543657 0.057102 0.518120 0.037731 0.518120 0.037731 0.263381 0.254077 0.263381
0 0.254038 0.895302 0.037731 0.895302 0.037731 0.554858 0.254038 0.554858
0 0.643116 0.562505 0.643116 0.574257 0.562317 0.574257 0.562317 0.562505
0 0.837905 0.799671 0.643116 0.799671 0.643116 0.562505 0.837905 0.562505
0 0.643116 0.799671 0.512381 0.799671 0.512381 0.778410 0.472770 0.778410 0.472770 0.575161 0.512531 0.575161 0.512531 0.562505 0.643116 0.562505
0 0.837905 0.562505 0.594458 0.562505 0.594458 0.263381 0.837905 0.263381
0 0.594458 0.562505 0.377587 0.562505 0.377587 0.895302 0.261820 0.895302 0.261820 0.455412 0.594458 0.455412
0 0.931564 0.504353 0.931564 0.254341 0.852173 0.254341 0.852173 0.504353 0.931564 0.504353 0.931564 0.504353
3 0.023463 0.243494 0.852173 0.243494 0.837905 0.263381 0.037731 0.263381
3 0.852173 0.243494 0.852173 0.819558 0.837905 0.799671 0.837905 0.263381
2 0.852173 0.410367 0.852173 0.495159 0.837905 0.495159 0.837905 0.410367
1 0.852173 0.294559 0.852173 0.404166 0.837905 0.404166 0.837905 0.294559
1 0.852173 0.562379 0.852173 0.725753 0.837905 0.725753 0.837905 0.562379
3 0.852173 0.819558 0.391854 0.819558 0.377587 0.799671 0.837905 0.799671
3 0.377587 0.799671 0.377587 0.895302 0.391854 0.915189 0.391854 0.819558
3 0.391854 0.915189 0.023463 0.915189 0.037731 0.895302 0.377587 0.895302
2 0.366335 0.915189 0.305491 0.915189 0.305491 0.895302 0.366335 0.895302
3 0.023463 0.915189 0.023463 0.243494 0.037731 0.263381 0.037731 0.895302
1 0.023463 0.488958 0.023463 0.383483 0.037731 0.383483 0.037731 0.488958
1 0.023463 0.667845 0.023463 0.561339 0.037731 0.561339 0.037731 0.667845
3 0.594458 0.243494 0.594458 0.455412 0.584730 0.442756 0.584730 0.243494
3 0.594458 0.455412 0.254077 0.455412 0.263156 0.442756 0.584730 0.442756
2 0.429676 0.455412 0.381854 0.455412 0.381854 0.442756 0.429676 0.442756
3 0.254077 0.455412 0.254077 0.243494 0.263156 0.243494 0.263156 0.442756
2 0.254077 0.380075 0.254077 0.325384 0.263156 0.325384 0.263156 0.380075
3 0.327216 0.243494 0.327216 0.455412 0.318137 0.455412 0.318137 0.243494
3 0.489476 0.243494 0.489476 0.455412 0.480397 0.455412 0.480397 0.243494
2 0.489476 0.362131 0.489476 0.433915 0.480397 0.433915 0.480397 0.362131
3 0.377587 0.799671 0.377587 0.562505 0.386666 0.575161 0.386666 0.799671
2 0.377587 0.797104 0.377587 0.738996 0.386666 0.738996 0.386666 0.797104
2 0.377587 0.685156 0.377587 0.633033 0.386666 0.633033 0.386666 0.685156
3 0.377587 0.562505 0.512531 0.562505 0.512531 0.575161 0.386666 0.575161
3 0.472770 0.562505 0.472770 0.819558 0.464988 0.819558 0.464988 0.562505
3 0.377587 0.690507 0.472770 0.690507 0.472770 0.703163 0.377587 0.703163
3 0.562317 0.562505 0.643116 0.562505 0.643116 0.574257 0.562317 0.574257
3 0.261820 0.915189 0.261820 0.451009 0.254038 0.451009 0.254038 0.915189
2 0.261820 0.632174 0.261820 0.560390 0.254038 0.560390 0.254038 0.632174
2 0.261820 0.534753 0.261820 0.460402 0.254038 0.460402 0.254038 0.534753
3 0.261820 0.544010 0.023463 0.544010 0.023463 0.554858 0.261820 0.554858
3 0.472770 0.778410 0.512381 0.778410 0.512381 0.802600 0.472770 0.802600
3 0.037731 0.518120 0.057102 0.518120 0.057102 0.543657 0.037731 0.543657
3 0.480397 0.263381 0.422043 0.263381 0.422043 0.269519 0.480397 0.269519
3 0.852173 0.243494 0.939347 0.243494 0.939347 0.254341 0.852173 0.254341
