0 0.260264 0.279825 0.260264 0.131811 0.256706 0.131811 0.256706 0.064931 0.546498 0.064931 0.546498 0.131811 0.543038 0.131811 0.543038 0.279825 0.260264 0.279825
0 0.766116 0.689207 0.713684 0.689207 0.713684 0.697918 0.579920 0.697918 0.579920 0.507470 0.766116 0.507470
0 0.766116 0.507470 0.579920 0.507470 0.579920 0.320114 0.766116 0.320114
0 0.579920 0.697918 0.489297 0.697918 0.489297 0.684851 0.259960 0.684851 0.259960 0.320114 0.579920 0.320114
0 0.850875 0.885644 0.489297 0.885644 0.489297 0.697918 0.850875 0.697918
0 0.587333 0.689207 0.639526 0.689207 0.639526 0.697918 0.579920 0.697918 0.579920 0.507470 0.587333 0.507470
0 0.479414 0.885644 0.171058 0.885644 0.171058 0.697918 0.161174 0.697918 0.161174 0.879372 0.044253 0.879372 0.044253 0.697918 0.479414 0.697918
0 0.984351 0.689207 0.773529 0.689207 0.773529 0.320114 0.984351 0.320114
0 0.251723 0.684851 0.041700 0.684851 0.041700 0.320114 0.251723 0.320114
0 0.984351 0.885644 0.857464 0.885644 0.857464 0.697918 0.984351 0.697918
3 0.041700 0.320114 0.984351 0.320114 1.000000 0.279825 0.026051 0.279825
1 0.114533 0.320114 0.234502 0.320114 0.234502 0.279825 0.114533 0.279825
1 0.296948 0.320114 0.440761 0.320114 0.440761 0.279825 0.296948 0.279825
1 0.591006 0.320114 0.707565 0.320114 0.707565 0.279825 0.591006 0.279825
1 0.805205 0.320114 0.922909 0.320114 0.922909 0.279825 0.805205 0.279825
2 0.465840 0.320114 0.532027 0.320114 0.532027 0.279825 0.465840 0.279825
3 0.984351 0.320114 0.984351 0.885644 1.000000 0.906333 1.000000 0.279825
3 0.489297 0.906333 0.489297 0.684851 0.479414 0.697918 0.479414 0.906333
2 0.489297 0.801494 0.489297 0.715896 0.479414 0.715896 0.479414 0.801494
3 0.984351 0.885644 0.171058 0.885644 0.171058 0.906333 1.000000 0.906333
2 0.574262 0.885644 0.503414 0.885644 0.503414 0.906333 0.574262 0.906333
3 0.171058 0.879372 0.044253 0.879372 0.026051 0.906333 0.171058 0.906333
3 0.479414 0.697918 0.171058 0.697918 0.171058 0.684851 0.489297 0.684851
3 0.171058 0.697918 0.041700 0.697918 0.041700 0.684851 0.171058 0.684851
3 0.171058 0.906333 0.171058 0.697918 0.161174 0.697918 0.161174 0.906333
2 0.171058 0.783669 0.171058 0.716778 0.161174 0.716778 0.161174 0.783669
3 0.044253 0.879372 0.044253 0.697918 0.026051 0.697918 0.026051 0.906333
3 0.041700 0.697918 0.041700 0.320114 0.026051 0.279825 0.026051 0.697918
3 0.259960 0.697918 0.259960 0.279825 0.251723 0.279825 0.251723 0.697918
2 0.259960 0.612407 0.259960 0.528300 0.251723 0.528300 0.251723 0.612407
3 0.260264 0.279825 0.260264 0.131811 0.247086 0.131811 0.247086 0.279825
3 0.556216 0.279825 0.556216 0.131811 0.543038 0.131811 0.543038 0.279825
3 0.579920 0.697918 0.639526 0.697918 0.639526 0.689207 0.587333 0.689207
3 0.713684 0.697918 1.000000 0.697918 1.000000 0.689207 0.713684 0.689207
2 0.776716 0.697918 0.838084 0.697918 0.838084 0.689207 0.776716 0.689207
3 0.850875 0.689207 0.850875 0.906333 0.857464 0.906333 0.857464 0.689207
2 0.850875 0.737750 0.850875 0.801940 0.857464 0.801940 0.857464 0.737750
3 0.773529 0.689207 0.773529 0.279825 0.766116 0.279825 0.766116 0.689207
3 0.579920 0.697918 0.579920 0.507470 0.587333 0.507470 0.587333 0.689207
