0 0.254080 0.827418 0.254080 0.944820 0.254080 0.996729 0.321856 0.996677 0.321856 0.949047 0.328635 0.949047 0.328635 0.871441 0.322308 0.871441 0.322308 0.814505 0.277368 0.814505 0.277223 0.827418 0.254080 0.827418 0.254080 0.827418
0 0.802303 0.849189 0.839664 0.849189 0.839664 0.984307 0.802389 0.984307 0.802303 0.909121 0.692276 0.909121 0.692276 0.714733 0.802303 0.714733
0 0.760463 0.615633 0.995481 0.615633 0.995481 0.984307 0.839664 0.984307 0.839664 0.849189 0.802303 0.849189 0.802303 0.714733 0.692276 0.714733 0.692276 0.909121 0.802303 0.909121 0.802389 0.984307 0.663913 0.984350 0.663913 0.829200 0.680182 0.829200 0.680182 0.615177
0 0.567349 0.817148 0.610056 0.817148 0.610056 0.829200 0.663913 0.829200 0.663913 0.984350 0.567349 0.984307 0.567349 0.817148 0.567349 0.817148
0 0.373968 0.614126 0.345939 0.614126 0.345939 0.724995 0.277223 0.724995 0.277223 0.254190 0.373968 0.254190
0 0.618096 0.534584 0.573965 0.614126 0.373968 0.614126 0.373968 0.280446 0.618096 0.280446
0 0.500210 0.138699 0.504729 0.138699 0.504729 0.221530 0.500210 0.221530 0.500210 0.271837 0.378487 0.271837 0.378487 0.245582 0.334912 0.245582 0.334912 0.082391 0.500210 0.082391
0 0.618096 0.280446 0.504729 0.280446 0.504729 0.082391 0.618096 0.082391
0 0.272704 0.324013 0.213393 0.324013 0.213393 0.376576 0.114054 0.376576 0.114054 0.339526 0.068847 0.260552 0.069832 0.082391 0.272704 0.082391
0 0.272704 0.589059 0.114054 0.589059 0.114054 0.385185 0.217912 0.385185 0.217912 0.332622 0.272704 0.332622
0 0.665721 0.624078 0.665721 0.800792 0.567349 0.800792 0.510229 0.800585 0.510139 0.725683 0.512236 0.725683 0.512236 0.630147 0.571651 0.630147 0.619145 0.544054
0 0.272704 0.799871 0.114054 0.799871 0.114054 0.597667 0.272704 0.597667
0 0.345939 0.818052 0.350404 0.818052 0.350458 0.817949 0.386726 0.817949 0.386726 0.818207 0.390626 0.818207 0.458366 0.818637 0.458366 0.978746 0.336318 0.978746 0.336318 0.817949 0.345939 0.817949
0 0.490805 0.678440 0.505620 0.678440 0.505615 0.800585 0.494864 0.800585 0.390793 0.799871 0.390793 0.622735 0.490805 0.622735
0 0.509326 0.818663 0.551983 0.818663 0.551983 0.972453 0.467405 0.972453 0.467405 0.818637
0 0.330393 0.245582 0.277223 0.245582 0.277223 0.082391 0.330393 0.082391
0 0.386726 0.785245 0.350458 0.785245 0.350458 0.622735 0.386726 0.622735
0 0.345939 0.799871 0.277223 0.799871 0.277223 0.733603 0.345939 0.733603
3 0.069832 0.082391 0.618096 0.082391 0.633010 0.055705 0.055063 0.055705
3 0.618096 0.082391 0.618096 0.542022 0.633010 0.529411 0.633010 0.055705
1 0.618096 0.107330 0.618096 0.239186 0.633010 0.239186 0.633010 0.107330
1 0.618096 0.289519 0.618096 0.408057 0.633010 0.408057 0.633010 0.289519
1 0.618096 0.409728 0.618096 0.513709 0.633010 0.513709 0.633010 0.409728
3 0.618096 0.542022 0.665721 0.624078 0.680182 0.610692 0.633010 0.529411
3 0.665721 0.624078 0.665721 0.800792 0.680182 0.829200 0.680182 0.610692
1 0.665721 0.671355 0.665721 0.769517 0.680182 0.769517 0.680182 0.671355
3 0.665721 0.800792 0.610056 0.800792 0.610056 0.829200 0.680182 0.829200
3 0.610056 0.800792 0.551983 0.800792 0.567349 0.817148 0.610056 0.817148
2 0.605646 0.800792 0.569993 0.800792 0.569993 0.817148 0.605646 0.817148
3 0.551983 0.800792 0.551983 0.972453 0.567349 1.000000 0.567349 0.817148
1 0.551983 0.870598 0.551983 0.926329 0.567349 0.926329 0.567349 0.870598
3 0.551983 0.972453 0.467405 0.972453 0.467405 1.000000 0.567349 1.000000
3 0.458366 0.978746 0.336318 0.978746 0.321856 0.996677 0.467405 0.996677
3 0.336318 0.978746 0.336318 0.949047 0.321856 0.949047 0.321856 0.996677
3 0.336318 0.949047 0.336318 0.871441 0.328635 0.871441 0.328635 0.949047
2 0.336318 0.944062 0.336318 0.877416 0.328635 0.877416 0.328635 0.944062
3 0.336318 0.871441 0.336318 0.799871 0.322308 0.814505 0.322308 0.871441
3 0.336318 0.799871 0.272252 0.799871 0.272252 0.814505 0.322308 0.814505
2 0.319845 0.799871 0.280269 0.799871 0.280269 0.814505 0.319845 0.814505
3 0.272704 0.799871 0.114054 0.799871 0.098236 0.827418 0.277223 0.827418
1 0.157240 0.799871 0.140139 0.799871 0.140139 0.827418 0.157240 0.827418
3 0.114054 0.799871 0.114054 0.339526 0.098236 0.341299 0.098236 0.827418
1 0.114054 0.723350 0.114054 0.644316 0.098236 0.644316 0.098236 0.723350
1 0.114054 0.518702 0.114054 0.441338 0.098236 0.441338 0.098236 0.518702
3 0.114054 0.339526 0.068847 0.260552 0.053915 0.263875 0.098236 0.341299
1 0.104834 0.323419 0.069995 0.262558 0.062303 0.278526 0.097142 0.339388
3 0.068847 0.260552 0.069832 0.082391 0.055063 0.055705 0.053915 0.263875
1 0.069258 0.186046 0.069552 0.132811 0.054638 0.132510 0.054345 0.185744
3 0.322308 0.799871 0.567349 0.800792 0.567331 0.818870 0.322290 0.817949
2 0.473352 0.800439 0.502411 0.800551 0.502393 0.818620 0.473329 0.818517
3 0.467405 0.996677 0.467405 0.800413 0.458366 0.800413 0.458366 0.978746
3 0.277223 0.827418 0.277223 0.055705 0.272704 0.055705 0.272704 0.799871
2 0.277223 0.668334 0.277223 0.601834 0.272704 0.601834 0.272704 0.668334
2 0.277223 0.456618 0.277223 0.391633 0.272704 0.391633 0.272704 0.456618
2 0.277223 0.318822 0.277223 0.258925 0.272704 0.258925 0.272704 0.318822
2 0.277223 0.196290 0.277223 0.139526 0.272704 0.139526 0.272704 0.196290
3 0.350458 0.818052 0.350458 0.622735 0.345939 0.614126 0.345939 0.818052
2 0.350458 0.720914 0.350458 0.668136 0.345939 0.668136 0.345939 0.720914
3 0.345939 0.614126 0.512236 0.614126 0.490805 0.622735 0.350458 0.622735
3 0.505620 0.614126 0.573965 0.614126 0.571651 0.630147 0.505620 0.630147
3 0.571651 0.630147 0.622751 0.538088 0.619646 0.531830 0.573965 0.614126
2 0.581729 0.611992 0.606798 0.566823 0.603693 0.560573 0.578625 0.605733
3 0.490805 0.622735 0.490805 0.678440 0.512236 0.678440 0.512236 0.614126
3 0.505620 0.678440 0.505620 0.725683 0.512236 0.725683 0.512236 0.678440
3 0.505620 0.725683 0.505615 0.818637 0.510135 0.818637 0.510139 0.725683
2 0.505620 0.733956 0.505615 0.794792 0.510135 0.794792 0.510139 0.733956
3 0.390793 0.818207 0.390793 0.614126 0.386726 0.614126 0.386726 0.818207
2 0.390793 0.716438 0.390793 0.667430 0.386726 0.667430 0.386726 0.716438
3 0.350458 0.800207 0.386726 0.800207 0.386726 0.785245 0.350458 0.785245
3 0.272704 0.733603 0.350458 0.733603 0.350458 0.724995 0.272704 0.724995
2 0.280269 0.733603 0.320640 0.733603 0.320640 0.724995 0.280269 0.724995
3 0.098236 0.597667 0.277223 0.597667 0.277223 0.589059 0.098236 0.589059
3 0.098236 0.385185 0.217912 0.385185 0.213393 0.376576 0.098236 0.376576
3 0.217912 0.385185 0.217912 0.332622 0.213393 0.324013 0.213393 0.376576
3 0.217912 0.332622 0.277223 0.332622 0.277223 0.324013 0.213393 0.324013
3 0.272704 0.254190 0.373968 0.254190 0.378487 0.245582 0.272704 0.245582
2 0.337185 0.254190 0.371419 0.254190 0.371419 0.245582 0.337185 0.245582
3 0.373968 0.254190 0.373968 0.280446 0.378487 0.271837 0.378487 0.245582
3 0.373968 0.280446 0.504729 0.280446 0.500210 0.271837 0.378487 0.271837
3 0.504729 0.280446 0.504729 0.221530 0.500210 0.221530 0.500210 0.271837
3 0.504729 0.138699 0.504729 0.055705 0.500210 0.055705 0.500210 0.138699
3 0.334912 0.254190 0.334912 0.055705 0.330393 0.055705 0.330393 0.254190
3 0.567349 0.992915 0.665721 0.992915 0.665721 0.984307 0.567349 0.984307
