0 0.283913 0.774295 0.533561 0.774295 0.533561 0.879637 0.283913 0.879637 0.283913 0.774295 0.283913 0.774295
0 0.651668 0.521019 0.607376 0.521019 0.607376 0.658146 0.427492 0.658146 0.427492 0.521019 0.296307 0.521019 0.296307 0.455083 0.352361 0.455083 0.352361 0.448471 0.651668 0.448471
0 0.711544 0.448471 0.469963 0.448471 0.469963 0.144520 0.711544 0.144520
0 0.469963 0.448471 0.074686 0.448471 0.074686 0.144520 0.469963 0.144520
0 0.058964 0.016938 0.472607 0.016938 0.472607 0.125784 0.058964 0.125887 0.058964 0.016938 0.058964 0.016938
0 0.480853 0.297310 0.480853 0.448471 0.541600 0.448471 0.541600 0.455083 0.469963 0.455083 0.469963 0.297310
0 0.416602 0.755061 0.074686 0.755061 0.074686 0.527631 0.416602 0.527631
0 0.884734 0.755061 0.618266 0.755061 0.618266 0.527631 0.884734 0.527631
0 0.884734 0.441246 0.722434 0.441246 0.722434 0.249020 0.884734 0.249020
0 0.558846 0.993388 0.283913 0.993388 0.283913 0.886249 0.558846 0.886249
0 0.884734 0.521019 0.662558 0.521019 0.662558 0.455083 0.722434 0.455083 0.722434 0.447858 0.884734 0.447858
0 0.285417 0.521019 0.074686 0.521019 0.074686 0.455083 0.285417 0.455083
0 0.607376 0.755061 0.427492 0.755061 0.427492 0.664757 0.607376 0.664757
0 0.884734 0.242409 0.722434 0.242409 0.722434 0.144520 0.884734 0.144520
3 0.046966 0.125887 0.903544 0.125887 0.884734 0.144520 0.074686 0.144520
1 0.116107 0.125887 0.379091 0.125887 0.379091 0.144520 0.116107 0.144520
1 0.511880 0.125887 0.665409 0.125887 0.665409 0.144520 0.511880 0.144520
1 0.738036 0.125887 0.797684 0.125887 0.797684 0.144520 0.738036 0.144520
1 0.668142 0.125887 0.708752 0.125887 0.708752 0.144520 0.668142 0.144520
2 0.385417 0.125887 0.464439 0.125887 0.464439 0.144520 0.385417 0.144520
3 0.884734 0.144520 0.884734 0.755061 0.903544 0.774295 0.903544 0.125887
3 0.884734 0.755061 0.074686 0.755061 0.046966 0.774295 0.903544 0.774295
1 0.718177 0.755061 0.685427 0.755061 0.685427 0.774295 0.718177 0.774295
1 0.869073 0.755061 0.720305 0.755061 0.720305 0.774295 0.869073 0.774295
1 0.271547 0.755061 0.238887 0.755061 0.238887 0.774295 0.271547 0.774295
1 0.236165 0.755061 0.087833 0.755061 0.087833 0.774295 0.236165 0.774295
2 0.521255 0.755061 0.433482 0.755061 0.433482 0.774295 0.521255 0.774295
3 0.046966 0.774295 0.046966 0.125887 0.074686 0.144520 0.074686 0.755061
3 0.618266 0.774295 0.618266 0.527631 0.607376 0.521019 0.607376 0.774295
2 0.618266 0.578222 0.618266 0.531712 0.607376 0.531712 0.607376 0.578222
3 0.607376 0.521019 0.903544 0.521019 0.903544 0.527631 0.618266 0.527631
3 0.046966 0.521019 0.427492 0.521019 0.416602 0.527631 0.046966 0.527631
2 0.152094 0.521019 0.213523 0.521019 0.213523 0.527631 0.152094 0.527631
3 0.427492 0.521019 0.427492 0.774295 0.416602 0.774295 0.416602 0.527631
2 0.427492 0.532151 0.427492 0.579100 0.416602 0.579100 0.416602 0.532151
3 0.416602 0.664757 0.618266 0.664757 0.618266 0.658146 0.416602 0.658146
2 0.436204 0.664757 0.520572 0.664757 0.520572 0.658146 0.436204 0.658146
3 0.352361 0.455083 0.046966 0.455083 0.046966 0.448471 0.352361 0.448471
3 0.285417 0.448471 0.285417 0.527631 0.296307 0.527631 0.296307 0.448471
3 0.662558 0.527631 0.662558 0.455083 0.651668 0.448471 0.651668 0.527631
2 0.662558 0.499946 0.662558 0.460071 0.651668 0.460071 0.651668 0.499946
3 0.662558 0.455083 0.722434 0.455083 0.711544 0.448471 0.651668 0.448471
3 0.722434 0.455083 0.722434 0.125887 0.711544 0.125887 0.711544 0.448471
2 0.722434 0.295344 0.722434 0.251070 0.711544 0.251070 0.711544 0.295344
3 0.541600 0.455083 0.469963 0.455083 0.480853 0.448471 0.541600 0.448471
3 0.480853 0.448471 0.480853 0.297310 0.469963 0.297310 0.469963 0.455083
3 0.711544 0.447858 0.903544 0.447858 0.903544 0.441246 0.711544 0.441246
2 0.729185 0.447858 0.796911 0.447858 0.796911 0.441246 0.729185 0.441246
3 0.711544 0.249020 0.903544 0.249020 0.903544 0.242409 0.711544 0.242409
2 0.731264 0.249020 0.788318 0.249020 0.788318 0.242409 0.731264 0.242409
3 0.273023 0.879637 0.569736 0.879637 0.558846 0.886249 0.283913 0.886249
2 0.432799 0.879637 0.510375 0.879637 0.510375 0.886249 0.432799 0.886249
