0 0.218304 0.604127 0.112269 0.604127 0.112269 0.232830 0.217483 0.233154 0.217483 0.605147 0.218304 0.604127
0 0.741606 0.445732 0.737518 0.445732 0.737518 0.631734 0.615964 0.631734 0.615964 0.621799 0.232532 0.621799 0.233647 0.235331 0.741606 0.235331
0 0.737518 0.848775 0.615964 0.848775 0.615964 0.631734 0.737518 0.631734
0 0.985274 0.542803 0.743913 0.542803 0.743913 0.445732 0.741606 0.445732 0.741606 0.235331 0.985274 0.235331
0 0.216551 0.634705 0.464510 0.634705 0.464510 0.979180 0.463963 0.979180 0.463963 0.988232 0.179609 0.988232 0.179609 0.634568 0.216551 0.634568
0 0.985274 0.848775 0.788197 0.848775 0.788197 0.817922 0.743913 0.817922 0.743913 0.553591 0.985274 0.553591
0 0.610081 0.848775 0.606231 0.848775 0.606231 0.979180 0.496725 0.979180 0.496725 0.905087 0.470912 0.905087 0.470912 0.776006 0.610081 0.776006
0 0.610081 0.768494 0.470912 0.768494 0.470912 0.634705 0.610081 0.634705
3 0.233647 0.235331 0.985274 0.235331 1.000000 0.221121 0.217560 0.221121
3 0.985274 0.235331 0.985274 0.848775 1.000000 0.881138 1.000000 0.221121
1 0.985274 0.301392 0.985274 0.476556 1.000000 0.476556 1.000000 0.301392
1 0.985274 0.606020 0.985274 0.777036 1.000000 0.777036 1.000000 0.606020
3 0.985274 0.848775 0.945275 0.848775 0.945275 0.881138 1.000000 0.881138
3 0.945275 0.848775 0.606231 0.848775 0.615915 0.860543 0.945275 0.860543
2 0.685857 0.848775 0.620943 0.848775 0.620943 0.860543 0.685857 0.860543
1 0.179609 0.884237 0.179609 0.712456 0.166286 0.712456 0.166286 0.884237
3 0.179609 0.634568 0.232532 0.634568 0.216495 0.602205 0.166286 0.602205
3 0.232532 0.634568 0.233647 0.235331 0.217560 0.221121 0.216495 0.602205
2 0.232707 0.571989 0.232960 0.481862 0.216831 0.481774 0.216579 0.571901
1 0.232974 0.476046 0.233563 0.266057 0.217434 0.265968 0.216845 0.475958
3 0.216551 0.634705 0.610081 0.634705 0.615964 0.621799 0.216551 0.621799
2 0.271647 0.634705 0.339696 0.634705 0.339696 0.621799 0.271647 0.621799
3 0.610081 0.634705 0.610081 0.860543 0.615964 0.860543 0.615964 0.621799
2 0.610081 0.780753 0.610081 0.841272 0.615964 0.841272 0.615964 0.780753
2 0.464510 0.654192 0.464510 0.705199 0.470912 0.705199 0.470912 0.654192
3 0.464510 0.982073 0.496725 0.982073 0.496725 0.905087 0.464510 0.905087
3 0.464510 0.776006 0.615964 0.776006 0.615964 0.768494 0.464510 0.768494
3 0.737518 0.445732 0.737518 0.860543 0.743913 0.860543 0.743913 0.445732
2 0.737518 0.453843 0.737518 0.535791 0.743913 0.535791 0.743913 0.453843
2 0.737518 0.561133 0.737518 0.640717 0.743913 0.640717 0.743913 0.561133
3 0.737518 0.553591 1.000000 0.553591 1.000000 0.542803 0.737518 0.542803
3 0.737518 0.851256 0.788197 0.851256 0.788197 0.817922 0.737518 0.817922
3 0.166286 0.602362 0.108160 0.602362 0.108160 0.613610 0.166286 0.613610
3 0.217483 0.221297 0.107423 0.221297 0.107423 0.233154 0.217483 0.233154
