0 0.649957 0.888159 0.370197 0.888159 0.370197 0.722250 0.422102 0.722250 0.422102 0.658610 0.545724 0.658610 0.545724 0.642241 0.649957 0.642241
0 0.649957 0.269489 0.649957 0.642241 0.545724 0.642241 0.545724 0.642219 0.370197 0.642219 0.370197 0.269347
0 0.336142 0.466114 0.336142 0.250366 0.053724 0.250366 0.053724 0.466595 0.336142 0.466114 0.336142 0.466114
0 0.354238 0.888159 0.071789 0.888159 0.071789 0.501322 0.354238 0.501322
0 0.946753 0.642219 0.659748 0.642219 0.659748 0.269489 0.946753 0.269489
0 0.820593 0.888159 0.659748 0.888159 0.659748 0.658610 0.820593 0.658610
0 0.942803 0.844964 0.890452 0.844964 0.890452 0.888159 0.832562 0.888159 0.832562 0.658610 0.942803 0.658610
3 0.037423 0.911107 0.037423 0.466114 0.071789 0.501322 0.071789 0.888159
1 0.037423 0.818815 0.037423 0.780602 0.071789 0.780602 0.071789 0.818815
3 0.037423 0.466114 0.336142 0.466114 0.370197 0.501322 0.071789 0.501322
2 0.257378 0.466114 0.325641 0.466114 0.325641 0.501322 0.257378 0.501322
1 0.075970 0.466114 0.250931 0.466114 0.250931 0.501322 0.075970 0.501322
3 0.336142 0.466114 0.336142 0.233625 0.370197 0.269347 0.370197 0.501322
3 0.336142 0.233625 0.980888 0.233778 0.946753 0.269489 0.370197 0.269347
1 0.411713 0.233647 0.509594 0.233669 0.509594 0.269380 0.411705 0.269358
1 0.807507 0.233735 0.927611 0.233768 0.927611 0.269478 0.807499 0.269456
3 0.963509 0.911107 0.963509 0.642219 0.942803 0.642219 0.942803 0.844964
3 0.963509 0.642219 0.963509 0.496798 0.946753 0.496798 0.946753 0.642219
3 0.980888 0.496798 0.980888 0.233778 0.946753 0.269489 0.946753 0.496798
3 0.963509 0.911107 0.890452 0.911107 0.890452 0.844964 0.942803 0.844964
3 0.890452 0.911107 0.819795 0.911107 0.819795 0.888159 0.890452 0.888159
3 0.819795 0.911107 0.037423 0.911107 0.071789 0.888159 0.819795 0.888159
2 0.648242 0.911107 0.583331 0.911107 0.583331 0.888159 0.648242 0.888159
3 0.370197 0.466114 0.370197 0.911107 0.354238 0.911107 0.354238 0.466114
2 0.370197 0.728479 0.370197 0.817908 0.354238 0.817908 0.354238 0.728479
2 0.370197 0.549632 0.370197 0.633641 0.354238 0.633641 0.354238 0.549632
3 0.963509 0.642219 0.649957 0.642219 0.649957 0.658610 0.963509 0.658610
3 0.545724 0.642219 0.422102 0.642219 0.422102 0.658610 0.545724 0.658610
3 0.422102 0.642219 0.354238 0.642219 0.354238 0.722250 0.422102 0.722250
3 0.649957 0.911107 0.649957 0.233702 0.659748 0.233702 0.659748 0.911107
2 0.649957 0.634001 0.649957 0.560395 0.659748 0.560395 0.659748 0.634001
2 0.649957 0.811231 0.649957 0.732052 0.659748 0.732052 0.659748 0.811231
3 0.037423 0.501322 0.037423 0.240695 0.053230 0.240695 0.053230 0.501322
3 0.820976 0.642219 0.820593 0.911117 0.832562 0.911150 0.832945 0.642251
2 0.820881 0.708777 0.820785 0.775477 0.832754 0.775510 0.832849 0.708810
