0 0.594716 0.621414 0.314709 0.621414 0.314709 0.128775 0.594716 0.128775
0 0.415683 0.633030 0.469637 0.633030 0.469637 0.860107 0.314709 0.860107 0.314709 0.621414 0.415683 0.621414
0 0.314709 0.443048 0.308789 0.443048 0.308789 0.518864 0.139337 0.518864 0.139337 0.442749 0.029956 0.442749 0.029956 0.128775 0.314709 0.128775
0 0.839506 0.621414 0.606844 0.621414 0.606844 0.128775 0.839506 0.128775
0 0.976417 0.612371 0.851634 0.612445 0.851634 0.129943 0.976417 0.129943
0 0.304741 0.860107 0.161766 0.860107 0.161766 0.656062 0.139337 0.656062 0.139337 0.532132 0.304741 0.532132
0 0.127550 0.647068 0.036596 0.647068 0.036596 0.457657 0.127550 0.457657
3 0.029956 0.128775 0.839506 0.128775 0.851634 0.080326 0.013280 0.080326
1 0.096593 0.128775 0.235027 0.128775 0.235027 0.080326 0.096593 0.080326
1 0.327527 0.128775 0.515118 0.128775 0.515118 0.080326 0.327527 0.080326
1 0.726866 0.128775 0.823080 0.128775 0.823080 0.080326 0.726866 0.080326
3 0.839506 0.128775 0.839506 0.621414 0.851634 0.643776 0.851634 0.080326
2 0.839506 0.410636 0.839506 0.524057 0.851634 0.524057 0.851634 0.410636
1 0.839506 0.200318 0.839506 0.399555 0.851634 0.399555 0.851634 0.200318
3 0.839506 0.621414 0.469637 0.621414 0.486313 0.643776 0.851634 0.643776
3 0.486313 0.643776 0.486313 0.887437 0.469637 0.860107 0.469637 0.621414
3 0.469637 0.860107 0.161766 0.860107 0.145090 0.887437 0.486313 0.887437
2 0.403577 0.860107 0.334894 0.860107 0.334894 0.887437 0.403577 0.887437
3 0.161766 0.860107 0.161766 0.656062 0.145090 0.683392 0.145090 0.887437
3 0.145090 0.683392 0.127656 0.683392 0.127656 0.656062 0.161766 0.656062
3 0.127656 0.683392 0.013280 0.683392 0.036596 0.647068 0.127656 0.647068
3 0.036596 0.647068 0.036596 0.442749 0.013280 0.442749 0.013280 0.683392
3 0.013280 0.442749 0.013280 0.080326 0.029956 0.128775 0.029956 0.442749
3 0.033004 0.442749 0.139337 0.442749 0.127550 0.457657 0.033004 0.457657
3 0.127550 0.457657 0.127550 0.683392 0.139337 0.683392 0.139337 0.442749
2 0.127550 0.542306 0.127550 0.637999 0.139337 0.637999 0.139337 0.542306
3 0.606844 0.643776 0.606844 0.080326 0.594716 0.080326 0.594716 0.643776
2 0.606844 0.525746 0.606844 0.416115 0.594716 0.416115 0.594716 0.525746
3 0.469637 0.621414 0.415683 0.621414 0.415683 0.633030 0.469637 0.633030
3 0.127550 0.532132 0.314709 0.532132 0.308789 0.518864 0.127550 0.518864
3 0.851634 0.129943 0.976417 0.129943 0.999999 0.097979 0.851634 0.097979
1 0.855174 0.129943 0.958718 0.129943 0.958718 0.097979 0.855174 0.097979
3 0.976417 0.129943 0.976417 0.612371 0.999999 0.643018 0.999999 0.097979
1 0.976417 0.245400 0.976417 0.538219 0.999999 0.538219 0.999999 0.245400
3 0.999999 0.643018 0.851634 0.643776 0.851574 0.613017 0.976417 0.612371
3 0.314709 0.518864 0.314709 0.887437 0.304741 0.887437 0.304741 0.532132
2 0.314709 0.663714 0.314709 0.762587 0.304741 0.762587 0.304741 0.663714
3 0.314709 0.532132 0.314709 0.443048 0.308789 0.443048 0.308789 0.518864
