0 0.182340 0.221640 0.182340 0.048356 0.957061 0.048356 0.959696 0.221504 0.182340 0.221640 0.182340 0.221640
0 0.959005 0.516248 0.181433 0.516248 0.182211 0.262363 0.959696 0.262363
0 0.959005 0.667237 0.181433 0.671414 0.181433 0.516248 0.959005 0.516248
0 0.959696 0.670078 0.506588 0.670078 0.504428 0.882915 0.180202 0.882915 0.181433 0.671414 0.959005 0.667237
0 0.935937 0.874561 0.523867 0.874561 0.525941 0.679475 0.935937 0.679475
3 0.136939 0.904843 0.504428 0.904843 0.504428 0.882915 0.180202 0.882915
2 0.275951 0.904843 0.472807 0.904843 0.472807 0.882915 0.275951 0.882915
3 0.504428 0.904843 0.999849 0.904843 0.935937 0.874561 0.504428 0.874561
3 0.999849 0.904843 0.999849 0.670078 0.935937 0.679475 0.935937 0.874561
3 1.000000 0.670078 1.000000 0.221640 0.959696 0.262363 0.959696 0.670078
3 1.000000 0.221640 0.139142 0.221640 0.182211 0.262363 0.959696 0.262363
2 0.511880 0.221640 0.328524 0.221640 0.328524 0.262363 0.511880 0.262363
1 0.769407 0.221640 0.529418 0.221640 0.529418 0.262363 0.769407 0.262363
1 0.859735 0.221640 0.769407 0.221640 0.769407 0.262363 0.859735 0.262363
3 0.139142 0.221640 0.136939 0.904843 0.180202 0.882915 0.182211 0.262363
3 0.999849 0.670078 0.506588 0.670078 0.525941 0.679475 0.935937 0.679475
3 0.506588 0.670078 0.504428 0.904843 0.523867 0.904885 0.525941 0.679475
2 0.505897 0.743422 0.505141 0.827228 0.524580 0.827270 0.525336 0.743463
3 0.181066 0.613483 0.312994 0.613483 0.312994 0.671498 0.181066 0.671498
3 0.139142 0.221640 0.139142 0.036870 0.182340 0.036870 0.182340 0.221640
3 0.957061 0.036870 0.959696 0.221640 0.999870 0.221504 0.997235 0.036735
