0 0.544162 0.481130 0.441053 0.379574 0.441174 0.065326 0.972055 0.065326 0.972055 0.481130 0.544162 0.481130
0 0.440923 0.806670 0.527398 0.806670 0.527398 0.796400 0.544162 0.796400 0.544162 0.481130 0.441053 0.379574 0.067978 0.379574 0.067978 0.600617 0.321721 0.600617 0.321460 0.586989 0.440923 0.586989 0.440671 0.600617 0.386300 0.600617 0.386300 0.685441 0.440671 0.685441 0.440923 0.806670 0.440923 0.806670
0 0.067978 0.806670 0.321721 0.806670 0.321721 0.685441 0.387036 0.685441 0.387036 0.600617 0.321721 0.600617 0.067978 0.600617 0.067978 0.806670
0 0.972055 0.978585 0.710936 0.978585 0.710936 0.499625 0.972055 0.499625
0 0.429877 0.370813 0.067978 0.370813 0.067978 0.073113 0.429998 0.073113
0 0.699760 0.814272 0.554406 0.814272 0.554406 0.499625 0.699760 0.499625
0 0.699760 0.978585 0.583203 0.978585 0.583203 0.876736 0.596065 0.876736 0.596065 0.831794 0.699760 0.831794
3 0.067978 0.806748 0.067978 0.073113 0.040038 0.037097 0.040038 0.842764
1 0.067978 0.289572 0.067978 0.150003 0.040038 0.150003 0.040038 0.289572
1 0.067978 0.518986 0.067978 0.380722 0.040038 0.380722 0.040038 0.518986
1 0.067978 0.748683 0.067978 0.613349 0.040038 0.613349 0.040038 0.748683
3 0.067978 0.073113 0.429998 0.073113 0.441184 0.037097 0.040038 0.037097
3 0.441174 0.037097 0.999995 0.037097 0.972055 0.065326 0.441174 0.065326
3 0.972055 0.065326 0.972055 0.978585 0.999995 1.000000 0.999995 0.037097
1 0.972055 0.761367 0.972055 0.956079 0.999995 0.956079 0.999995 0.761367
1 0.972055 0.501222 0.972055 0.694377 0.999995 0.694377 0.999995 0.501222
1 0.972055 0.232072 0.972055 0.429140 0.999995 0.429140 0.999995 0.232072
3 0.972055 0.978585 0.555887 0.978585 0.555887 1.000000 0.999995 1.000000
3 0.583203 0.978585 0.583203 0.876736 0.572959 0.876736 0.572959 0.978585
2 0.583203 0.966914 0.583203 0.896370 0.572959 0.896370 0.572959 0.966914
3 0.596065 0.876736 0.596065 0.814272 0.559743 0.831794 0.559743 0.876736
3 0.559743 0.831794 0.527398 0.831794 0.554406 0.814272 0.596065 0.814272
3 0.527398 0.831794 0.527398 0.795573 0.554406 0.795573 0.554406 0.814272
3 0.067978 0.806748 0.440429 0.806748 0.440429 0.842764 0.040038 0.842764
3 0.440429 0.806748 0.527398 0.806748 0.527398 0.824269 0.440429 0.824269
2 0.446446 0.806748 0.522871 0.806748 0.522871 0.824269 0.446446 0.824269
3 0.554406 0.795573 0.554406 0.499625 0.544162 0.481130 0.544162 0.795573
2 0.554406 0.638678 0.554406 0.572972 0.544162 0.572972 0.544162 0.638678
3 0.554406 0.499625 0.999995 0.499625 0.999995 0.481130 0.544162 0.481130
2 0.713944 0.499625 0.777434 0.499625 0.777434 0.481130 0.713944 0.481130
3 0.710936 0.978585 0.710936 0.481130 0.699760 0.481130 0.699760 0.978585
2 0.710936 0.967877 0.710936 0.893791 0.699760 0.893791 0.699760 0.967877
2 0.710936 0.658010 0.710936 0.586824 0.699760 0.586824 0.699760 0.658010
1 0.710936 0.791163 0.710936 0.765339 0.699760 0.765339 0.699760 0.791163
3 0.596065 0.814272 0.710936 0.814272 0.710936 0.831794 0.596065 0.831794
3 0.440429 0.806748 0.440429 0.685499 0.432979 0.693286 0.432979 0.806748
2 0.440429 0.768492 0.440429 0.703429 0.432979 0.703429 0.432979 0.768492
3 0.432979 0.693286 0.331705 0.693286 0.321460 0.685499 0.440429 0.685499
3 0.331705 0.693286 0.331705 0.806748 0.321460 0.806748 0.321460 0.685499
3 0.321460 0.600617 0.440429 0.600617 0.440429 0.586989 0.321460 0.586989
3 0.067978 0.379574 0.441053 0.379574 0.429877 0.370813 0.067978 0.370813
3 0.441184 0.037097 0.441053 0.379574 0.429877 0.370813 0.429998 0.073113
2 0.441137 0.153809 0.441091 0.284218 0.429915 0.284208 0.429961 0.153809
