0 0.417451 0.854517 0.417451 0.917725 0.501643 0.917725 0.501643 0.854517 0.417451 0.854517
0 0.504439 0.049297 0.404915 0.049297 0.403675 0.315414 0.504439 0.315414 0.504439 0.049297
0 0.515775 0.685204 0.510689 0.685204 0.510561 0.774347 0.338146 0.774347 0.338146 0.601380 0.515775 0.601380
0 0.758949 0.685204 0.515775 0.685204 0.515775 0.432771 0.758949 0.432771
0 0.758949 0.432771 0.515775 0.432771 0.515663 0.338886 0.515663 0.073551 0.758949 0.073551
0 0.949144 0.685204 0.764051 0.685204 0.764051 0.440594 0.949144 0.440594
0 0.510668 0.593556 0.338146 0.593556 0.338146 0.338886 0.510561 0.338886
0 0.949144 0.265162 0.764051 0.265162 0.764051 0.073551 0.949144 0.073551
0 0.949144 0.432771 0.764051 0.432771 0.764051 0.272986 0.949144 0.272986
0 0.327432 0.517423 0.158078 0.517423 0.158078 0.332627 0.327432 0.332627
0 0.152976 0.517423 0.018107 0.517423 0.018107 0.332627 0.152976 0.332627
0 0.949144 0.891125 0.876788 0.891125 0.876788 0.788430 0.821167 0.788430 0.821167 0.695375 0.949144 0.695375
0 0.705042 0.891125 0.611095 0.891125 0.611095 0.695375 0.705042 0.695375
0 0.604462 0.891125 0.515928 0.891125 0.515928 0.833393 0.515791 0.833393 0.515663 0.774347 0.515806 0.774347 0.515775 0.695375 0.604462 0.695375
0 0.814534 0.788430 0.809432 0.788430 0.809432 0.886681 0.716776 0.886681 0.716776 0.788430 0.711674 0.788430 0.711674 0.736238 0.814534 0.736238
0 0.506607 0.833393 0.410818 0.833393 0.410818 0.788430 0.506607 0.788430
0 0.403675 0.896601 0.338146 0.896601 0.338146 0.782954 0.403675 0.782954
0 0.872707 0.891125 0.821167 0.891125 0.821167 0.797036 0.872707 0.797036
0 0.750760 0.726850 0.711674 0.726850 0.711674 0.695375 0.750760 0.695375
3 0.515663 0.073551 0.949144 0.073551 0.964960 0.049297 0.504439 0.049297
1 0.694042 0.073551 0.721771 0.073551 0.721771 0.049297 0.694042 0.049297
1 0.802912 0.073551 0.887645 0.073551 0.887645 0.049297 0.802912 0.049297
3 0.949144 0.073551 0.949144 0.891125 0.964960 0.917725 0.964960 0.049297
1 0.949144 0.324177 0.949144 0.429367 0.964960 0.429367 0.964960 0.324177
1 0.949144 0.528917 0.949144 0.637737 0.964960 0.637737 0.964960 0.528917
1 0.949144 0.766594 0.949144 0.846146 0.964960 0.846146 0.964960 0.766594
2 0.949144 0.706031 0.949144 0.759756 0.964960 0.759756 0.964960 0.706031
3 0.501643 0.917725 0.501643 0.854517 0.515928 0.833393 0.515928 0.891125
3 0.515928 0.833393 0.403675 0.833393 0.417451 0.854517 0.501643 0.854517
1 0.447777 0.833393 0.418466 0.833393 0.418466 0.854517 0.447777 0.854517
2 0.493735 0.833393 0.453863 0.833393 0.453863 0.854517 0.493735 0.854517
3 0.417451 0.854517 0.417451 0.917725 0.403675 0.896601 0.403675 0.833393
3 0.417451 0.917725 0.327432 0.917725 0.327432 0.896601 0.403675 0.896601
1 0.379013 0.917725 0.339197 0.917725 0.339197 0.896601 0.379013 0.896601
3 0.338146 0.896601 0.338146 0.315414 0.327432 0.332627 0.327432 0.917725
3 0.338146 0.338886 0.515663 0.338886 0.504439 0.315414 0.327432 0.315414
1 0.377451 0.338886 0.463980 0.338886 0.463980 0.315414 0.377451 0.315414
3 0.515663 0.338886 0.515663 0.073551 0.504439 0.049297 0.504439 0.315414
2 0.515663 0.302920 0.515663 0.246221 0.504439 0.246221 0.504439 0.302920
1 0.515663 0.233617 0.515663 0.080843 0.504439 0.080843 0.504439 0.233617
3 0.338146 0.315414 0.007903 0.315414 0.018107 0.332627 0.327432 0.332627
1 0.254112 0.315414 0.207986 0.315414 0.207986 0.332627 0.254112 0.332627
2 0.296040 0.315414 0.257811 0.315414 0.257811 0.332627 0.296040 0.332627
3 0.018107 0.332627 0.018107 0.902078 0.007903 0.917725 0.007903 0.315414
1 0.018107 0.527774 0.018107 0.696094 0.007903 0.696094 0.007903 0.527774
1 0.018107 0.363624 0.018107 0.434351 0.007903 0.434351 0.007903 0.363624
2 0.018107 0.438513 0.018107 0.502433 0.007903 0.502433 0.007903 0.438513
3 0.007903 0.917725 0.327432 0.917725 0.327432 0.902078 0.018107 0.902078
1 0.159532 0.917725 0.183996 0.917725 0.183996 0.902078 0.159532 0.902078
2 0.185981 0.917725 0.292270 0.917725 0.292270 0.902078 0.185981 0.902078
2 0.050387 0.917725 0.157691 0.917725 0.157691 0.902078 0.050387 0.902078
3 0.403675 0.833393 0.403675 0.774347 0.410818 0.788430 0.410818 0.833393
3 0.410818 0.774347 0.327432 0.774347 0.327432 0.782954 0.403675 0.782954
2 0.398823 0.774347 0.367161 0.774347 0.367161 0.782954 0.398823 0.782954
3 0.403675 0.774347 0.510561 0.774347 0.515643 0.788430 0.410818 0.788430
1 0.418466 0.774347 0.448333 0.774347 0.448333 0.788430 0.418466 0.788430
2 0.452623 0.774347 0.494623 0.774347 0.494623 0.788430 0.452623 0.788430
3 0.515663 0.774347 0.515791 0.833597 0.506607 0.833644 0.506510 0.788430
3 0.515643 0.788430 0.515775 0.695375 0.510689 0.685204 0.510561 0.774347
3 0.604462 0.685204 0.604462 0.917725 0.611095 0.917725 0.611095 0.685204
2 0.604462 0.701047 0.604462 0.747512 0.611095 0.747512 0.611095 0.701047
3 0.705042 0.917725 0.705042 0.685204 0.711674 0.695375 0.711674 0.891125
2 0.705042 0.781874 0.705042 0.739727 0.711674 0.739727 0.711674 0.781874
2 0.705042 0.724448 0.705042 0.698989 0.711674 0.698989 0.711674 0.724448
3 0.821167 0.891125 0.821167 0.685204 0.814534 0.695375 0.814534 0.917725
3 0.876788 0.788430 0.876788 0.917725 0.872707 0.917725 0.872707 0.797036
2 0.876788 0.817941 0.876788 0.851051 0.872707 0.851051 0.872707 0.817941
3 0.705042 0.736238 0.821167 0.736238 0.821167 0.726850 0.705042 0.726850
3 0.814534 0.695375 0.814534 0.726850 0.750760 0.726850 0.750760 0.695375
3 0.705042 0.891125 0.515928 0.891125 0.501643 0.917725 0.705042 0.917725
1 0.662548 0.891125 0.616646 0.891125 0.616646 0.917725 0.662548 0.917725
1 0.583463 0.891125 0.540509 0.891125 0.540509 0.917725 0.583463 0.917725
3 0.510689 0.685204 0.711674 0.685204 0.711674 0.695375 0.515775 0.695375
2 0.519076 0.685204 0.555759 0.685204 0.555759 0.695375 0.519076 0.695375
3 0.809432 0.788430 0.821167 0.788430 0.821167 0.797036 0.814534 0.797036
3 0.821167 0.788430 0.876788 0.788430 0.872707 0.797036 0.821167 0.797036
3 0.949144 0.891125 0.821167 0.891125 0.821167 0.917725 0.964960 0.917725
3 0.821167 0.886681 0.705042 0.886681 0.705042 0.917725 0.821167 0.917725
3 0.705042 0.685204 0.821167 0.685204 0.814534 0.695375 0.711674 0.695375
3 0.814534 0.685204 0.964960 0.685204 0.964960 0.695375 0.814534 0.695375
3 0.711674 0.886681 0.711674 0.788430 0.716776 0.788430 0.716776 0.886681
3 0.814534 0.886681 0.814534 0.797036 0.809432 0.788430 0.809432 0.886681
3 0.764051 0.685204 0.764051 0.049297 0.758949 0.049297 0.758949 0.685204
2 0.764051 0.598853 0.764051 0.523596 0.758949 0.523596 0.758949 0.598853
2 0.764051 0.128732 0.764051 0.076814 0.758949 0.076814 0.758949 0.128732
3 0.758949 0.272986 0.964960 0.272986 0.964960 0.265162 0.758949 0.265162
3 0.758949 0.440594 0.964960 0.440594 0.964960 0.432771 0.758949 0.432771
2 0.879579 0.440594 0.914900 0.440594 0.914900 0.432771 0.879579 0.432771
3 0.515663 0.338886 0.515775 0.601380 0.510668 0.593556 0.510561 0.338886
3 0.515775 0.601380 0.327432 0.601380 0.327432 0.593556 0.510668 0.593556
2 0.477949 0.601380 0.444583 0.601380 0.444583 0.593556 0.477949 0.593556
3 0.338146 0.525247 0.007903 0.525247 0.007903 0.517423 0.338146 0.517423
3 0.158078 0.525247 0.158078 0.315414 0.152976 0.315414 0.152976 0.525247
