0 0.816681 0.693258 0.784597 0.693258 0.784597 0.755816 0.977603 0.755816 0.977603 0.755857 0.733430 0.755857 0.734176 0.849522 0.514918 0.849522 0.514918 0.629240 0.816681 0.629240
0 0.977603 0.755857 0.977603 0.942376 0.629119 0.942376 0.629119 0.849522 0.734176 0.849522 0.733430 0.755857
0 0.977603 0.623443 0.630272 0.623443 0.630272 0.380714 0.977603 0.380714
0 0.608961 0.623443 0.264293 0.623443 0.263606 0.380714 0.608961 0.380714
0 0.505231 0.942376 0.264293 0.942376 0.264293 0.715439 0.505231 0.715439
0 0.505231 0.710221 0.264293 0.710221 0.264293 0.629240 0.505231 0.629240
0 0.607808 0.942376 0.514918 0.942376 0.514918 0.855319 0.607808 0.855319
0 0.859750 0.712186 0.859750 0.750599 0.793316 0.750599 0.793316 0.698476 0.821970 0.698476
0 0.977603 0.750599 0.869224 0.750599 0.869224 0.709496 0.825400 0.693925 0.825400 0.629240 0.977603 0.629240
3 0.263606 0.380714 0.977603 0.380714 0.999884 0.370859 0.243243 0.370859
2 0.529023 0.380714 0.602732 0.380714 0.602732 0.370859 0.529023 0.370859
1 0.401221 0.380714 0.522125 0.380714 0.522125 0.370859 0.401221 0.370859
1 0.745917 0.380714 0.859401 0.380714 0.859401 0.370859 0.745917 0.370859
1 0.713843 0.380714 0.744803 0.380714 0.744803 0.370859 0.713843 0.370859
1 0.374135 0.380714 0.399729 0.380714 0.399729 0.370859 0.374135 0.370859
3 0.977603 0.380714 0.977603 0.942376 0.999884 0.951651 0.999884 0.370859
3 0.977603 0.942376 0.264293 0.942376 0.243960 0.951651 0.999884 0.951651
2 0.604069 0.942376 0.523278 0.942376 0.523278 0.951651 0.604069 0.951651
1 0.439649 0.942376 0.326281 0.942376 0.326281 0.951651 0.439649 0.951651
1 0.475133 0.942376 0.440570 0.942376 0.440570 0.951651 0.475133 0.951651
1 0.801879 0.942376 0.686671 0.942376 0.686671 0.951651 0.801879 0.951651
1 0.833682 0.942376 0.802344 0.942376 0.802344 0.951651 0.833682 0.951651
3 0.264293 0.942376 0.263606 0.380714 0.243243 0.370859 0.243960 0.951651
3 0.243563 0.629240 0.999884 0.629240 0.999884 0.623443 0.243563 0.623443
2 0.525797 0.629240 0.603274 0.629240 0.603274 0.623443 0.525797 0.623443
2 0.636317 0.629240 0.713039 0.629240 0.713039 0.623443 0.636317 0.623443
3 0.514918 0.951651 0.514918 0.623443 0.505231 0.623443 0.505231 0.951651
2 0.514918 0.683021 0.514918 0.646527 0.505231 0.646527 0.505231 0.683021
2 0.514918 0.837690 0.514918 0.793475 0.505231 0.793475 0.505231 0.837690
3 0.243669 0.715439 0.514918 0.715439 0.514918 0.710221 0.243669 0.710221
3 0.999884 0.755816 0.784597 0.755816 0.793316 0.750599 0.999884 0.750599
3 0.630272 0.629240 0.630272 0.370859 0.608961 0.370859 0.608961 0.629240
3 0.505231 0.855319 0.607808 0.855319 0.629119 0.849522 0.505231 0.849522
2 0.527046 0.855319 0.602015 0.855319 0.602015 0.849522 0.527046 0.849522
3 0.629119 0.951651 0.629119 0.849522 0.607808 0.855319 0.607808 0.951651
3 0.784597 0.755816 0.784597 0.693258 0.793316 0.698476 0.793316 0.750599
3 0.784597 0.693258 0.816681 0.693258 0.825400 0.698476 0.793316 0.698476
3 0.825400 0.698476 0.825400 0.623443 0.816681 0.623443 0.816681 0.693258
2 0.825400 0.670226 0.825400 0.635078 0.816681 0.635078 0.816681 0.670226
3 0.859750 0.755816 0.859750 0.712186 0.869224 0.709496 0.869224 0.755816
3 0.859750 0.712186 0.816100 0.696551 0.820575 0.692076 0.869224 0.709496
2 0.858626 0.711786 0.826242 0.700180 0.830718 0.695705 0.863111 0.707311
