0 0.616997 0.369199 0.616997 0.125195 0.606805 0.125457 0.606805 0.109586 0.617347 0.109586 0.616997 0.065865 0.425049 0.065865 0.425049 0.109926 0.435122 0.109586 0.435122 0.125457 0.424796 0.125457 0.425049 0.127691 0.093752 0.127551 0.093752 0.369199 0.314934 0.369199 0.314934 0.381929 0.379220 0.381929 0.379220 0.369199 0.616997 0.369199 0.616997 0.369199
0 0.379220 0.390462 0.379220 0.397119 0.388555 0.397119 0.388555 0.743240 0.100452 0.743240 0.100452 0.609529 0.100757 0.609529 0.100757 0.397119 0.314934 0.397119 0.314934 0.390462
0 0.609738 0.422579 0.633346 0.422579 0.633346 0.397119 0.633532 0.397119 0.633532 0.627041 0.712952 0.627041 0.712952 0.743240 0.388555 0.743240 0.388555 0.448440 0.401211 0.448440 0.401211 0.397119 0.609738 0.397119
0 0.254372 0.907637 0.100452 0.907637 0.100452 0.751451 0.151188 0.751451 0.151188 0.743240 0.254372 0.743240
0 0.966080 0.907637 0.684245 0.907637 0.684245 0.753745 0.722169 0.753745 0.722169 0.627041 0.966080 0.627041
0 0.885000 0.615698 0.645376 0.615698 0.645376 0.397119 0.885000 0.397119
0 0.676800 0.907637 0.476091 0.907637 0.476091 0.753745 0.676800 0.753745
0 0.469941 0.822245 0.464179 0.822245 0.464179 0.900221 0.356647 0.900221 0.356647 0.757200 0.469941 0.757200
0 0.343537 0.881331 0.322521 0.881331 0.322521 0.907637 0.261072 0.907637 0.261072 0.751093 0.343537 0.751093
0 0.966080 0.615698 0.893144 0.615698 0.893144 0.497239 0.966080 0.497239
0 0.966080 0.488313 0.893144 0.488313 0.893144 0.397119 0.966080 0.397119
3 0.087796 0.923342 0.087796 0.369199 0.100452 0.397119 0.100452 0.907637
3 0.087796 0.923342 0.344736 0.923342 0.344736 0.907637 0.100452 0.907637
2 0.153890 0.923342 0.219299 0.923342 0.219299 0.907637 0.153890 0.907637
3 0.344736 0.923342 0.476091 0.923342 0.476091 0.900221 0.344736 0.900221
3 0.476091 0.923342 0.999999 0.923342 0.966080 0.907637 0.476091 0.907637
3 0.999999 0.923342 0.999999 0.369199 0.966080 0.397119 0.966080 0.907637
1 0.999999 0.754365 0.999999 0.643880 0.966080 0.643880 0.966080 0.754365
3 0.999999 0.369199 0.379220 0.369199 0.379220 0.397119 0.966080 0.397119
1 0.607736 0.369199 0.513709 0.369199 0.513709 0.397119 0.607736 0.397119
1 0.786528 0.369199 0.691057 0.369199 0.691057 0.397119 0.786528 0.397119
3 0.379220 0.381929 0.314934 0.381929 0.314934 0.390462 0.379220 0.390462
2 0.377627 0.381929 0.319342 0.381929 0.319342 0.390462 0.377627 0.390462
3 0.314934 0.369199 0.087796 0.369199 0.100452 0.397119 0.314934 0.397119
1 0.307132 0.369199 0.207366 0.369199 0.207366 0.397119 0.307132 0.397119
1 0.212815 0.369199 0.115520 0.369199 0.115520 0.397119 0.212815 0.397119
3 0.063392 0.369199 0.063392 0.609529 0.100757 0.609529 0.100757 0.369199
1 0.063392 0.413880 0.063392 0.463194 0.100757 0.463194 0.100757 0.413880
3 0.999999 0.627041 0.633532 0.627041 0.645376 0.615698 0.999999 0.615698
2 0.947111 0.627041 0.897105 0.627041 0.897105 0.615698 0.947111 0.615698
2 0.709602 0.627041 0.650744 0.627041 0.650744 0.615698 0.709602 0.615698
3 0.633532 0.627041 0.633532 0.369199 0.645376 0.369199 0.645376 0.615698
3 0.893144 0.369199 0.893144 0.627041 0.885000 0.627041 0.885000 0.369199
2 0.893144 0.425563 0.893144 0.483470 0.885000 0.483470 0.885000 0.425563
3 0.999999 0.497239 0.885000 0.497239 0.885000 0.488313 0.999999 0.488313
3 0.343537 0.923342 0.343537 0.743240 0.356647 0.757200 0.356647 0.923342
3 0.343537 0.743240 0.476091 0.743240 0.469941 0.757200 0.356647 0.757200
3 0.476091 0.743240 0.476091 0.822245 0.469941 0.822245 0.469941 0.757200
2 0.476091 0.760673 0.476091 0.818947 0.469941 0.818947 0.469941 0.760673
3 0.476091 0.822245 0.476091 0.923342 0.464179 0.923342 0.464179 0.822245
3 0.356647 0.743240 0.254372 0.743240 0.261072 0.751093 0.356647 0.751093
3 0.254372 0.743240 0.254372 0.923342 0.261072 0.923342 0.261072 0.751093
2 0.254372 0.782538 0.254372 0.842514 0.261072 0.842514 0.261072 0.782538
3 0.356647 0.881331 0.322521 0.881331 0.322521 0.907707 0.356647 0.907707
3 0.469941 0.743240 0.712952 0.743240 0.722169 0.753745 0.469941 0.753745
2 0.573892 0.743240 0.633182 0.743240 0.633182 0.753745 0.573892 0.753745
3 0.722169 0.753745 0.722169 0.615698 0.712952 0.615698 0.712952 0.743240
2 0.722169 0.703891 0.722169 0.635085 0.712952 0.635085 0.712952 0.703891
3 0.676800 0.743240 0.676800 0.923342 0.684245 0.923342 0.684245 0.743240
3 0.401211 0.369199 0.401211 0.448440 0.388555 0.448440 0.388555 0.369199
3 0.401211 0.518405 0.401211 0.630243 0.388555 0.630243 0.388555 0.518405
3 0.151188 0.743240 0.087796 0.743240 0.087796 0.751451 0.151188 0.751451
3 0.633346 0.369199 0.633346 0.422579 0.609738 0.422579 0.609738 0.369199
