0 0.531222 0.622912 0.941385 0.622912 0.941033 0.647791 0.953333 0.647791 0.941033 0.647791 0.940951 0.857174 1.000000 0.857174 0.878425 1.000000 0.768903 1.000000 0.656693 0.872826 0.548680 0.872826 0.548680 0.857329 0.530746 0.857329 0.531222 0.622912 0.531222 0.622912
0 0.941033 0.606774 0.530837 0.606774 0.530837 0.352302 0.550952 0.352302 0.550952 0.210365 0.530837 0.210365 0.530837 0.149976 0.941033 0.149976
0 0.518536 0.210365 0.497642 0.210365 0.497642 0.352302 0.518536 0.352302 0.518536 0.606774 0.243167 0.606774 0.243167 0.149976 0.518536 0.149976
0 0.518536 0.857329 0.243167 0.857329 0.243167 0.622271 0.518536 0.622271
3 0.207078 0.149976 0.974375 0.149976 0.974375 0.134478 0.207078 0.134478
3 0.230867 0.106376 0.230867 0.900133 0.243167 0.900133 0.243167 0.106376
1 0.230867 0.479032 0.230867 0.562233 0.243167 0.562233 0.243167 0.479032
3 0.206127 0.872826 0.548680 0.872826 0.548680 0.857329 0.206127 0.857329
1 0.318699 0.872826 0.437421 0.872826 0.437421 0.857329 0.318699 0.857329
3 0.941033 0.108535 0.941033 0.647791 0.953333 0.647791 0.953333 0.108535
1 0.941033 0.287698 0.941033 0.469103 0.953333 0.469103 0.953333 0.287698
3 0.518536 0.872826 0.518536 0.352302 0.530837 0.352302 0.530837 0.872826
2 0.518536 0.813533 0.518536 0.681813 0.530837 0.681813 0.530837 0.813533
3 0.497642 0.352302 0.497642 0.210365 0.550952 0.210365 0.550952 0.352302
3 0.518536 0.210365 0.518536 0.108111 0.530837 0.108111 0.530837 0.210365
3 0.230867 0.606774 0.972062 0.606774 0.972062 0.622271 0.230867 0.622271
1 0.734610 0.606774 0.874169 0.606774 0.874169 0.622271 0.734610 0.622271
2 0.571591 0.606774 0.673970 0.606774 0.673970 0.622271 0.571591 0.622271
2 0.382963 0.606774 0.466875 0.606774 0.466875 0.622271 0.382963 0.622271
3 0.230867 0.622271 0.204848 0.622271 0.204848 0.606774 0.230867 0.606774
3 0.518536 0.872826 0.518536 0.899648 0.530837 0.899648 0.530837 0.872826
