0 0.015250 0.853950 0.015250 1.000000 0.244221 1.000000 0.244221 0.854217 0.015250 0.853950 0.015250 0.853950
0 0.740218 0.033708 0.898877 0.033708 0.898877 0.831652 0.740218 0.831652 0.740218 0.033708 0.740218 0.033708
0 0.703962 0.804017 0.245771 0.804017 0.245771 0.621488 0.703962 0.621488
0 0.703962 0.621488 0.245771 0.621488 0.245771 0.620169 0.234867 0.620169 0.234867 0.480181 0.219639 0.480181 0.219639 0.042166 0.703962 0.042166
0 0.234867 0.620169 0.231659 0.620169 0.231659 0.718814 0.039638 0.718814 0.039638 0.480181 0.234867 0.480181
0 0.210968 0.468143 0.039638 0.468143 0.039638 0.159952 0.210968 0.159952
0 0.231659 0.804017 0.039638 0.804017 0.039638 0.733418 0.231659 0.733418
3 0.219639 0.159952 0.219639 0.042166 0.195923 0.015318 0.195923 0.131954
3 0.219639 0.042166 0.703962 0.042166 0.740218 0.015318 0.195923 0.015318
3 0.703962 0.042166 0.703962 0.804017 0.740218 0.853950 0.740218 0.015318
1 0.703962 0.122964 0.703962 0.339637 0.740218 0.339637 0.740218 0.122964
2 0.703962 0.360375 0.703962 0.458548 0.740218 0.458548 0.740218 0.360375
1 0.703962 0.504634 0.703962 0.614713 0.740218 0.614713 0.740218 0.504634
3 0.703962 0.804017 0.039638 0.804017 0.015250 0.853950 0.740218 0.853950
2 0.227573 0.804017 0.127541 0.804017 0.127541 0.853950 0.227573 0.853950
3 0.039638 0.804017 0.039638 0.159952 0.015250 0.131954 0.015250 0.853950
3 0.039638 0.159952 0.219639 0.159952 0.195923 0.131954 0.015250 0.131954
3 0.219639 0.159952 0.219639 0.480181 0.210968 0.468143 0.210968 0.159952
3 0.219639 0.480181 0.015250 0.480181 0.015250 0.468143 0.210968 0.468143
2 0.204453 0.480181 0.117005 0.480181 0.117005 0.468143 0.204453 0.468143
3 0.231659 0.620169 0.231659 0.804017 0.245771 0.804017 0.245771 0.620169
3 0.015250 0.733418 0.245771 0.733418 0.245771 0.718814 0.015250 0.718814
2 0.123346 0.733418 0.222186 0.733418 0.222186 0.718814 0.123346 0.718814
3 0.740218 0.033708 0.898877 0.033708 0.898877 0.024029 0.740218 0.024029
