0 0.130970 0.720629 0.116665 0.720629 0.116665 0.643491 0.130970 0.643491
0 0.199434 0.720629 0.135162 0.720629 0.135162 0.643491 0.199434 0.643491
0 0.281638 0.720629 0.204092 0.720629 0.204092 0.643491 0.281638 0.643491
0 0.126931 0.991558 0.028777 0.991558 0.028777 0.830315 0.126931 0.830315
0 0.112007 0.523441 0.112007 0.720629 0.035266 0.720629 0.035266 0.560704 0.061691 0.560704 0.061691 0.523441
0 0.452765 0.720629 0.286297 0.720629 0.286297 0.523441 0.452765 0.523441
0 0.225873 0.738163 0.225873 0.820918 0.028777 0.820573 0.028777 0.738163 0.225873 0.738163 0.225873 0.738163
0 0.294681 0.266409 0.294681 0.109920 0.434082 0.109920 0.434082 0.101477 0.516114 0.101477 0.516114 0.266409 0.294681 0.266409 0.294681 0.266409
0 0.201641 0.476176 0.201432 0.476176 0.201432 0.523441 0.201641 0.523460 0.281638 0.523460 0.281638 0.636997 0.116665 0.636997 0.116665 0.516946 0.035266 0.516946 0.035266 0.395103 0.201641 0.395103
0 0.452765 0.516946 0.206090 0.516946 0.206090 0.476176 0.201641 0.476176 0.201641 0.395103 0.154451 0.395103 0.154418 0.284593 0.452765 0.284593
0 0.281638 0.284593 0.154418 0.284593 0.154451 0.395103 0.154376 0.395103 0.154376 0.189583 0.149718 0.189583 0.149718 0.387310 0.149541 0.387310 0.149541 0.128103 0.281638 0.128103
0 0.149541 0.387310 0.035266 0.387310 0.035266 0.128103 0.149541 0.128103
3 0.463944 0.738163 0.020360 0.738163 0.035266 0.720629 0.452765 0.720629
2 0.183675 0.738163 0.144907 0.738163 0.144907 0.720629 0.183675 0.720629
1 0.111527 0.738163 0.083537 0.738163 0.083537 0.720629 0.111527 0.720629
1 0.262685 0.738163 0.239958 0.738163 0.239958 0.720629 0.262685 0.720629
1 0.373588 0.738163 0.291169 0.738163 0.291169 0.720629 0.373588 0.720629
3 0.035266 0.720629 0.035266 0.128103 0.020360 0.109920 0.020360 0.738163
3 0.035266 0.128103 0.281638 0.128103 0.294681 0.109920 0.020360 0.109920
1 0.190588 0.128103 0.273990 0.128103 0.273990 0.109920 0.190588 0.109920
1 0.070723 0.128103 0.110675 0.128103 0.110675 0.109920 0.070723 0.109920
3 0.281638 0.128103 0.281638 0.284593 0.294681 0.266409 0.294681 0.109920
1 0.281638 0.153041 0.281638 0.238627 0.294681 0.238627 0.294681 0.153041
3 0.294681 0.266409 0.463944 0.266409 0.452765 0.284593 0.281638 0.284593
2 0.316639 0.266409 0.355002 0.266409 0.355002 0.284593 0.316639 0.284593
1 0.354676 0.266409 0.427505 0.266409 0.427505 0.284593 0.354676 0.284593
3 0.463944 0.266409 0.463944 0.738163 0.452765 0.720629 0.452765 0.284593
1 0.463944 0.288658 0.463944 0.377498 0.452765 0.377498 0.452765 0.288658
3 0.020360 0.395103 0.154376 0.395103 0.149718 0.387310 0.020360 0.387310
3 0.149718 0.387310 0.149718 0.189583 0.154376 0.189583 0.154376 0.395103
2 0.149718 0.348268 0.149718 0.284632 0.154376 0.284632 0.154376 0.348268
3 0.463944 0.523441 0.201432 0.523441 0.206090 0.516946 0.463944 0.516946
3 0.206090 0.516946 0.206090 0.476176 0.201432 0.476176 0.201432 0.523441
3 0.281638 0.523441 0.281638 0.738163 0.286297 0.738163 0.286297 0.523441
2 0.281638 0.564763 0.281638 0.616670 0.286297 0.616670 0.286297 0.564763
3 0.116665 0.738163 0.116665 0.516946 0.112007 0.523441 0.112007 0.738163
2 0.116665 0.627133 0.116665 0.573796 0.112007 0.573796 0.112007 0.627133
3 0.112007 0.523441 0.061691 0.523441 0.035266 0.516946 0.116665 0.516946
3 0.035266 0.516946 0.035266 0.560704 0.061691 0.560704 0.061691 0.523441
3 0.116665 0.636997 0.281638 0.636997 0.281638 0.643491 0.116665 0.643491
2 0.232529 0.636997 0.260580 0.636997 0.260580 0.643491 0.232529 0.643491
2 0.145345 0.636997 0.183354 0.636997 0.183354 0.643491 0.145345 0.643491
3 0.204092 0.643491 0.204092 0.738163 0.199434 0.738163 0.199434 0.643491
3 0.024119 1.000000 0.024119 0.820573 0.028777 0.820573 0.028777 0.991558
3 0.024119 0.820573 0.132987 0.820573 0.126931 0.830315 0.028777 0.830315
3 0.126931 0.830315 0.126931 0.991558 0.132987 1.000000 0.132987 0.820573
2 0.126931 0.905290 0.126931 0.962737 0.132987 0.962737 0.132987 0.905290
3 0.132987 1.000000 0.024119 1.000000 0.028777 0.991558 0.126931 0.991558
3 0.135162 0.643491 0.135162 0.738163 0.130970 0.738163 0.130970 0.643491
2 0.135162 0.647420 0.135162 0.716933 0.130970 0.716933 0.130970 0.647420
3 0.289254 0.109920 0.434082 0.109920 0.434082 0.101166 0.289254 0.101166
1 0.289254 0.109920 0.433844 0.109920 0.433844 0.101166 0.289254 0.101166
3 0.024119 0.820573 0.024119 0.738163 0.029243 0.738163 0.029243 0.820573
0 0.654132 0.602624 0.596256 0.602624 0.597295 0.527285 0.654132 0.527285
0 0.651803 0.717557 0.577167 0.717557 0.577167 0.610417 0.651803 0.610417
0 0.741456 0.723538 0.657393 0.723538 0.657393 0.527285 0.741456 0.527285
0 0.965223 0.271962 0.829768 0.271962 0.829768 0.114855 0.965223 0.114855
0 0.818588 0.392590 0.701765 0.392590 0.701765 0.130441 0.818588 0.130441
0 0.697107 0.392590 0.572342 0.392590 0.572342 0.130441 0.697107 0.130441
0 0.988821 0.723538 0.746114 0.723538 0.746114 0.527285 0.988821 0.527285
0 0.988821 0.519492 0.823246 0.519492 0.823246 0.287548 0.988821 0.287548
0 0.818588 0.519492 0.572342 0.519492 0.572342 0.399084 0.818588 0.399084
3 1.000000 0.743020 0.651803 0.743020 0.657393 0.723538 0.988821 0.723538
1 0.873576 0.743020 0.775702 0.743020 0.775702 0.723538 0.873576 0.723538
1 0.694689 0.743020 0.659735 0.743020 0.659735 0.723538 0.694689 0.723538
3 0.657393 0.743020 0.558367 0.743020 0.577167 0.717557 0.657393 0.717557
1 0.628485 0.743020 0.598464 0.743020 0.598464 0.717557 0.628485 0.717557
3 0.558367 0.743020 0.558367 0.602624 0.577167 0.610417 0.577167 0.717557
3 0.558367 0.602624 0.558367 0.114855 0.572342 0.130441 0.572342 0.602624
3 0.572342 0.130441 0.818588 0.130441 0.829768 0.114855 0.558367 0.114855
1 0.606196 0.130441 0.689151 0.130441 0.689151 0.114855 0.606196 0.114855
1 0.727216 0.130441 0.809095 0.130441 0.809095 0.114855 0.727216 0.114855
3 0.818588 0.130441 0.818588 0.287548 0.829768 0.271962 0.829768 0.114855
3 0.829768 0.271962 1.000000 0.271962 0.988821 0.287548 0.818588 0.287548
2 0.854343 0.271962 0.890969 0.271962 0.890969 0.287548 0.854343 0.287548
1 0.891333 0.271962 0.962433 0.271962 0.962433 0.287548 0.891333 0.287548
3 1.000000 0.271962 1.000000 0.743020 0.988821 0.723538 0.988821 0.287548
1 1.000000 0.292866 1.000000 0.380485 0.988821 0.380485 0.988821 0.292866
3 0.558367 0.602624 0.654132 0.602624 0.657393 0.610417 0.577167 0.610417
3 0.657393 0.602624 0.657393 0.723538 0.651803 0.743020 0.651803 0.602624
2 0.657393 0.612241 0.657393 0.663539 0.651803 0.663539 0.651803 0.612241
3 0.571210 0.607942 0.572332 0.519492 0.597295 0.527285 0.596256 0.608566
3 0.572332 0.519492 1.000000 0.519492 1.000000 0.527285 0.597295 0.527285
2 0.683002 0.519492 0.719028 0.519492 0.719028 0.527285 0.683002 0.527285
2 0.777416 0.519492 0.814997 0.519492 0.814997 0.527285 0.777416 0.527285
3 0.657393 0.610417 0.657393 0.527285 0.654132 0.527285 0.654132 0.602624
2 0.657393 0.599708 0.657393 0.562035 0.654132 0.562035 0.654132 0.599708
3 0.741456 0.527285 0.741456 0.743020 0.746114 0.743020 0.746114 0.527285
3 0.818588 0.287548 0.818588 0.519492 0.823246 0.519492 0.823246 0.287548
2 0.818588 0.408735 0.818588 0.511693 0.823246 0.511693 0.823246 0.408735
3 0.818588 0.399084 0.558367 0.399084 0.558367 0.392590 0.818588 0.392590
2 0.815505 0.399084 0.777933 0.399084 0.777933 0.392590 0.815505 0.392590
2 0.694396 0.399084 0.656596 0.399084 0.656596 0.392590 0.694396 0.392590
3 0.697107 0.392590 0.697107 0.114855 0.701765 0.114855 0.701765 0.392590
