0 0.141104 0.297407 0.141104 0.135006 0.697123 0.135006 0.696963 0.297407 0.141104 0.297407
0 0.359989 0.888653 0.656959 0.888653 0.656959 0.989060 0.359822 0.989060 0.359989 0.888653
0 0.658987 0.584272 0.510019 0.584272 0.510019 0.554294 0.304131 0.554294 0.304131 0.317517 0.658987 0.317517
0 0.658987 0.870554 0.510019 0.870554 0.510019 0.584272 0.658987 0.584272
0 0.498156 0.651554 0.498044 0.651439 0.382925 0.651439 0.382925 0.561332 0.498044 0.561332
0 0.498044 0.725080 0.432030 0.725080 0.383197 0.694790 0.382925 0.658477 0.498044 0.658477 0.498044 0.651554 0.498156 0.651554
0 0.971260 0.584272 0.658987 0.584272 0.658987 0.317517 0.971260 0.317517
0 0.971260 0.317517 0.728896 0.317517 0.728896 0.148168 0.971260 0.148168
0 0.292954 0.500183 0.144657 0.500183 0.144657 0.317517 0.292954 0.317517
0 0.427480 0.732119 0.498044 0.732119 0.498044 0.870554 0.144657 0.870554 0.144657 0.697600 0.371334 0.697600
0 0.971260 0.870554 0.670163 0.870554 0.670163 0.732848 0.971260 0.732848
0 0.292954 0.561332 0.371749 0.561332 0.371749 0.690562 0.227140 0.690562 0.227140 0.646497 0.282879 0.611923 0.371749 0.611923 0.371749 0.604885 0.278305 0.604885 0.215963 0.643551 0.215963 0.690562 0.144657 0.690562 0.144657 0.507222 0.292954 0.507222
0 0.971260 0.725809 0.670163 0.725809 0.670163 0.591311 0.971260 0.591311
0 0.340830 0.988437 0.144657 0.988437 0.144657 0.888653 0.340830 0.888653
3 0.144657 0.988437 0.144657 0.317517 0.123900 0.297407 0.123900 1.000000
3 0.123900 0.297407 0.696963 0.297407 0.728896 0.317517 0.144657 0.317517
2 0.213608 0.297407 0.276293 0.297407 0.276293 0.317517 0.213608 0.317517
1 0.362592 0.297407 0.506690 0.297407 0.506690 0.317517 0.362592 0.317517
1 0.520533 0.297407 0.660967 0.297407 0.660967 0.317517 0.520533 0.317517
3 0.696963 0.297407 0.696963 0.129567 0.728896 0.148168 0.728896 0.317517
2 0.696963 0.294019 0.696963 0.253397 0.728896 0.253397 0.728896 0.294019
1 0.696963 0.243770 0.696963 0.152552 0.728896 0.152552 0.728896 0.243770
3 0.728896 0.148168 0.971260 0.148168 1.000000 0.129567 0.696963 0.129567
1 0.748072 0.148168 0.950480 0.148168 0.950480 0.129567 0.748072 0.129567
3 0.971260 0.148168 0.971260 0.870554 1.000000 0.888653 1.000000 0.129567
1 0.971260 0.630881 0.971260 0.713090 1.000000 0.713090 1.000000 0.630881
1 0.971260 0.152899 0.971260 0.246394 1.000000 0.246394 1.000000 0.152899
1 0.971260 0.393989 0.971260 0.440634 1.000000 0.440634 1.000000 0.393989
3 0.971260 0.870554 0.340830 0.870554 0.359989 0.888653 1.000000 0.888653
1 0.869035 0.870554 0.740440 0.870554 0.740440 0.888653 0.869035 0.888653
2 0.586515 0.870554 0.518322 0.870554 0.518322 0.888653 0.586515 0.888653
1 0.496240 0.870554 0.368292 0.870554 0.368292 0.888653 0.496240 0.888653
3 0.359989 0.888653 0.359989 1.000000 0.340830 0.988437 0.340830 0.870554
2 0.359989 0.940842 0.359989 0.981665 0.340830 0.981665 0.340830 0.940842
3 0.340830 0.988437 0.144657 0.988437 0.123900 1.000000 0.359989 1.000000
3 0.340830 0.870554 0.144657 0.870554 0.144657 0.888653 0.340830 0.888653
3 0.510019 0.870554 0.510019 0.554294 0.498044 0.561332 0.498044 0.870554
2 0.510019 0.774123 0.510019 0.734849 0.498044 0.734849 0.498044 0.774123
2 0.510019 0.626759 0.510019 0.585509 0.498044 0.585509 0.498044 0.626759
3 0.510019 0.554294 0.304131 0.554294 0.292954 0.561332 0.498044 0.561332
3 0.304131 0.554294 0.304131 0.317517 0.292954 0.317517 0.292954 0.561332
2 0.304131 0.550126 0.304131 0.510867 0.292954 0.510867 0.292954 0.550126
3 0.141104 0.297407 0.141104 0.135006 0.129928 0.135006 0.129928 0.297407
3 0.144657 0.697600 0.382925 0.697600 0.371749 0.690562 0.144657 0.690562
3 0.382925 0.697600 0.382925 0.561332 0.371749 0.561332 0.371749 0.690562
3 0.371749 0.604885 0.278305 0.604885 0.282879 0.611923 0.371749 0.611923
3 0.278305 0.604885 0.215963 0.643551 0.227140 0.646497 0.282879 0.611923
2 0.271455 0.609133 0.225958 0.637352 0.233806 0.642364 0.279295 0.614145
3 0.215963 0.643551 0.215963 0.690562 0.227140 0.690562 0.227140 0.646497
3 0.382925 0.651439 0.498044 0.651439 0.498044 0.658477 0.382925 0.658477
3 0.371334 0.697600 0.427480 0.732119 0.432030 0.725080 0.379141 0.692563
2 0.378702 0.702130 0.419369 0.727131 0.427177 0.722099 0.386510 0.697093
3 0.427480 0.732119 0.498044 0.732119 0.498044 0.725080 0.432030 0.725080
3 0.670163 0.870554 0.670163 0.591311 0.658987 0.584272 0.658987 0.870554
2 0.670163 0.779130 0.670163 0.738891 0.658987 0.738891 0.658987 0.779130
2 0.670163 0.723296 0.670163 0.683634 0.658987 0.683634 0.658987 0.723296
3 0.658987 0.584272 0.971260 0.584272 0.971260 0.591311 0.670163 0.591311
3 0.670163 0.725809 0.971260 0.725809 0.971260 0.732848 0.670163 0.732848
3 0.292954 0.507222 0.144657 0.507222 0.144657 0.500183 0.292954 0.500183
2 0.286488 0.507222 0.220809 0.507222 0.220809 0.500183 0.286488 0.500183
