0 0.595782 0.050980 0.978889 0.050980 0.978889 0.233694 0.595782 0.233694 0.595782 0.050980 0.595782 0.050980
0 0.545345 0.912023 0.417163 0.912023 0.417163 0.778376 0.545345 0.778376
0 0.849239 0.854396 0.849622 0.854428 0.849622 0.912023 0.558780 0.912023 0.558780 0.778376 0.797286 0.778376
0 0.403729 0.629367 0.127127 0.629367 0.127127 0.272604 0.403297 0.272604
0 0.805289 0.622753 0.805011 0.622753 0.805011 0.634101 0.805289 0.634101 0.804944 0.767027 0.417163 0.767027 0.417163 0.272604 0.805289 0.272604
0 0.981768 0.622753 0.805289 0.622753 0.805289 0.272604 0.981768 0.272604
0 0.981768 0.912023 0.863057 0.912023 0.863057 0.851364 0.805011 0.767027 0.804944 0.767027 0.805289 0.634174 0.981768 0.634174
0 0.403729 0.640716 0.403729 0.912023 0.127127 0.912023 0.127127 0.640716
3 0.094501 0.233694 0.094501 0.927425 0.127127 0.912023 0.127127 0.272604
1 0.094501 0.430092 0.094501 0.562791 0.127127 0.562791 0.127127 0.430092
1 0.094501 0.689297 0.094501 0.819936 0.127127 0.819936 0.127127 0.689297
3 0.094501 0.927425 1.000000 0.927425 0.981768 0.912023 0.127127 0.912023
2 0.890578 0.927425 0.976490 0.927425 0.976490 0.912023 0.890578 0.912023
3 1.000000 0.927425 1.000000 0.233694 0.981768 0.272604 0.981768 0.912023
3 1.000000 0.233694 0.094501 0.233694 0.127127 0.272604 0.981768 0.272604
2 0.701068 0.233694 0.612958 0.233694 0.612958 0.272604 0.701068 0.272604
1 0.320350 0.233694 0.168706 0.233694 0.168706 0.272604 0.320350 0.272604
1 0.560104 0.233694 0.435156 0.233694 0.435156 0.272604 0.560104 0.272604
1 0.905576 0.233694 0.744317 0.233694 0.744317 0.272604 0.905576 0.272604
3 1.000000 0.233694 1.000000 0.038010 0.978889 0.038010 0.978889 0.233694
3 0.403729 0.272604 0.403729 0.912023 0.417163 0.912023 0.417163 0.272604
2 0.403729 0.696576 0.403729 0.762212 0.417163 0.762212 0.417163 0.696576
2 0.403729 0.514267 0.403729 0.577325 0.417163 0.577325 0.417163 0.514267
3 0.127127 0.640716 0.403729 0.640716 0.403729 0.629367 0.127127 0.629367
3 0.417163 0.778376 0.797286 0.778376 0.805011 0.767027 0.417163 0.767027
3 0.797286 0.778376 0.849622 0.854428 0.863057 0.851364 0.805011 0.767027
2 0.803735 0.787747 0.841878 0.843169 0.853490 0.837462 0.815346 0.782040
3 0.849622 0.854428 0.849622 0.912023 0.863057 0.912023 0.863057 0.851364
3 0.981768 0.634101 0.805011 0.634101 0.805011 0.622753 0.981768 0.622753
3 0.545345 0.778376 0.545345 0.912023 0.558780 0.912023 0.558780 0.778376
2 0.545345 0.783969 0.545345 0.844263 0.558780 0.844263 0.558780 0.783969
