0 0.196354 0.593099 0.198000 0.390929 0.944920 0.390929 0.944920 0.510961 0.410284 0.510961 0.410284 0.593072 0.196354 0.593099 0.196354 0.593099
0 0.708254 0.848573 0.594672 0.848573 0.594672 0.785585 0.632054 0.785585 0.632054 0.780997 0.708254 0.780997
0 0.715766 0.640076 0.715258 0.640076 0.715258 0.616851 0.708254 0.616851 0.708254 0.780997 0.427796 0.780997 0.427796 0.522812 0.715766 0.522812
0 0.940250 0.640076 0.715766 0.640076 0.715766 0.522812 0.940250 0.522812
0 0.725526 1.000000 0.764157 1.000000 0.764157 0.860176 0.621588 0.860042 0.621588 0.962855 0.725526 0.962855 0.725526 1.000000 0.725526 1.000000
0 0.420791 0.741509 0.205694 0.741509 0.205694 0.604541 0.420791 0.604541
0 0.611985 0.993283 0.429728 0.993283 0.429728 0.860042 0.611985 0.860042
0 0.830498 0.709992 0.940250 0.709992 0.940250 0.745133 0.715258 0.745133 0.715258 0.644664 0.830498 0.644664
0 0.940250 0.848573 0.715258 0.848573 0.715258 0.749721 0.940250 0.749721
0 0.420791 0.848573 0.205694 0.848573 0.205694 0.746097 0.420791 0.746097
0 0.940250 0.705404 0.837502 0.705404 0.837502 0.644664 0.940250 0.644664
0 0.587667 0.848573 0.503406 0.848573 0.503406 0.785585 0.587667 0.785585
0 0.496401 0.848573 0.427796 0.848573 0.427796 0.785585 0.496401 0.785585
3 0.410284 0.510961 0.953092 0.510961 0.940250 0.522812 0.427796 0.522812
1 0.470321 0.510961 0.524473 0.510961 0.524473 0.522812 0.470321 0.522812
1 0.533591 0.510961 0.645894 0.510961 0.645894 0.522812 0.533591 0.522812
2 0.657866 0.510961 0.705749 0.510961 0.705749 0.522812 0.657866 0.522812
1 0.751350 0.510961 0.865930 0.510961 0.865930 0.522812 0.751350 0.522812
3 0.953092 0.510961 0.953092 0.860042 0.940250 0.848573 0.940250 0.522812
3 0.188182 0.860042 0.188182 0.593072 0.205694 0.604541 0.205694 0.848573
3 0.188182 0.593072 0.410284 0.593072 0.427796 0.604541 0.205694 0.604541
1 0.240017 0.593072 0.348900 0.593072 0.348900 0.604541 0.240017 0.604541
1 0.356879 0.593072 0.409893 0.593072 0.409893 0.604541 0.356879 0.604541
3 0.410284 0.593072 0.410284 0.510961 0.427796 0.522812 0.427796 0.604541
3 0.427796 0.604541 0.427796 0.860042 0.420791 0.860042 0.420791 0.604541
2 0.427796 0.708034 0.427796 0.739670 0.420791 0.739670 0.420791 0.708034
2 0.427796 0.748077 0.427796 0.779434 0.420791 0.779434 0.420791 0.748077
3 0.427796 0.741509 0.188182 0.741509 0.188182 0.746097 0.427796 0.746097
3 0.420791 0.780997 0.632054 0.780997 0.632054 0.785585 0.420791 0.785585
2 0.450766 0.780997 0.492543 0.780997 0.492543 0.785585 0.450766 0.785585
2 0.537268 0.780997 0.582922 0.780997 0.582922 0.785585 0.537268 0.785585
3 0.594672 0.780997 0.594672 0.860042 0.587667 0.860042 0.587667 0.780997
3 0.503406 0.780997 0.503406 0.860042 0.496401 0.860042 0.496401 0.780997
3 0.715258 0.860042 0.715258 0.616851 0.708254 0.616851 0.708254 0.860042
2 0.715258 0.710026 0.715258 0.679530 0.708254 0.679530 0.708254 0.710026
2 0.715258 0.782351 0.715258 0.751185 0.708254 0.751185 0.708254 0.782351
3 0.708254 0.640076 0.953092 0.640076 0.953092 0.644664 0.708254 0.644664
3 0.837502 0.640076 0.837502 0.705404 0.830498 0.709992 0.830498 0.640076
3 0.830498 0.709992 0.953092 0.709992 0.953092 0.705404 0.837502 0.705404
2 0.843783 0.709992 0.880307 0.709992 0.880307 0.705404 0.843783 0.705404
3 0.708254 0.745133 0.953092 0.745133 0.953092 0.749721 0.708254 0.749721
3 0.422723 0.860042 0.188182 0.860042 0.205694 0.848573 0.429728 0.848573
1 0.333261 0.860042 0.262105 0.860042 0.262105 0.848573 0.333261 0.848573
1 0.378302 0.860042 0.356762 0.860042 0.356762 0.848573 0.378302 0.848573
3 0.429728 0.848573 0.429728 0.993283 0.422723 1.000000 0.422723 0.860042
3 0.422723 1.000000 0.621588 1.000000 0.611985 0.993283 0.429728 0.993283
1 0.540572 1.000000 0.611396 1.000000 0.611396 0.993283 0.540572 0.993283
3 0.953092 0.860042 0.621588 0.860042 0.611985 0.848573 0.940250 0.848573
1 0.903802 0.860042 0.824812 0.860042 0.824812 0.848573 0.903802 0.848573
2 0.687730 0.860042 0.634196 0.860042 0.634196 0.848573 0.687730 0.848573
3 0.621588 0.860042 0.429728 0.860042 0.429728 0.848573 0.621588 0.848573
3 0.621588 1.000000 0.621588 0.860042 0.611985 0.848573 0.611985 0.993283
2 0.621588 0.921104 0.621588 0.889973 0.611985 0.889973 0.611985 0.921104
3 0.953092 0.510961 0.953092 0.385576 0.944920 0.390929 0.944920 0.510961
2 0.953092 0.510601 0.953092 0.391051 0.944920 0.391051 0.944920 0.510601
3 0.953092 0.385576 0.189869 0.385576 0.198000 0.390929 0.944920 0.390929
2 0.952625 0.385576 0.198356 0.385576 0.198356 0.390929 0.952625 0.390929
3 0.189869 0.385576 0.188182 0.593072 0.196354 0.593099 0.198000 0.390929
2 0.189869 0.385309 0.188188 0.592678 0.196360 0.592705 0.198041 0.385339
