0 0.085899 0.172547 0.085899 0.057062 0.964894 0.057062 0.964894 0.999972 0.395346 0.999972 0.395346 0.884712 0.761074 0.884712 0.761074 0.285824 0.395476 0.285824 0.395476 0.172547 0.085899 0.172547 0.085899 0.172547
0 0.738028 0.863109 0.384324 0.863109 0.384324 0.483215 0.384455 0.307437 0.738028 0.307428
0 0.372431 0.307428 0.372301 0.483215 0.108944 0.483215 0.108944 0.194150 0.372431 0.194150
0 0.372301 0.978368 0.108944 0.978368 0.108944 0.721493 0.372301 0.721493
0 0.372301 0.711161 0.108944 0.711161 0.108944 0.493547 0.372301 0.493547
3 0.108944 0.194150 0.372431 0.194150 0.395476 0.172547 0.085899 0.172547
1 0.311351 0.194150 0.371679 0.194150 0.371679 0.172547 0.311351 0.172547
3 0.395476 0.172547 0.395476 0.285824 0.372431 0.307428 0.372431 0.194150
1 0.395476 0.194836 0.395476 0.281654 0.372431 0.281654 0.372431 0.194836
3 0.372431 0.307428 0.738028 0.307428 0.761074 0.285824 0.395476 0.285824
2 0.406528 0.307428 0.485753 0.307428 0.485753 0.285824 0.406528 0.285824
1 0.586381 0.307428 0.736305 0.307428 0.736305 0.285824 0.586381 0.285824
3 0.761074 0.285824 0.761074 0.884712 0.738028 0.863109 0.738028 0.307428
1 0.761074 0.308377 0.761074 0.383200 0.738028 0.383200 0.738028 0.308377
1 0.761074 0.401018 0.761074 0.564134 0.738028 0.564134 0.738028 0.401018
1 0.761074 0.581943 0.761074 0.745059 0.738028 0.745059 0.738028 0.581943
3 0.761074 0.884712 0.395346 0.884712 0.372301 0.863109 0.738028 0.863109
2 0.539910 0.884712 0.459572 0.884712 0.459572 0.863109 0.539910 0.863109
3 0.395346 0.884712 0.395346 0.999972 0.372301 0.978368 0.372301 0.863109
2 0.395346 0.893739 0.395346 0.969558 0.372301 0.969558 0.372301 0.893739
3 0.395346 0.999972 0.085899 0.999972 0.108944 0.978368 0.372301 0.978368
1 0.231063 0.999972 0.110026 0.999972 0.110026 0.978368 0.231063 0.978368
3 0.108944 0.978368 0.108944 0.194150 0.085899 0.172547 0.085899 0.999972
1 0.108944 0.976678 0.108944 0.864743 0.085899 0.864743 0.085899 0.976678
1 0.108944 0.577895 0.108944 0.494655 0.085899 0.494655 0.085899 0.577895
3 0.372431 0.307428 0.372301 0.863109 0.384324 0.863118 0.384455 0.307437
2 0.372381 0.503250 0.372371 0.578026 0.384394 0.578026 0.384404 0.503250
2 0.372411 0.398341 0.372391 0.472084 0.384414 0.472084 0.384434 0.398351
3 0.085899 0.721493 0.384354 0.721493 0.384354 0.711161 0.085899 0.711161
3 0.085899 0.493547 0.384414 0.493547 0.384414 0.483215 0.085899 0.483215
