0 0.456437 0.539179 0.470256 0.538956 0.470256 0.734696 0.048053 0.734696 0.050368 0.418991 0.456437 0.418991
0 0.949076 0.726232 0.514305 0.726026 0.514305 0.734696 0.470256 0.734696 0.470256 0.538956 0.949076 0.538956
0 0.514305 0.897804 0.048053 0.897804 0.048053 0.734696 0.514305 0.734696
0 0.949076 0.538956 0.456437 0.539179 0.456437 0.418991 0.050368 0.418991 0.052891 0.244059 0.949076 0.244059
0 0.949076 0.219533 0.057150 0.219533 0.057150 0.020092 0.949076 0.020092
3 0.052521 0.255285 0.052521 0.879392 0.006227 0.915680 0.006227 0.219533
3 0.006227 0.915680 0.189389 0.915680 0.189389 0.879392 0.052521 0.879392
3 0.189389 0.915680 0.560599 0.915680 0.514305 0.897804 0.189389 0.897804
2 0.257488 0.915680 0.475858 0.915680 0.475858 0.897804 0.257488 0.897804
3 0.560599 0.915680 0.560599 0.751946 0.514305 0.726026 0.514305 0.897804
3 0.560599 0.751946 1.000000 0.751946 0.932874 0.726026 0.514305 0.726026
3 1.000000 0.751946 1.000000 0.579364 0.932874 0.579364 0.932874 0.726026
3 1.000000 0.579364 1.000000 0.539179 0.789709 0.549905 0.789709 0.579364
3 1.000000 0.539179 1.000000 0.219533 0.944447 0.255285 0.944447 0.539179
3 0.944447 0.255285 0.815981 0.255285 0.815981 0.219533 1.000000 0.219533
3 0.815981 0.244059 0.209088 0.244059 0.209088 0.219533 0.815981 0.219533
1 0.549651 0.244059 0.212884 0.244059 0.212884 0.219533 0.549651 0.219533
2 0.802833 0.244059 0.589625 0.244059 0.589625 0.219533 0.802833 0.219533
3 0.209088 0.255285 0.052521 0.255285 0.006227 0.219533 0.209088 0.219533
3 0.006227 0.219533 0.006227 0.008473 0.057150 0.020092 0.057150 0.219533
3 1.000000 0.219533 1.000000 0.008473 0.949076 0.020092 0.949076 0.219533
3 0.006227 0.008473 1.000000 0.008473 0.949076 0.020092 0.057150 0.020092
2 0.083260 0.008473 0.308574 0.008473 0.308574 0.020092 0.083260 0.020092
1 0.318272 0.008473 0.946970 0.008473 0.946970 0.020092 0.318272 0.020092
3 1.000000 0.539179 0.456437 0.539179 0.477270 0.549905 0.789709 0.549905
3 0.456437 0.539179 0.456437 0.734070 0.477270 0.726026 0.477270 0.549905
2 0.456437 0.613310 0.456437 0.687692 0.477270 0.687692 0.477270 0.613310
3 0.477270 0.726026 0.514305 0.726026 0.514305 0.734070 0.456437 0.734070
3 0.052521 0.789351 0.200616 0.789351 0.200616 0.738816 0.052521 0.738816
