0 0.144355 0.059119 0.427643 0.058614 0.427643 0.193018 0.139767 0.193018 0.139767 0.058614 0.144355 0.059119
0 0.344206 0.391114 0.339434 0.391114 0.339434 0.391647 0.140009 0.391647 0.139817 0.218959 0.344206 0.218959
0 0.339434 0.581156 0.140843 0.581156 0.140009 0.391647 0.339434 0.391647
0 0.656635 0.550750 0.466695 0.550750 0.466695 0.585736 0.347777 0.585736 0.347777 0.391114 0.344206 0.391114 0.344206 0.218959 0.656635 0.218959
0 0.466695 0.923275 0.326036 0.923275 0.326036 0.689795 0.294600 0.689795 0.294600 0.587982 0.347777 0.587982 0.347777 0.585736 0.466695 0.585736
0 0.968297 0.429378 0.664978 0.429378 0.664978 0.218959 0.968297 0.218959
0 0.317693 0.823967 0.215094 0.823967 0.215094 0.757482 0.140843 0.757482 0.140843 0.698773 0.317693 0.698773
0 0.656635 0.612415 0.641134 0.612415 0.641134 0.633707 0.475038 0.633707 0.475038 0.557576 0.656635 0.557576
0 0.285273 0.689795 0.146875 0.689795 0.146875 0.587982 0.285273 0.587982
0 0.317693 0.923275 0.215094 0.923275 0.215094 0.829981 0.317693 0.829981
3 0.139817 0.218959 0.968297 0.218959 0.999999 0.193018 0.123915 0.193018
1 0.768629 0.218959 0.883968 0.218959 0.883968 0.193018 0.768629 0.193018
1 0.510637 0.218959 0.616365 0.218959 0.616365 0.193018 0.510637 0.193018
2 0.316942 0.218959 0.388223 0.218959 0.388223 0.193018 0.316942 0.193018
1 0.172245 0.218959 0.311086 0.218959 0.311086 0.193018 0.172245 0.193018
3 0.968297 0.218959 0.968297 0.429378 0.999999 0.442349 0.999999 0.193018
1 0.968297 0.225547 0.968297 0.252867 0.999999 0.252867 0.999999 0.225547
3 0.968297 0.429378 0.656635 0.429378 0.672487 0.442349 0.999999 0.442349
3 0.656635 0.429378 0.656635 0.633707 0.672487 0.646678 0.672487 0.442349
3 0.656635 0.633707 0.466695 0.633707 0.482546 0.646678 0.672487 0.646678
3 0.466695 0.633707 0.466695 0.923275 0.482546 0.936246 0.482546 0.646678
3 0.466695 0.923275 0.215094 0.923275 0.199242 0.936246 0.482546 0.936246
2 0.410990 0.923275 0.333077 0.923275 0.333077 0.936246 0.410990 0.936246
3 0.215094 0.923275 0.215094 0.781847 0.199242 0.794817 0.199242 0.936246
3 0.215094 0.781847 0.140843 0.781847 0.125017 0.794817 0.199242 0.794817
3 0.140843 0.781847 0.139817 0.218959 0.123915 0.193018 0.125017 0.794817
3 0.123915 0.193018 0.123915 0.048135 0.139767 0.048135 0.139767 0.193018
3 0.347777 0.391114 0.347777 0.587982 0.339434 0.581156 0.339434 0.391114
2 0.347777 0.484360 0.347777 0.532208 0.339434 0.532208 0.339434 0.484360
3 0.347777 0.587982 0.146875 0.587982 0.138532 0.581156 0.339434 0.581156
3 0.146875 0.587982 0.146875 0.689795 0.138532 0.698773 0.138532 0.581156
3 0.138532 0.698773 0.317693 0.698773 0.326036 0.689795 0.146875 0.689795
2 0.227566 0.698773 0.279917 0.698773 0.279917 0.689795 0.227566 0.689795
3 0.326036 0.689795 0.326036 0.923275 0.317693 0.923275 0.317693 0.698773
2 0.326036 0.713129 0.326036 0.768910 0.317693 0.768910 0.317693 0.713129
2 0.326036 0.861555 0.326036 0.917670 0.317693 0.917670 0.317693 0.861555
3 0.294600 0.587982 0.294600 0.689795 0.285273 0.689795 0.285273 0.587982
3 0.317693 0.829981 0.215094 0.829981 0.215094 0.823967 0.317693 0.823967
3 0.466695 0.633707 0.466695 0.550750 0.475038 0.557576 0.475038 0.633707
2 0.466695 0.600933 0.466695 0.559174 0.475038 0.559174 0.475038 0.600933
3 0.466695 0.550750 0.656635 0.550750 0.656635 0.557576 0.475038 0.557576
3 0.656635 0.429378 0.656635 0.218959 0.664978 0.218959 0.664978 0.429378
2 0.656635 0.424333 0.656635 0.368040 0.664978 0.368040 0.664978 0.424333
3 0.215094 0.781847 0.215094 0.757482 0.139566 0.757482 0.139566 0.781847
3 0.656635 0.612415 0.641134 0.612415 0.641134 0.634909 0.656635 0.634909
