0 0.317720 0.758502 0.317720 1.000000 0.490182 1.000000 0.490182 0.758471 0.317720 0.758502 0.317720 0.758502
0 0.308359 0.579848 0.175253 0.579848 0.175253 0.466275 0.308359 0.466275
0 0.476520 0.491825 0.592941 0.491825 0.592941 0.491980 0.656624 0.564872 0.691883 0.564872 0.691883 0.744263 0.308359 0.744263 0.308359 0.466275 0.476850 0.466275 0.476850 0.344523 0.478172 0.344523
0 0.678965 0.396224 0.592941 0.491825 0.476520 0.491825 0.478172 0.344523 0.678998 0.344523
0 0.774950 0.344523 0.476850 0.344523 0.476850 0.195419 0.428122 0.195419 0.428122 0.037226 0.774950 0.037226
0 0.843761 0.486476 0.763001 0.486476 0.691883 0.557443 0.659394 0.557443 0.602274 0.492060 0.684323 0.400879 0.684471 0.400557 0.684466 0.351952 0.843761 0.351952
0 0.303403 0.811658 0.079895 0.811658 0.079895 0.585420 0.303403 0.585420
0 0.985683 0.251305 0.781008 0.251305 0.781008 0.037226 0.985683 0.037226
0 0.985683 0.486476 0.850369 0.486476 0.850369 0.257496 0.985683 0.257496
0 0.329367 0.460084 0.175253 0.460084 0.175253 0.330048 0.329367 0.330048
0 0.329367 0.323238 0.175253 0.323238 0.175253 0.201610 0.329367 0.201610
0 0.471344 0.460084 0.334873 0.460084 0.334873 0.330048 0.471344 0.330048
0 0.471344 0.279789 0.451657 0.279789 0.451657 0.323238 0.337941 0.323238 0.337941 0.201610 0.471344 0.201610
0 0.843761 0.344523 0.781008 0.344523 0.781008 0.257496 0.843761 0.257496
0 0.065578 0.569324 0.032803 0.569324 0.032803 0.345785 0.063238 0.345785 0.063238 0.185513 0.160936 0.185513 0.160936 0.569324 0.065578 0.569324 0.065578 0.569324
0 0.706200 0.564674 0.706200 0.679591 0.918783 0.679591 0.918783 0.502740 0.768442 0.502572 0.706200 0.564674 0.706200 0.564674
0 0.774703 0.486841 0.774703 0.183996 0.993409 0.183996 0.774703 0.486841 0.774703 0.486841
3 1.000000 0.020511 0.413805 0.020511 0.428122 0.037226 0.985683 0.037226
1 0.904268 0.020511 0.867500 0.020511 0.867500 0.037226 0.904268 0.037226
1 0.686118 0.020511 0.429152 0.020511 0.429152 0.037226 0.686118 0.037226
3 0.428122 0.037226 0.428122 0.201610 0.413805 0.185513 0.413805 0.020511
1 0.428122 0.039276 0.428122 0.144535 0.413805 0.144535 0.413805 0.039276
3 0.428122 0.201610 0.175253 0.201610 0.160936 0.185513 0.413805 0.185513
1 0.379901 0.201610 0.348343 0.201610 0.348343 0.185513 0.379901 0.185513
1 0.291657 0.201610 0.260242 0.201610 0.260242 0.185513 0.291657 0.185513
3 0.175253 0.585420 0.079895 0.585420 0.065578 0.569324 0.160936 0.569324
3 0.079895 0.585420 0.079895 0.811658 0.065578 0.827754 0.065578 0.569324
1 0.079895 0.601622 0.079895 0.631525 0.065578 0.631525 0.065578 0.601622
1 0.079895 0.760854 0.079895 0.792979 0.065578 0.792979 0.065578 0.760854
3 0.065578 0.827754 0.317720 0.827754 0.303403 0.811658 0.079895 0.811658
1 0.141536 0.827754 0.242401 0.827754 0.242401 0.811658 0.141536 0.811658
3 0.303403 0.811658 0.303403 0.744263 0.317720 0.758502 0.317720 0.827754
3 0.317720 0.758502 0.706200 0.758502 0.691883 0.744263 0.303403 0.744263
2 0.356922 0.758502 0.406817 0.758502 0.406817 0.744263 0.356922 0.744263
1 0.507687 0.758502 0.586294 0.758502 0.586294 0.744263 0.507687 0.744263
1 0.659251 0.758502 0.690898 0.758502 0.690898 0.744263 0.659251 0.744263
3 0.706200 0.758502 0.706200 0.564674 0.691883 0.557443 0.691883 0.744263
1 0.706200 0.743377 0.706200 0.708417 0.691883 0.708417 0.691883 0.743377
3 0.706200 0.564674 0.768442 0.502572 0.763001 0.486476 0.691883 0.557443
2 0.710264 0.560619 0.722770 0.548144 0.713265 0.536103 0.700765 0.548578
2 0.723954 0.546962 0.760270 0.510726 0.750765 0.498691 0.714449 0.534926
3 0.768442 0.502572 1.000000 0.502572 0.985683 0.486476 0.763001 0.486476
1 0.772561 0.502572 0.798067 0.502572 0.798067 0.486476 0.772561 0.486476
1 0.887610 0.502572 0.960787 0.502572 0.960787 0.486476 0.887610 0.486476
3 1.000000 0.502572 1.000000 0.020511 0.985683 0.037226 0.985683 0.486476
1 1.000000 0.422269 1.000000 0.350930 0.985683 0.350930 0.985683 0.422269
1 1.000000 0.183798 1.000000 0.111203 0.985683 0.111203 0.985683 0.183798
3 0.691883 0.557443 0.659394 0.557443 0.656624 0.564872 0.691883 0.564872
3 0.659394 0.557443 0.602274 0.492060 0.592941 0.491980 0.656624 0.564872
3 0.602274 0.492060 0.684455 0.400848 0.679813 0.395561 0.592941 0.491980
2 0.627164 0.464436 0.667015 0.420201 0.662373 0.414914 0.622522 0.459149
3 0.684466 0.351952 0.850369 0.351952 0.850369 0.344523 0.678998 0.344523
2 0.793800 0.351952 0.824124 0.351952 0.824124 0.344523 0.793800 0.344523
3 0.781008 0.344523 0.781008 0.020511 0.774950 0.020511 0.774950 0.344523
2 0.781008 0.244829 0.781008 0.196713 0.774950 0.196713 0.774950 0.244829
3 0.774950 0.257496 1.000000 0.257496 1.000000 0.251305 0.774950 0.251305
3 0.428122 0.201610 0.471344 0.201610 0.476850 0.195419 0.428122 0.195419
3 0.476850 0.466275 0.160936 0.466275 0.160936 0.460084 0.471344 0.460084
2 0.269108 0.466275 0.226432 0.466275 0.226432 0.460084 0.269108 0.460084
3 0.476850 0.330048 0.160936 0.330048 0.160936 0.323238 0.471344 0.323238
2 0.389411 0.330048 0.344675 0.330048 0.344675 0.323238 0.389411 0.323238
2 0.314714 0.330048 0.271112 0.330048 0.271112 0.323238 0.314714 0.323238
3 0.451657 0.323238 0.451657 0.279789 0.473420 0.279789 0.473420 0.323238
3 0.175253 0.201610 0.175253 0.330048 0.160936 0.330048 0.160936 0.185513
3 0.175253 0.330048 0.175253 0.585420 0.160936 0.569324 0.160936 0.330048
2 0.175253 0.354199 0.175253 0.410246 0.160936 0.410246 0.160936 0.354199
1 0.175253 0.494016 0.175253 0.568116 0.160936 0.568116 0.160936 0.494016
3 0.476850 0.195419 0.476850 0.330048 0.471344 0.323238 0.471344 0.201610
3 0.476850 0.323238 0.476850 0.466275 0.471344 0.460084 0.471344 0.323238
3 0.334873 0.466275 0.334873 0.330048 0.329367 0.330048 0.329367 0.466275
2 0.334873 0.406575 0.334873 0.356750 0.329367 0.356750 0.329367 0.406575
3 0.337941 0.330048 0.337941 0.185513 0.329367 0.185513 0.329367 0.330048
3 0.303403 0.744263 0.303403 0.585420 0.308359 0.579848 0.308359 0.744263
3 0.303403 0.585420 0.160936 0.585420 0.160936 0.579848 0.308359 0.579848
2 0.258337 0.585420 0.215628 0.585420 0.215628 0.579848 0.258337 0.579848
3 0.684422 0.400879 0.684466 0.351952 0.678998 0.344523 0.678948 0.400873
3 0.850369 0.344523 0.850369 0.502572 0.843761 0.502572 0.843761 0.344523
2 0.850369 0.360687 0.850369 0.402433 0.843761 0.402433 0.843761 0.360687
3 0.850369 0.344523 0.850369 0.251305 0.843761 0.251305 0.843761 0.344523
