0 0.378766 0.967434 0.378766 0.999764 0.558969 0.999764 0.558969 0.967934 0.545937 0.967934 0.545937 0.935830 0.385502 0.935830 0.385502 0.967944 0.378152 0.967944 0.378766 0.967434
0 0.869478 0.879064 0.933281 0.879064 0.933281 0.949586 0.872304 0.949586 0.872304 0.878716 0.869478 0.879064
0 0.868157 0.708992 0.937173 0.708992 0.937173 0.481463 0.816424 0.481463 0.816424 0.611101 0.869848 0.611101 0.869848 0.711190 0.868157 0.708992
0 0.376965 0.263318 0.631825 0.263318 0.631825 0.057973 0.377555 0.057973 0.377555 0.264966 0.376965 0.263318
0 0.328591 0.431918 0.079204 0.431918 0.079204 0.430628 0.038389 0.430628 0.038389 0.275892 0.081567 0.275892 0.081567 0.275735 0.328591 0.275735
0 0.328591 0.618685 0.079204 0.618685 0.079204 0.431918 0.328591 0.431918
0 0.571080 0.624150 0.613470 0.624150 0.613470 0.777631 0.329245 0.777631 0.329245 0.618867 0.571080 0.618867
0 0.571056 0.494714 0.571080 0.494714 0.571080 0.618867 0.329245 0.618867 0.328591 0.618685 0.328591 0.275735 0.381824 0.275735 0.381824 0.275720 0.571056 0.275720
0 0.476724 0.884191 0.479145 0.884191 0.479145 0.923728 0.385780 0.923728 0.385780 0.783027 0.476724 0.783027
0 0.551903 0.923728 0.479145 0.923728 0.479145 0.884191 0.483095 0.884191 0.483095 0.863395 0.551903 0.863395
0 0.379409 0.957637 0.079204 0.957637 0.079204 0.812698 0.189140 0.812698 0.189140 0.783027 0.379409 0.783027
0 0.322874 0.777631 0.182769 0.777631 0.182769 0.807301 0.079204 0.807301 0.079204 0.624081 0.322874 0.624081
0 0.364448 0.270338 0.176728 0.270338 0.176728 0.072685 0.364448 0.072685
0 0.856845 0.777631 0.619842 0.777631 0.619842 0.624150 0.856845 0.624150
0 0.765652 0.958559 0.558274 0.958559 0.558274 0.783027 0.765652 0.783027
0 0.805188 0.618754 0.682070 0.618754 0.682070 0.494714 0.805188 0.494714
0 0.675698 0.618754 0.577451 0.618754 0.577451 0.558961 0.597178 0.558961 0.597178 0.553564 0.577451 0.553564 0.577451 0.494714 0.675698 0.494714
0 0.170357 0.191496 0.081567 0.191496 0.081567 0.072685 0.170357 0.072685
0 0.856845 0.883475 0.772023 0.883475 0.772023 0.783027 0.856845 0.783027
0 0.170357 0.270338 0.081567 0.270338 0.081567 0.196892 0.170357 0.196892
0 0.856845 0.958559 0.772023 0.958559 0.772023 0.888871 0.856845 0.888871
0 0.551903 0.857999 0.483095 0.857999 0.483095 0.783027 0.551903 0.783027
3 0.064191 0.057968 0.381824 0.057968 0.364448 0.072685 0.064191 0.072685
1 0.148776 0.057968 0.170102 0.057968 0.170102 0.072685 0.148776 0.072685
1 0.224105 0.057968 0.311818 0.057968 0.311818 0.072685 0.224105 0.072685
3 0.381824 0.057968 0.381824 0.261002 0.364448 0.275720 0.364448 0.072685
1 0.381824 0.076429 0.381824 0.105280 0.364448 0.105280 0.364448 0.076429
1 0.381824 0.227667 0.381824 0.257912 0.364448 0.257912 0.364448 0.227667
3 0.364448 0.275720 0.571056 0.275720 0.588432 0.261002 0.381824 0.261002
2 0.386041 0.275720 0.432086 0.275720 0.432086 0.261002 0.386041 0.261002
1 0.457692 0.275720 0.493167 0.275720 0.493167 0.261002 0.457692 0.261002
1 0.493405 0.275720 0.563649 0.275720 0.563649 0.261002 0.493405 0.261002
3 0.588432 0.261002 0.588432 0.479996 0.571056 0.494714 0.571056 0.275720
1 0.588432 0.303482 0.588432 0.361990 0.571056 0.361990 0.571056 0.303482
1 0.588432 0.361990 0.588432 0.421091 0.571056 0.421091 0.571056 0.361990
1 0.588432 0.421091 0.588432 0.453126 0.571056 0.453126 0.571056 0.421091
3 0.571056 0.494714 0.805188 0.494714 0.822563 0.479996 0.588432 0.479996
1 0.649872 0.494714 0.675009 0.494714 0.675009 0.479996 0.649872 0.479996
1 0.706963 0.494714 0.779089 0.494714 0.779089 0.479996 0.706963 0.479996
3 0.822563 0.479996 0.822563 0.609432 0.805188 0.624150 0.805188 0.494714
3 0.805188 0.624150 0.856845 0.624150 0.874221 0.609432 0.822563 0.609432
1 0.824579 0.624150 0.856967 0.624150 0.856967 0.609432 0.824579 0.609432
3 0.874221 0.609432 0.874221 0.973277 0.856845 0.958559 0.856845 0.624150
1 0.874221 0.625524 0.874221 0.651795 0.856845 0.651795 0.856845 0.625524
2 0.874221 0.660169 0.874221 0.700623 0.856845 0.700623 0.856845 0.660169
1 0.874221 0.785024 0.874221 0.803391 0.856845 0.803391 0.856845 0.785024
2 0.874221 0.891628 0.874221 0.937645 0.856845 0.937645 0.856845 0.891628
3 0.874221 0.973277 0.540898 0.973277 0.558274 0.958559 0.856845 0.958559
1 0.708150 0.973277 0.615724 0.973277 0.615724 0.958559 0.708150 0.958559
3 0.540898 0.973277 0.540898 0.938445 0.558274 0.923728 0.558274 0.958559
1 0.540898 0.959462 0.540898 0.940040 0.558274 0.940040 0.558274 0.959462
3 0.540898 0.938445 0.396785 0.938445 0.379409 0.923728 0.558274 0.923728
1 0.509188 0.938445 0.482371 0.938445 0.482371 0.923728 0.509188 0.923728
2 0.469322 0.938445 0.415348 0.938445 0.415348 0.923728 0.469322 0.923728
3 0.396785 0.938445 0.396785 0.972355 0.379409 0.957637 0.379409 0.923728
1 0.396785 0.940932 0.396785 0.958564 0.379409 0.958564 0.379409 0.940932
3 0.396785 0.972355 0.058817 0.972355 0.079204 0.957637 0.379409 0.957637
1 0.270006 0.972355 0.180365 0.972355 0.180365 0.957637 0.270006 0.957637
3 0.058817 0.972355 0.058817 0.445346 0.079204 0.430628 0.079204 0.957637
1 0.058817 0.738830 0.058817 0.663755 0.079204 0.663755 0.079204 0.738830
1 0.058817 0.522564 0.058817 0.464979 0.079204 0.464979 0.079204 0.522564
3 0.079204 0.430628 0.038389 0.430628 0.019275 0.445346 0.058817 0.445346
1 0.058492 0.430628 0.040364 0.430628 0.040364 0.445346 0.058492 0.445346
3 0.019275 0.445346 0.019275 0.259702 0.038389 0.275892 0.038389 0.430628
1 0.019275 0.411235 0.019275 0.354072 0.038389 0.354072 0.038389 0.411235
1 0.019275 0.353650 0.019275 0.293504 0.038389 0.293504 0.038389 0.353650
3 0.038389 0.275892 0.081567 0.275892 0.064191 0.259702 0.019275 0.259702
1 0.041371 0.275892 0.064539 0.275892 0.064539 0.259702 0.041371 0.259702
3 0.081567 0.275892 0.081567 0.057968 0.064191 0.057968 0.064191 0.259702
1 0.081567 0.244023 0.081567 0.223973 0.064191 0.223973 0.064191 0.244023
3 0.058817 0.812698 0.189140 0.812698 0.182769 0.807301 0.058817 0.807301
3 0.189140 0.812698 0.189140 0.783027 0.182769 0.777631 0.182769 0.807301
3 0.189140 0.783027 0.874221 0.783027 0.874221 0.777631 0.182769 0.777631
2 0.331840 0.783027 0.377793 0.783027 0.377793 0.777631 0.331840 0.777631
2 0.415637 0.783027 0.463136 0.783027 0.463136 0.777631 0.415637 0.777631
1 0.463912 0.783027 0.476267 0.783027 0.476267 0.777631 0.463912 0.777631
2 0.511128 0.783027 0.550212 0.783027 0.550212 0.777631 0.511128 0.777631
2 0.563400 0.783027 0.610401 0.783027 0.610401 0.777631 0.563400 0.777631
2 0.776668 0.783027 0.820513 0.783027 0.820513 0.777631 0.776668 0.777631
3 0.765652 0.777631 0.765652 0.973277 0.772023 0.973277 0.772023 0.777631
3 0.765652 0.888871 0.874221 0.888871 0.874221 0.883475 0.765652 0.883475
3 0.558274 0.923728 0.558274 0.777631 0.551903 0.777631 0.551903 0.923728
3 0.379409 0.923728 0.379409 0.777631 0.385780 0.777631 0.385780 0.923728
3 0.483095 0.777631 0.483095 0.884191 0.476724 0.884191 0.476724 0.777631
3 0.476724 0.857999 0.558274 0.857999 0.558274 0.863395 0.476724 0.863395
3 0.058817 0.624081 0.322874 0.624081 0.329245 0.618685 0.058817 0.618685
3 0.329245 0.618685 0.329245 0.783027 0.322874 0.783027 0.322874 0.624081
2 0.329245 0.626426 0.329245 0.665826 0.322874 0.665826 0.322874 0.626426
3 0.805188 0.624150 0.571080 0.624150 0.577451 0.618754 0.805188 0.618754
2 0.670746 0.624150 0.623595 0.624150 0.623595 0.618754 0.670746 0.618754
3 0.571080 0.624150 0.571045 0.480432 0.577416 0.480428 0.577451 0.618754
3 0.619842 0.618754 0.619842 0.783027 0.613470 0.783027 0.613470 0.618754
2 0.619842 0.670118 0.619842 0.710018 0.613470 0.710018 0.613470 0.670118
3 0.682070 0.479996 0.682070 0.624150 0.675698 0.624150 0.675698 0.479996
2 0.682070 0.541354 0.682070 0.571191 0.675698 0.571191 0.675698 0.541354
3 0.064191 0.270338 0.381824 0.270338 0.381824 0.275735 0.064191 0.275735
2 0.179572 0.270338 0.226086 0.270338 0.226086 0.275735 0.179572 0.275735
3 0.176728 0.057968 0.176728 0.275735 0.170357 0.275735 0.170357 0.057968
2 0.176728 0.202348 0.176728 0.234187 0.170357 0.234187 0.170357 0.202348
2 0.176728 0.114793 0.176728 0.153397 0.170357 0.153397 0.170357 0.114793
3 0.064191 0.191496 0.176728 0.191496 0.176728 0.196892 0.064191 0.196892
3 0.348167 0.424716 0.348167 0.507439 0.305174 0.507439 0.305174 0.424716
3 0.408600 0.653286 0.408600 0.622620 0.402229 0.617223 0.402229 0.653286
3 0.408600 0.622620 0.502475 0.622620 0.508846 0.617223 0.402229 0.617223
3 0.502475 0.622620 0.502475 0.653600 0.508846 0.653600 0.508846 0.617223
3 0.571062 0.558961 0.597178 0.558961 0.597178 0.553564 0.571062 0.553564
