0 0.752539 0.104421 0.878010 0.104421 0.878010 0.096631 0.939039 0.096631 0.939039 0.423290 0.752539 0.423290 0.752539 0.104421 0.752539 0.104421
0 0.287555 0.408286 0.371509 0.408094 0.371509 0.417321 0.334757 0.567392 0.243269 0.567392 0.243269 0.500263 0.232947 0.500263 0.232947 0.559298 0.066576 0.559298 0.066576 0.078086 0.287555 0.078086
0 0.720341 0.417321 0.371509 0.417321 0.371509 0.408094 0.287555 0.408286 0.287555 0.078086 0.720341 0.078086
0 0.296120 0.725698 0.295899 0.725698 0.267602 0.841107 0.267602 0.892058 0.108627 0.892058 0.108627 0.871823 0.068296 0.871823 0.067376 0.695144 0.067156 0.695063 0.191486 0.695144 0.191486 0.567392 0.334757 0.567392
0 0.720341 0.726649 0.574439 0.726649 0.303985 0.725698 0.377746 0.425648 0.720341 0.425648
0 0.574439 0.734743 0.574540 0.892058 0.275467 0.892058 0.275467 0.842766 0.302145 0.733792
0 0.711142 0.880929 0.584659 0.880929 0.584567 0.737778 0.711142 0.737778
0 0.183547 0.686837 0.067376 0.686837 0.066558 0.634257 0.066558 0.567392 0.183547 0.567392
3 0.050174 0.909257 0.108627 0.909257 0.108627 0.871823 0.068296 0.871823
3 0.108627 0.909257 0.574540 0.909257 0.574540 0.892058 0.108627 0.892058
2 0.154384 0.909257 0.236894 0.909257 0.236894 0.892058 0.154384 0.892058
3 0.574540 0.909257 0.752539 0.909257 0.711142 0.880929 0.574540 0.880929
3 0.752539 0.909257 0.752539 0.726649 0.711142 0.726649 0.711142 0.880929
1 0.752539 0.819860 0.752539 0.759854 0.711142 0.759854 0.711142 0.819860
3 0.752539 0.726649 0.752539 0.049029 0.720341 0.078086 0.720341 0.726649
2 0.752539 0.347875 0.752539 0.269274 0.720341 0.269274 0.720341 0.347875
1 0.752539 0.196590 0.752539 0.123958 0.720341 0.123958 0.720341 0.196590
1 0.752539 0.240530 0.752539 0.196590 0.720341 0.196590 0.720341 0.240530
1 0.752539 0.626983 0.752539 0.525405 0.720341 0.525405 0.720341 0.626983
1 0.752539 0.668990 0.752539 0.626983 0.720341 0.626983 0.720341 0.668990
3 0.752539 0.049029 0.048177 0.049029 0.066576 0.078086 0.720341 0.078086
1 0.217465 0.049029 0.116363 0.049029 0.116363 0.078086 0.217465 0.078086
1 0.253343 0.049029 0.217060 0.049029 0.217060 0.078086 0.253343 0.078086
1 0.691602 0.049029 0.554218 0.049029 0.554218 0.078086 0.691602 0.078086
3 0.048177 0.049029 0.048177 0.559298 0.066576 0.559298 0.066576 0.078086
3 0.048177 0.559298 0.048177 0.636433 0.066558 0.634257 0.066558 0.559298
3 0.048177 0.636433 0.050174 0.909257 0.068296 0.871823 0.066558 0.634257
3 0.275467 0.892058 0.275467 0.842766 0.267602 0.841107 0.267602 0.892058
3 0.275467 0.842766 0.377746 0.425648 0.371509 0.417321 0.267602 0.841107
2 0.282045 0.815945 0.300030 0.742594 0.292311 0.740308 0.274326 0.813648
2 0.356624 0.511807 0.374793 0.437687 0.367075 0.435401 0.348906 0.509520
3 0.371509 0.417321 0.752539 0.417321 0.752539 0.425648 0.377746 0.425648
3 0.752539 0.726649 0.574439 0.726649 0.584567 0.737778 0.752539 0.737778
3 0.574439 0.726649 0.295899 0.725698 0.295871 0.733792 0.574439 0.734743
3 0.574540 0.909257 0.574439 0.726649 0.584567 0.737778 0.584659 0.909257
2 0.574485 0.806414 0.574448 0.741097 0.584567 0.741087 0.584604 0.806414
3 0.066576 0.559298 0.232947 0.559298 0.243269 0.567392 0.048177 0.567392
3 0.243269 0.567392 0.243269 0.500263 0.232947 0.500263 0.232947 0.559298
3 0.183547 0.559298 0.183547 0.686837 0.191486 0.695144 0.191486 0.559298
2 0.183547 0.609854 0.183547 0.677873 0.191486 0.677873 0.191486 0.609854
3 0.183547 0.686837 0.048545 0.686716 0.048536 0.695022 0.191486 0.695144
3 0.224153 0.408286 0.287555 0.408286 0.280196 0.400192 0.224153 0.400192
3 0.287555 0.408286 0.287555 0.283762 0.280196 0.283762 0.280196 0.400192
3 0.752539 0.104421 0.878010 0.104421 0.878010 0.088537 0.752539 0.088537
