0 0.170231 0.400566 0.039602 0.400566 0.039602 0.784031 0.170217 0.784031 0.170231 0.400566 0.170231 0.400566
0 0.496695 0.195870 0.521746 0.195870 0.521746 0.395883 0.479449 0.395883 0.479449 0.404295 0.341813 0.404295 0.341113 0.127776 0.496695 0.127776
0 0.341813 0.404295 0.190725 0.404295 0.190746 0.127776 0.341113 0.127776
0 0.479792 0.404359 0.479792 0.525439 0.479463 0.525439 0.479463 0.779899 0.190725 0.779899 0.190725 0.404295 0.479449 0.404295
0 0.742652 0.858164 0.623222 0.858164 0.623222 0.525439 0.479792 0.525439 0.479792 0.404359 0.636402 0.404359 0.636402 0.345016 0.742652 0.345016
0 0.978124 0.505774 0.748252 0.505774 0.748252 0.130827 0.978124 0.130827
0 0.978124 0.858164 0.748252 0.858164 0.748252 0.514250 0.978124 0.514250
0 0.617623 0.779899 0.506543 0.779899 0.506543 0.737519 0.485062 0.737519 0.485062 0.533915 0.617623 0.533915
0 0.630803 0.395883 0.527345 0.395883 0.527345 0.127776 0.630803 0.127776
0 0.741784 0.331433 0.636402 0.331433 0.636402 0.257438 0.643212 0.257438 0.643212 0.141253 0.741784 0.141253
3 0.978124 0.130827 0.978124 0.858164 0.999997 0.905217 0.999997 0.101341
1 0.978124 0.579092 0.978124 0.764250 0.999997 0.764250 0.999997 0.579092
1 0.978124 0.212631 0.978124 0.396741 0.999997 0.396741 0.999997 0.212631
3 0.978124 0.858164 0.623222 0.858164 0.611512 0.905217 0.999997 0.905217
2 0.690220 0.858164 0.627604 0.858164 0.627604 0.905217 0.690220 0.905217
3 0.623222 0.858164 0.623222 0.779899 0.611512 0.800867 0.611512 0.905217
3 0.623222 0.779899 0.190725 0.779899 0.170217 0.800867 0.611512 0.800867
3 0.190725 0.779899 0.190746 0.127776 0.170238 0.101299 0.170217 0.800867
1 0.190739 0.362350 0.190746 0.172233 0.170238 0.172233 0.170231 0.362350
1 0.190725 0.741386 0.190732 0.546957 0.170224 0.546957 0.170217 0.741386
2 0.190732 0.547190 0.190739 0.459474 0.170224 0.459474 0.170224 0.547190
3 0.190746 0.127776 0.630880 0.127776 0.630880 0.101299 0.170238 0.101299
3 0.630880 0.101341 0.748252 0.101341 0.748252 0.141253 0.630880 0.141253
3 0.748252 0.101341 0.999997 0.101341 0.978124 0.130827 0.748252 0.130827
3 0.496695 0.101299 0.496695 0.195870 0.527345 0.195870 0.527345 0.101299
3 0.527345 0.195870 0.527345 0.404359 0.521746 0.395883 0.521746 0.195870
3 0.527345 0.404359 0.479449 0.404359 0.479449 0.395883 0.521746 0.395883
3 0.423734 0.403977 0.341589 0.403977 0.341589 0.395501 0.423734 0.395501
3 0.527345 0.404359 0.636402 0.404359 0.630803 0.395883 0.527345 0.395883
2 0.563903 0.404359 0.619051 0.404359 0.619051 0.395883 0.563903 0.395883
3 0.636402 0.404359 0.636402 0.257427 0.630803 0.257416 0.630803 0.395883
2 0.636402 0.323370 0.636402 0.261072 0.630803 0.261072 0.630803 0.323370
3 0.630803 0.257416 0.630880 0.114013 0.643289 0.114024 0.643212 0.257438
3 0.748252 0.135849 0.748252 0.345016 0.741784 0.345016 0.741784 0.135849
3 0.748252 0.331433 0.630803 0.331433 0.630803 0.345016 0.748252 0.345016
3 0.748252 0.345016 0.748252 0.514250 0.742652 0.514250 0.742652 0.345016
2 0.748252 0.413428 0.748252 0.499121 0.742652 0.499121 0.742652 0.413428
3 0.742652 0.505774 0.999997 0.505774 0.999997 0.514250 0.742652 0.514250
3 0.742652 0.514250 0.742652 0.905217 0.748252 0.905217 0.748252 0.514250
2 0.742652 0.519633 0.742652 0.606183 0.748252 0.606183 0.748252 0.519633
3 0.623222 0.802530 0.623222 0.525439 0.617623 0.533915 0.617623 0.802530
2 0.623222 0.696018 0.623222 0.615168 0.617623 0.615168 0.617623 0.696018
3 0.617623 0.533915 0.485062 0.533915 0.479463 0.525439 0.623222 0.525439
3 0.485062 0.533915 0.485062 0.737519 0.479463 0.737519 0.479463 0.525439
3 0.479463 0.737519 0.479463 0.800867 0.506543 0.800867 0.506543 0.737519
3 0.190725 0.800867 0.031203 0.800867 0.031203 0.784031 0.190725 0.784031
