0 0.650886 0.191353 0.650886 0.058772 0.972755 0.058772 0.972755 0.191353 0.650886 0.191353
0 0.972755 0.980387 0.636355 0.980387 0.636355 0.660369 0.740140 0.660369 0.740140 0.653905 0.972755 0.653905
0 0.623641 0.207696 0.972755 0.207696 0.972755 0.653905 0.740140 0.653905 0.740140 0.653831 0.636355 0.653831 0.636355 0.567447 0.623514 0.567447 0.623514 0.071030 0.623641 0.071030
0 0.391698 0.424496 0.623514 0.424496 0.623514 0.567447 0.620917 0.567447 0.620917 0.734839 0.523535 0.734839 0.523535 0.567447 0.285071 0.567447 0.285071 0.501606 0.183085 0.501606 0.183085 0.381299 0.391698 0.381299
0 0.623514 0.424496 0.391698 0.424496 0.391698 0.375375 0.286415 0.375375 0.286415 0.071030 0.623514 0.071030
0 0.620917 0.980387 0.285071 0.980387 0.285071 0.793415 0.344864 0.793415 0.344864 0.741377 0.620917 0.741377
0 0.274173 0.375579 0.044027 0.375579 0.044027 0.071030 0.274173 0.071030
0 0.421431 0.734839 0.285071 0.734839 0.285071 0.573984 0.421431 0.573984
0 0.516270 0.734839 0.428696 0.734839 0.428696 0.573984 0.516270 0.573984
0 0.175819 0.501606 0.079119 0.501606 0.079119 0.473127 0.044027 0.473127 0.044027 0.381299 0.175819 0.381299
3 0.285071 0.980387 0.972755 0.980387 1.000000 1.000000 0.270540 1.000000
1 0.716954 0.980387 0.879860 0.980387 0.879860 1.000000 0.716954 1.000000
1 0.393069 0.980387 0.555983 0.980387 0.555983 1.000000 0.393069 1.000000
3 0.972755 0.980387 0.972755 0.207696 1.000000 0.191353 1.000000 1.000000
3 0.972755 0.207696 0.623641 0.207696 0.650886 0.191353 1.000000 0.191353
2 0.741802 0.207696 0.669276 0.207696 0.669276 0.191353 0.741802 0.191353
1 0.934358 0.207696 0.745198 0.207696 0.745198 0.191353 0.934358 0.191353
3 0.623641 0.207696 0.623641 0.071030 0.650886 0.050600 0.650886 0.191353
3 0.623641 0.071030 0.044027 0.071030 0.028589 0.050600 0.650886 0.050600
1 0.246410 0.071030 0.108570 0.071030 0.108570 0.050600 0.246410 0.050600
1 0.567907 0.071030 0.351176 0.071030 0.351176 0.050600 0.567907 0.050600
3 0.044027 0.071030 0.044027 0.501606 0.028589 0.515498 0.028589 0.050600
3 0.044027 0.501606 0.285071 0.501606 0.270540 0.515498 0.028589 0.515498
2 0.187998 0.501606 0.267761 0.501606 0.267761 0.515498 0.187998 0.515498
3 0.285071 0.501606 0.285071 0.980387 0.270540 1.000000 0.270540 0.515498
3 0.028589 0.375579 0.391698 0.375579 0.391698 0.381299 0.028589 0.381299
2 0.291210 0.375579 0.362419 0.375579 0.362419 0.381299 0.291210 0.381299
2 0.196643 0.375579 0.269668 0.375579 0.269668 0.381299 0.196643 0.381299
3 0.286415 0.381299 0.286415 0.050600 0.274173 0.050600 0.274173 0.381299
3 0.623641 0.207696 0.623641 0.424406 0.636355 0.424406 0.636355 0.207696
3 0.972755 0.191353 0.972755 0.050600 0.985469 0.050600 0.985469 0.191353
3 0.636355 0.567447 0.636355 1.000000 0.620917 1.000000 0.620917 0.567447
3 0.270540 0.734839 0.636355 0.734839 0.636355 0.741377 0.270540 0.741377
2 0.545830 0.734839 0.615886 0.734839 0.615886 0.741377 0.545830 0.741377
3 0.344864 0.734839 0.344864 0.793415 0.284771 0.793415 0.284771 0.734839
3 0.270540 0.567447 0.523535 0.567447 0.516270 0.573984 0.270540 0.573984
2 0.354972 0.567447 0.418661 0.567447 0.418661 0.573984 0.354972 0.573984
3 0.516270 0.573984 0.516270 0.741377 0.523535 0.741377 0.523535 0.567447
2 0.516270 0.628956 0.516270 0.678135 0.523535 0.678135 0.523535 0.628956
3 0.421431 0.567447 0.421431 0.741377 0.428696 0.741377 0.428696 0.567447
3 0.620917 0.660369 0.740140 0.660369 0.740140 0.653831 0.620917 0.653831
2 0.641196 0.660369 0.711987 0.660369 0.711987 0.653831 0.641196 0.653831
3 0.183085 0.375579 0.183085 0.515498 0.175819 0.515498 0.175819 0.375579
2 0.183085 0.417820 0.183085 0.466491 0.175819 0.466491 0.175819 0.417820
3 0.044027 0.473127 0.079119 0.473127 0.079119 0.501802 0.044027 0.501802
