0 0.283461 0.386989 0.521159 0.386989 0.521159 0.517732 0.368375 0.517732 0.368375 0.502121 0.052470 0.502121 0.052470 0.179819 0.283461 0.179819
0 0.480026 0.673774 0.368375 0.673774 0.368375 0.517732 0.480026 0.517732
0 0.722106 0.776085 0.486385 0.776085 0.486385 0.526279 0.722106 0.526279
0 0.224771 0.776085 0.052470 0.776085 0.052470 0.510669 0.224771 0.510669
0 0.362016 0.776085 0.231130 0.776085 0.231130 0.510669 0.362016 0.510669
0 0.991906 0.621698 0.836191 0.621698 0.836191 0.406959 0.991906 0.406959
0 0.991906 0.396081 0.836191 0.396081 0.836191 0.217489 0.991906 0.217489
0 0.625353 0.274041 0.478147 0.274041 0.478147 0.084867 0.625353 0.084867
0 0.625353 0.411536 0.527518 0.411536 0.527518 0.378442 0.478147 0.378442 0.478147 0.282045 0.625353 0.282045
0 0.722106 0.517732 0.633244 0.517732 0.633244 0.348317 0.722106 0.348317
0 0.722106 0.227256 0.652044 0.227256 0.651963 0.227225 0.633244 0.227225 0.633244 0.084867 0.722106 0.084867
0 0.480026 0.776085 0.368375 0.776085 0.368375 0.684155 0.480026 0.684155
0 0.625353 0.517732 0.527518 0.517732 0.527518 0.420083 0.625353 0.420083
0 0.722106 0.339770 0.633244 0.339770 0.633244 0.316350 0.652044 0.316319 0.652044 0.235804 0.722106 0.235804
0 0.290376 0.084913 0.290376 0.179819 0.283461 0.179819 0.283461 0.249324 0.291555 0.249324 0.291555 0.378442 0.361911 0.378442 0.361911 0.386989 0.411901 0.386989 0.411901 0.378442 0.471788 0.378442 0.471748 0.084898 0.290376 0.084913 0.290376 0.084913
0 0.835989 0.631869 0.836191 0.988601 0.991906 0.989098 0.991906 0.632048 0.835989 0.631869 0.835989 0.631869
3 0.722106 0.084867 0.722106 0.776085 0.743496 0.804835 0.743496 0.057593
2 0.722106 0.244693 0.722106 0.311766 0.743496 0.311766 0.743496 0.244693
3 0.722106 0.776085 0.052470 0.776085 0.031079 0.804835 0.743496 0.804835
2 0.472303 0.776085 0.416035 0.776085 0.416035 0.804835 0.472303 0.804835
1 0.125746 0.776085 0.109113 0.776085 0.109113 0.804835 0.125746 0.804835
1 0.195328 0.776085 0.126509 0.776085 0.126509 0.804835 0.195328 0.804835
1 0.330381 0.776085 0.268546 0.776085 0.268546 0.804835 0.330381 0.804835
1 0.268546 0.776085 0.250688 0.776085 0.250688 0.804835 0.268546 0.804835
1 0.673989 0.776085 0.593227 0.776085 0.593227 0.804835 0.673989 0.804835
1 0.593227 0.776085 0.569865 0.776085 0.569865 0.804835 0.593227 0.804835
3 0.052470 0.776085 0.052470 0.179819 0.031079 0.151069 0.031079 0.804835
1 0.052470 0.399717 0.052470 0.373897 0.031079 0.373897 0.031079 0.399717
1 0.052470 0.494809 0.052470 0.399717 0.031079 0.399717 0.031079 0.494809
3 0.052470 0.179819 0.290376 0.179819 0.268985 0.151069 0.031079 0.151069
2 0.216070 0.179819 0.263638 0.179819 0.263638 0.151069 0.216070 0.151069
1 0.115380 0.179819 0.210122 0.179819 0.210122 0.151069 0.115380 0.151069
3 0.290376 0.179819 0.290376 0.084913 0.268985 0.057647 0.268985 0.151069
3 0.290376 0.084913 0.722106 0.084867 0.743496 0.057593 0.268985 0.057647
1 0.357593 0.084906 0.425024 0.084898 0.425018 0.057632 0.357593 0.057640
1 0.336902 0.084913 0.357506 0.084906 0.357506 0.057640 0.336902 0.057640
1 0.531079 0.084890 0.584879 0.084882 0.584879 0.057616 0.531074 0.057616
1 0.513661 0.084890 0.531079 0.084890 0.531074 0.057616 0.513661 0.057624
1 0.645581 0.084874 0.679811 0.084874 0.679811 0.057601 0.645581 0.057609
3 0.031079 0.510669 0.362016 0.510669 0.368375 0.502121 0.031079 0.502121
2 0.303863 0.510669 0.354789 0.510669 0.354789 0.502121 0.303863 0.502121
2 0.172642 0.510669 0.220892 0.510669 0.220892 0.502121 0.172642 0.502121
3 0.362016 0.510669 0.362016 0.804835 0.368375 0.804835 0.368375 0.502121
3 0.224771 0.502121 0.224771 0.804835 0.231130 0.804835 0.231130 0.502121
3 0.743496 0.517732 0.480026 0.517732 0.486385 0.526279 0.743496 0.526279
2 0.702271 0.517732 0.667312 0.517732 0.667312 0.526279 0.702271 0.526279
3 0.480026 0.517732 0.480026 0.804835 0.486385 0.804835 0.486385 0.526279
2 0.480026 0.577128 0.480026 0.642219 0.486385 0.642219 0.486385 0.577128
3 0.486385 0.673774 0.362016 0.673774 0.362016 0.684155 0.486385 0.684155
2 0.471765 0.673774 0.415861 0.673774 0.415861 0.684155 0.471765 0.684155
3 0.471788 0.057624 0.471788 0.378442 0.478147 0.386989 0.478147 0.057624
3 0.478147 0.386989 0.521159 0.386989 0.527518 0.378442 0.478147 0.378442
2 0.479795 0.386989 0.518355 0.386989 0.518355 0.378442 0.479795 0.378442
3 0.521159 0.386989 0.521159 0.526279 0.527518 0.526279 0.527518 0.378442
2 0.521159 0.450853 0.521159 0.505727 0.527518 0.505727 0.527518 0.450853
3 0.625353 0.057609 0.625353 0.526279 0.633244 0.526279 0.633244 0.057609
2 0.625353 0.103772 0.625353 0.152173 0.633244 0.152173 0.633244 0.103772
3 0.633244 0.274041 0.471788 0.274041 0.471788 0.282045 0.633244 0.282045
2 0.585798 0.274041 0.543428 0.274041 0.543428 0.282045 0.585798 0.282045
3 0.625353 0.235804 0.743496 0.235804 0.743496 0.227256 0.625353 0.227256
3 0.625353 0.348317 0.743496 0.348317 0.743496 0.339770 0.625353 0.339770
3 0.633244 0.411536 0.521159 0.411536 0.521159 0.420083 0.633244 0.420083
3 0.991906 0.217489 0.991906 0.621698 1.000000 0.632576 1.000000 0.206611
3 0.991906 0.621698 0.828098 0.621698 0.828098 0.632576 1.000000 0.632576
3 0.836191 0.621698 0.836191 0.217489 0.828098 0.206611 0.828098 0.621698
2 0.836191 0.615178 0.836191 0.545883 0.828098 0.545883 0.828098 0.615178
2 0.836191 0.387611 0.836191 0.317656 0.828098 0.317656 0.828098 0.387611
3 0.836191 0.217489 0.991906 0.217489 1.000000 0.206611 0.828098 0.206611
3 1.000000 0.396081 0.828098 0.396081 0.828098 0.406959 1.000000 0.406959
3 0.633169 0.227256 0.633244 0.316350 0.652044 0.316319 0.651963 0.227225
3 0.291555 0.378442 0.291555 0.249324 0.283461 0.249324 0.283461 0.386989
3 0.291555 0.378442 0.361911 0.378442 0.361911 0.386989 0.283461 0.386989
3 0.411901 0.378442 0.471788 0.378442 0.478147 0.386989 0.411901 0.386989
3 0.836191 0.621698 0.836191 0.988601 0.828098 0.999456 0.828098 0.621698
3 0.828098 0.999456 1.000000 1.000000 0.991906 0.989098 0.836191 0.988601
2 0.862617 0.999565 0.977696 0.999930 0.977714 0.989052 0.862634 0.988687
3 1.000000 1.000000 1.000000 0.619670 0.991906 0.619670 0.991906 0.989098
