0 0.703590 0.296984 0.978928 0.296984 0.978928 0.677410 0.703205 0.677410 0.703205 0.650132 0.669643 0.650132 0.669643 0.325897 0.703590 0.325897 0.703590 0.296984 0.703590 0.296984
0 0.612801 0.282807 0.124984 0.282807 0.124984 0.259921 0.090180 0.259921 0.090180 0.084924 0.612465 0.084924
0 0.612801 0.296984 0.612465 0.406863 0.300645 0.406863 0.300645 0.282807 0.612801 0.282807
0 0.300645 0.684882 0.090180 0.683978 0.090180 0.291987 0.171684 0.291987 0.171684 0.282952 0.124984 0.282952 0.124984 0.282807 0.300807 0.282807
0 0.612465 0.684430 0.300645 0.684430 0.300645 0.406863 0.612465 0.406863
0 0.300645 0.684882 0.300645 0.898704 0.090180 0.898704 0.090180 0.683978
0 0.612465 0.884248 0.370167 0.884248 0.370167 0.898704 0.318047 0.898704 0.318047 0.693466 0.612465 0.693466
3 0.090180 0.898704 0.370167 0.898704 0.370167 0.917679 0.065320 0.917679
2 0.177041 0.898704 0.290291 0.898704 0.290291 0.917679 0.177041 0.917679
3 0.370167 0.917679 0.684559 0.917679 0.612465 0.884248 0.370167 0.884248
3 0.612465 0.884248 0.612465 0.650132 0.684559 0.650132 0.684559 0.917679
3 0.612465 0.297011 0.612465 0.084924 0.684559 0.043361 0.684559 0.297011
1 0.612465 0.267836 0.612465 0.230592 0.684559 0.230592 0.684559 0.267836
3 0.612465 0.084924 0.090180 0.084924 0.065320 0.043361 0.684559 0.043361
1 0.604411 0.084924 0.493187 0.084924 0.493187 0.043361 0.604411 0.043361
3 0.090180 0.084924 0.090180 0.898704 0.065320 0.917679 0.065320 0.043361
3 0.684559 0.684430 0.300645 0.684430 0.318047 0.693466 0.684559 0.693466
3 0.300645 0.684430 0.300645 0.917679 0.318047 0.917679 0.318047 0.693466
2 0.300645 0.752918 0.300645 0.825933 0.318047 0.825933 0.318047 0.752918
3 0.612465 0.297011 0.612465 0.650132 0.669643 0.650132 0.669643 0.297011
2 0.612465 0.407478 0.612465 0.487838 0.669643 0.487838 0.669643 0.407478
1 0.612465 0.493223 0.612465 0.593679 0.669643 0.593679 0.669643 0.493223
3 0.612465 0.296984 0.703590 0.296984 0.703590 0.325897 0.669643 0.325897
3 0.684559 0.650132 0.684559 0.692770 0.703205 0.677410 0.703205 0.650132
3 0.065320 0.291987 0.065320 0.259921 0.124984 0.259921 0.124984 0.282952
3 0.065320 0.291987 0.684559 0.291987 0.684559 0.282952 0.124984 0.282952
2 0.171559 0.291987 0.271609 0.291987 0.271609 0.282952 0.171559 0.282952
2 0.502994 0.291987 0.606362 0.291987 0.606362 0.282952 0.502994 0.282952
3 0.703205 0.677410 0.978865 0.677410 0.999997 0.692770 0.684559 0.692770
1 0.685877 0.677410 0.958866 0.677410 0.958866 0.692770 0.685877 0.692770
3 0.978865 0.296894 0.684559 0.296894 0.684559 0.281533 0.999997 0.281533
1 0.958555 0.296894 0.684721 0.296894 0.684721 0.281533 0.958555 0.281533
3 0.978865 0.677410 0.978865 0.296894 0.999997 0.281533 0.999997 0.692770
1 0.978865 0.663125 0.978865 0.310356 0.999997 0.310356 0.999997 0.663125
