0 0.395970 0.574846 0.327266 0.574846 0.327266 0.509500 0.395970 0.509500
0 0.433287 0.501171 0.327266 0.501171 0.327427 0.430126 0.433287 0.430126
0 0.358629 0.741429 0.278184 0.741429 0.278184 0.638907 0.358629 0.638907
0 0.546554 0.574846 0.406402 0.574846 0.406402 0.509500 0.444522 0.509500 0.444594 0.430126 0.546514 0.429531
0 0.267752 0.741429 0.116887 0.741429 0.116887 0.583175 0.267752 0.583175
0 0.316031 0.574846 0.116887 0.574846 0.116887 0.431274 0.316192 0.430721
0 0.458622 0.910047 0.116887 0.910047 0.116887 0.749758 0.458622 0.749758
0 0.557789 0.627526 0.567636 0.627526 0.567636 0.708322 0.555655 0.708322 0.555655 0.741429 0.369061 0.741429 0.369061 0.631173 0.278184 0.631173 0.278184 0.583175 0.557789 0.583175 0.557749 0.429531
0 0.799612 0.741429 0.578366 0.741429 0.578366 0.627526 0.578069 0.626996 0.567636 0.626996 0.567636 0.627526 0.557789 0.627526 0.557789 0.583175 0.797132 0.583175
0 0.980740 0.741429 0.799612 0.741429 0.797132 0.583175 0.712900 0.583175 0.712900 0.428936 0.980740 0.427604
0 0.712900 0.583175 0.557789 0.583175 0.557749 0.429531 0.712900 0.428936
0 0.587442 0.755707 0.587442 0.923522 0.477883 0.924325 0.477883 0.755707 0.587442 0.755707 0.587442 0.755707
0 0.587571 0.923980 0.587571 0.755707 0.926193 0.755707 0.926193 0.924224 0.587571 0.923980 0.587571 0.923980
0 0.444514 0.415604 0.444514 0.345546 0.834457 0.345546 0.834457 0.414283 0.444514 0.415604 0.444514 0.415604
3 0.097626 0.417079 0.097626 0.924325 0.116887 0.910047 0.116887 0.431274
1 0.097626 0.491831 0.097626 0.565934 0.116887 0.565934 0.116887 0.491831
1 0.097626 0.588023 0.097626 0.656730 0.116887 0.656730 0.116887 0.588023
3 0.097626 0.924325 0.477883 0.924325 0.458622 0.910047 0.116887 0.910047
1 0.127552 0.924325 0.314867 0.924325 0.314867 0.910047 0.127552 0.910047
3 0.477883 0.924325 0.477883 0.755707 0.458622 0.741429 0.458622 0.910047
2 0.479199 0.741429 0.526587 0.741429 0.526587 0.755707 0.479199 0.755707
1 0.578903 0.741429 0.669371 0.741429 0.669371 0.755707 0.578903 0.755707
1 0.679796 0.741429 0.773016 0.741429 0.773016 0.755707 0.679796 0.755707
1 0.784035 0.741429 0.876725 0.741429 0.876725 0.755707 0.784035 0.755707
2 0.531346 0.415235 0.481614 0.415449 0.481719 0.429727 0.531459 0.429513
2 0.763017 0.414248 0.712314 0.414468 0.712426 0.428746 0.763129 0.428526
1 0.302123 0.416211 0.207274 0.416615 0.207386 0.430893 0.302236 0.430489
1 0.428151 0.415675 0.334280 0.416074 0.334393 0.430352 0.428263 0.429954
1 0.658401 0.414694 0.564314 0.415098 0.564426 0.429370 0.658513 0.428972
1 0.888747 0.413718 0.790471 0.414135 0.790583 0.428413 0.888851 0.427996
3 0.458622 0.741429 0.097626 0.741429 0.097626 0.749758 0.458622 0.749758
2 0.438030 0.741429 0.388033 0.741429 0.388033 0.749758 0.438030 0.749758
3 0.097626 0.583175 0.557789 0.583175 0.546554 0.574846 0.097626 0.574846
2 0.278192 0.583175 0.314442 0.583175 0.314442 0.574846 0.278192 0.574846
2 0.343100 0.583175 0.389638 0.583175 0.389638 0.574846 0.343100 0.574846
2 0.433913 0.583175 0.482072 0.583175 0.482072 0.574846 0.433913 0.574846
3 0.557789 0.583175 0.557773 0.415122 0.546538 0.415122 0.546554 0.574846
3 0.316031 0.416163 0.316031 0.583175 0.327266 0.583175 0.327266 0.416163
3 0.316031 0.509500 0.444522 0.509500 0.433287 0.501171 0.316031 0.501171
3 0.444522 0.509500 0.444514 0.415604 0.433279 0.415604 0.433287 0.501171
2 0.444522 0.497096 0.444514 0.460431 0.433279 0.460431 0.433287 0.497102
3 0.395970 0.501171 0.395970 0.583175 0.406402 0.583175 0.406402 0.501171
3 0.267752 0.574846 0.267752 0.749758 0.278184 0.749758 0.278184 0.574846
2 0.267752 0.586072 0.267752 0.621583 0.278184 0.621583 0.278184 0.586072
3 0.267752 0.638907 0.358629 0.638907 0.369061 0.631173 0.267752 0.631173
3 0.369061 0.631173 0.369061 0.749758 0.358629 0.749758 0.358629 0.638907
2 0.369061 0.661710 0.369061 0.697560 0.358629 0.697560 0.358629 0.661710
3 0.567636 0.626996 0.567636 0.755707 0.578069 0.755707 0.578069 0.626996
3 0.555655 0.708322 0.555655 0.741429 0.568350 0.741429 0.568350 0.708322
0 0.435109 0.050568 0.435109 0.145541 0.323856 0.145541 0.323856 0.204878 0.435109 0.204878 0.435109 0.354024 0.121662 0.354024 0.121662 0.050461
0 0.698848 0.051145 0.698848 0.197828 0.710885 0.197828 0.710885 0.051145 0.754414 0.051145 0.754414 0.354024 0.447146 0.354024 0.447146 0.204878 0.558142 0.204878 0.557749 0.050568
0 0.546105 0.195954 0.447146 0.195954 0.447146 0.050568 0.545711 0.050568
0 0.435109 0.195954 0.335893 0.195954 0.335893 0.154465 0.435109 0.154465
0 0.767254 0.050967 0.767254 0.354024 0.972851 0.354024 0.972851 0.051145 0.767254 0.050967 0.767254 0.050967
3 0.097586 0.032596 0.097586 0.371872 0.121662 0.354024 0.121662 0.050461
1 0.097586 0.125373 0.097586 0.190201 0.121662 0.190201 0.121662 0.125373
1 0.097586 0.209001 0.097586 0.271884 0.121662 0.271884 0.121662 0.209001
3 0.097586 0.371872 0.996926 0.371872 0.972851 0.354024 0.121662 0.354024
3 0.996926 0.371872 0.996926 0.033315 0.972851 0.051145 0.972851 0.354024
1 0.996926 0.276762 0.996926 0.208918 0.972851 0.208918 0.972851 0.276762
1 0.996926 0.184788 0.996926 0.116717 0.972851 0.116717 0.972851 0.184788
3 0.996926 0.033315 0.097586 0.032596 0.121662 0.050461 0.972851 0.051145
3 0.435109 0.032869 0.435109 0.371872 0.447146 0.371872 0.447146 0.032869
2 0.435109 0.215420 0.435109 0.259271 0.447146 0.259271 0.447146 0.215420
3 0.447146 0.154465 0.335893 0.154465 0.323856 0.145541 0.447146 0.145541
3 0.323856 0.145541 0.323856 0.204878 0.335893 0.195954 0.335893 0.154465
3 0.323856 0.204878 0.558142 0.204878 0.546105 0.195954 0.335893 0.195954
2 0.364904 0.204878 0.423689 0.204878 0.423689 0.195954 0.364904 0.195954
2 0.469456 0.204878 0.524204 0.204878 0.524204 0.195954 0.469456 0.195954
3 0.558142 0.204878 0.558142 0.032964 0.546105 0.032964 0.546105 0.195954
3 0.710885 0.033083 0.710885 0.197828 0.698848 0.197828 0.698848 0.033083
