0 0.418501 0.343312 0.378952 0.343312 0.378952 0.260416 0.418501 0.260416
0 0.625501 0.343312 0.585778 0.343312 0.585778 0.260416 0.625501 0.260416
0 0.578280 0.339285 0.510427 0.339285 0.510427 0.266881 0.578280 0.266881
0 0.492941 0.339285 0.425075 0.339285 0.425075 0.266806 0.492941 0.266806
0 0.846257 0.565084 0.749608 0.565084 0.749608 0.471636 0.846257 0.471636
0 0.254746 0.564920 0.157806 0.564920 0.157806 0.471661 0.254746 0.471661
0 0.495212 0.431915 0.378952 0.431915 0.378952 0.349293 0.495212 0.349293
0 0.625501 0.431915 0.509169 0.431915 0.509169 0.349293 0.625501 0.349293
0 0.275199 0.361376 0.157806 0.361376 0.157806 0.260730 0.275199 0.260730
0 0.846257 0.361281 0.728122 0.361281 0.728122 0.260795 0.846257 0.260795
0 0.374236 0.200803 0.280700 0.200803 0.280700 0.033730 0.374236 0.033730
0 0.723014 0.202148 0.629823 0.202148 0.629823 0.033730 0.723014 0.033730
0 0.275199 0.253752 0.157806 0.253752 0.157806 0.033730 0.275199 0.033730
0 0.846257 0.254814 0.728122 0.254814 0.728122 0.033730 0.846257 0.033730
0 0.497782 0.254435 0.378952 0.254435 0.378952 0.033730 0.497782 0.033730
0 0.625501 0.254435 0.506427 0.254435 0.506427 0.033730 0.625501 0.033730
0 0.497782 0.591472 0.385333 0.591472 0.385333 0.571898 0.374700 0.571898 0.374700 0.439392 0.497782 0.439392
0 0.374236 0.368354 0.280700 0.368354 0.280700 0.207781 0.374236 0.207781
0 0.374236 0.439392 0.374700 0.439392 0.374700 0.571898 0.260247 0.571898 0.260247 0.462689 0.157806 0.462689 0.157806 0.368354 0.374236 0.368354
0 0.723014 0.367761 0.629823 0.367761 0.629823 0.208130 0.723014 0.208130
0 0.846257 0.462664 0.743714 0.462664 0.743714 0.572561 0.743867 0.590584 0.629359 0.590584 0.629359 0.439392 0.629823 0.439392 0.629823 0.367761 0.846257 0.367761
0 0.629359 0.590584 0.506427 0.590584 0.506427 0.439392 0.629359 0.439392
0 0.022370 0.115873 0.143582 0.115873 0.143582 0.560060 0.022370 0.560189 0.022370 0.115873 0.022370 0.115873
0 0.860752 0.712269 0.988066 0.712269 0.988066 0.031033 0.860631 0.031033 0.860752 0.712269 0.860752 0.712269
0 0.858976 0.798111 0.858976 0.924765 0.502136 0.924765 0.502136 0.798006
0 0.502136 0.798006 0.502136 0.924765 0.144533 0.924765 0.144533 0.797941
0 0.851019 0.924905 0.851031 0.991526 0.501896 0.991526 0.501896 0.924611
0 0.501896 0.924611 0.501896 0.991526 0.153512 0.991526 0.153512 0.924521
0 0.385333 0.591472 0.497782 0.591472 0.497782 0.779494 0.260310 0.779494 0.260310 0.571898 0.385333 0.571898
0 0.260310 0.779494 0.157806 0.779494 0.157806 0.571898 0.260310 0.571898
0 0.846257 0.779494 0.743718 0.779494 0.743718 0.590584 0.743867 0.590584 0.743718 0.572561 0.846257 0.572561
0 0.743718 0.779494 0.506427 0.779494 0.506427 0.590584 0.743718 0.590584
3 0.157806 0.033730 0.846257 0.033730 0.860796 0.015786 0.143267 0.015786
1 0.186998 0.033730 0.246997 0.033730 0.246997 0.015786 0.186998 0.015786
1 0.298245 0.033730 0.356495 0.033730 0.356495 0.015786 0.298245 0.015786
1 0.407244 0.033730 0.466743 0.033730 0.466743 0.015786 0.407244 0.015786
1 0.537493 0.033730 0.597491 0.033730 0.597491 0.015786 0.537493 0.015786
1 0.647242 0.033730 0.708239 0.033730 0.708239 0.015786 0.647242 0.015786
1 0.756241 0.033730 0.816487 0.033730 0.816487 0.015786 0.756241 0.015786
3 0.846257 0.033730 0.846257 0.779494 0.860796 0.797936 0.860796 0.015786
2 0.846257 0.285926 0.846257 0.328419 0.860796 0.328419 0.860796 0.285926
2 0.846257 0.401670 0.846257 0.415581 0.860796 0.415581 0.860796 0.401670
2 0.846257 0.416259 0.846257 0.460655 0.860796 0.460655 0.860796 0.416259
3 0.846257 0.779494 0.157806 0.779494 0.143267 0.797936 0.860796 0.797936
2 0.623976 0.779494 0.591692 0.779494 0.591692 0.797936 0.623976 0.797936
2 0.413024 0.779494 0.379183 0.779494 0.379183 0.797936 0.413024 0.797936
1 0.744123 0.779494 0.634998 0.779494 0.634998 0.797936 0.744123 0.797936
1 0.809630 0.779494 0.749400 0.779494 0.749400 0.797936 0.809630 0.797936
1 0.586878 0.779494 0.525873 0.779494 0.525873 0.797936 0.586878 0.797936
1 0.478685 0.779494 0.418301 0.779494 0.418301 0.797936 0.478685 0.797936
1 0.370645 0.779494 0.259811 0.779494 0.259811 0.797936 0.370645 0.797936
1 0.253449 0.779494 0.196480 0.779494 0.196480 0.797936 0.253449 0.797936
3 0.157806 0.779494 0.157806 0.033730 0.143267 0.015786 0.143267 0.797936
2 0.157806 0.460840 0.157806 0.417361 0.143267 0.417361 0.143267 0.460840
2 0.157806 0.416608 0.157806 0.401550 0.143267 0.401550 0.143267 0.416608
2 0.157806 0.328329 0.157806 0.285034 0.143267 0.285034 0.143267 0.328329
1 0.157806 0.621657 0.157806 0.589548 0.143267 0.589548 0.143267 0.621657
1 0.157806 0.515983 0.157806 0.483868 0.143267 0.483868 0.143267 0.515983
1 0.157806 0.216523 0.157806 0.184145 0.143267 0.184145 0.143267 0.216523
3 0.374236 0.015786 0.374236 0.439392 0.378952 0.431915 0.378952 0.015786
2 0.374236 0.352483 0.374236 0.394926 0.378952 0.394926 0.378952 0.352483
2 0.374236 0.296977 0.374236 0.339235 0.378952 0.339235 0.378952 0.296977
2 0.374236 0.209769 0.374236 0.252386 0.378952 0.252386 0.378952 0.209769
3 0.374236 0.439392 0.629823 0.439392 0.625501 0.431915 0.378952 0.431915
3 0.629823 0.439392 0.629823 0.015786 0.625501 0.015786 0.625501 0.431915
2 0.629823 0.252411 0.629823 0.209755 0.625501 0.209755 0.625501 0.252411
2 0.629823 0.339529 0.629823 0.297411 0.625501 0.297411 0.625501 0.339529
2 0.629823 0.395509 0.629823 0.352673 0.625501 0.352673 0.625501 0.395509
3 0.723014 0.015786 0.723014 0.367761 0.728122 0.361281 0.728122 0.015786
2 0.723014 0.209246 0.723014 0.252192 0.728122 0.252192 0.728122 0.209246
2 0.723014 0.263706 0.723014 0.300989 0.728122 0.300989 0.728122 0.263706
3 0.723014 0.367761 0.860796 0.367761 0.860796 0.361281 0.728122 0.361281
3 0.275199 0.015786 0.275199 0.361376 0.280700 0.368354 0.280700 0.015786
2 0.275199 0.211026 0.275199 0.251674 0.280700 0.251674 0.280700 0.211026
2 0.275199 0.264209 0.275199 0.300735 0.280700 0.300735 0.280700 0.264209
3 0.275199 0.361376 0.143267 0.361376 0.143267 0.368354 0.280700 0.368354
3 0.143267 0.260730 0.280700 0.260730 0.280700 0.253752 0.143267 0.253752
3 0.275199 0.207781 0.378952 0.207781 0.378952 0.200803 0.275199 0.200803
2 0.338863 0.207781 0.371049 0.207781 0.371049 0.200803 0.338863 0.200803
3 0.578280 0.266881 0.578280 0.339285 0.585778 0.349293 0.585778 0.254435
3 0.418501 0.254435 0.418501 0.349293 0.425075 0.339285 0.425075 0.266806
3 0.374236 0.349293 0.425075 0.349293 0.425075 0.343312 0.374236 0.343312
3 0.418501 0.349293 0.510427 0.349293 0.492941 0.339285 0.425075 0.339285
2 0.427516 0.349293 0.459839 0.349293 0.459839 0.339285 0.427516 0.339285
3 0.492941 0.349293 0.585778 0.349293 0.578280 0.339285 0.510427 0.339285
2 0.543878 0.349293 0.576300 0.349293 0.576300 0.339285 0.543878 0.339285
3 0.578280 0.349293 0.629823 0.349293 0.629823 0.343312 0.585778 0.343312
3 0.497782 0.015287 0.497782 0.254435 0.506427 0.266806 0.506427 0.015287
3 0.497782 0.266881 0.578280 0.266881 0.585778 0.254435 0.506427 0.254435
3 0.585778 0.260416 0.629823 0.260416 0.629823 0.254435 0.585778 0.254435
3 0.374236 0.260416 0.418501 0.260416 0.425075 0.254435 0.374236 0.254435
3 0.425075 0.266806 0.506427 0.266806 0.497782 0.254435 0.418501 0.254435
3 0.492941 0.260416 0.492941 0.339285 0.510427 0.349293 0.510427 0.260416
3 0.495212 0.349293 0.495212 0.439392 0.509169 0.439392 0.509169 0.349293
3 0.497782 0.439392 0.497782 0.797936 0.506427 0.797936 0.506427 0.439392
3 0.625501 0.208130 0.728122 0.208130 0.728122 0.202148 0.625501 0.202148
2 0.632086 0.208130 0.665007 0.208130 0.665007 0.202148 0.632086 0.202148
3 0.723014 0.260795 0.860796 0.260795 0.860796 0.254814 0.723014 0.254814
3 0.157806 0.471661 0.254746 0.471661 0.260247 0.462689 0.157806 0.462689
2 0.184994 0.471661 0.216756 0.471661 0.216756 0.462689 0.184994 0.462689
3 0.254746 0.471661 0.254746 0.564920 0.260247 0.571898 0.260247 0.462689
3 0.254746 0.564920 0.143267 0.564920 0.143267 0.571898 0.260247 0.571898
3 0.860796 0.471636 0.749608 0.471636 0.743714 0.462664 0.860796 0.462664
2 0.819309 0.471636 0.787130 0.471636 0.787130 0.462664 0.819309 0.462664
3 0.743714 0.462664 0.743714 0.572561 0.749608 0.565084 0.749608 0.471636
3 0.743714 0.572561 0.860796 0.572561 0.860796 0.565084 0.749608 0.565084
