0 0.948801 0.891554 0.791546 0.891554 0.791546 0.764792 0.948801 0.764792
0 0.623064 0.814119 0.680740 0.814119 0.680740 0.764792 0.773438 0.764792 0.773438 0.905095 0.442003 0.905095 0.442003 0.764792 0.623064 0.764792
0 0.963286 0.697092 0.917855 0.697092 0.917855 0.753862 0.755673 0.753862 0.755673 0.753515 0.708987 0.753515 0.708987 0.351220 0.963286 0.351220
0 0.358792 0.764792 0.427791 0.764792 0.427791 0.905095 0.161400 0.905095 0.161400 0.766624 0.232756 0.766624 0.232756 0.756503 0.358792 0.756503
0 0.694775 0.351220 0.694775 0.473433 0.622554 0.473433 0.622554 0.484710 0.694775 0.484710 0.694775 0.753515 0.358792 0.753515 0.358792 0.756503 0.232756 0.756503 0.232756 0.755347 0.161400 0.755347 0.161033 0.351220
0 0.664799 0.087471 0.962540 0.087471 0.962765 0.322088 0.666860 0.322088 0.666860 0.088618 0.664799 0.087471
2 0.733277 0.351220 0.826579 0.351220 0.826579 0.322088 0.733277 0.322088
1 0.839902 0.351220 0.901417 0.351220 0.901417 0.322088 0.839902 0.322088
1 0.292044 0.351220 0.508053 0.351220 0.508053 0.322088 0.292044 0.322088
3 0.791203 0.905095 0.161400 0.905095 0.136541 0.924830 0.791203 0.924830
2 0.347222 0.905095 0.252487 0.905095 0.252487 0.924830 0.347222 0.924830
3 0.161400 0.905095 0.161033 0.351220 0.136150 0.322088 0.136541 0.924830
3 0.755673 0.753515 0.358792 0.753515 0.358792 0.764792 0.755673 0.764792
3 0.232756 0.755347 0.161294 0.755347 0.161294 0.766624 0.232756 0.766624
3 0.427791 0.761972 0.427791 0.905095 0.442003 0.905095 0.442003 0.761972
2 0.427791 0.790465 0.427791 0.847038 0.442003 0.847038 0.442003 0.790465
3 0.708987 0.753515 0.708987 0.351220 0.694775 0.351220 0.694775 0.753515
2 0.708987 0.472174 0.708987 0.387221 0.694775 0.387221 0.694775 0.472174
3 0.773438 0.764792 0.773438 0.764792 0.755673 0.753862 0.755673 0.764792
3 0.773438 0.764792 0.773438 0.905095 0.791546 0.905095 0.791546 0.764792
2 0.773438 0.834652 0.773438 0.890952 0.791546 0.890952 0.791546 0.834652
3 0.694775 0.473433 0.622554 0.473433 0.622554 0.484710 0.694775 0.484710
3 0.623064 0.764792 0.623064 0.814119 0.680740 0.814119 0.680740 0.764792
3 0.917855 0.753862 0.917855 0.697092 0.970629 0.697092 0.970629 0.753862
