0 0.868210 0.544238 0.868324 0.469297 0.520038 0.469297 0.520038 0.497441 0.614410 0.544238 0.868210 0.544238 0.868210 0.544238
0 0.602620 0.559013 0.602830 0.559013 0.603706 0.711143 0.607000 0.711143 0.607000 0.759932 0.284177 0.759932 0.284177 0.503889 0.492411 0.503889
0 0.762687 0.887517 0.607000 0.887517 0.607000 0.711143 0.762687 0.711143
0 0.598241 0.957349 0.771446 0.957349 0.771446 1.000000 0.598241 1.000000 0.598241 0.957349 0.598241 0.957349
0 0.598241 0.942574 0.284177 0.942574 0.284177 0.764409 0.598241 0.764409
0 0.921134 0.706665 0.612439 0.706665 0.611563 0.559013 0.921134 0.559013
0 0.931645 0.198031 0.740675 0.198031 0.740675 0.081115 0.931645 0.081115
0 0.921134 0.861714 0.771446 0.861714 0.771446 0.766648 0.921134 0.766648
0 0.921134 0.942574 0.771446 0.942574 0.771446 0.866191 0.921134 0.866191
0 0.762687 0.942574 0.607000 0.942574 0.607000 0.891994 0.762687 0.891994
0 0.921134 0.762170 0.771446 0.762170 0.771446 0.711143 0.921134 0.711143
3 0.264031 0.489113 0.504201 0.489113 0.492411 0.503889 0.284177 0.503889
1 0.332406 0.489113 0.491973 0.489113 0.491973 0.503889 0.332406 0.503889
3 0.504201 0.489113 0.614410 0.544238 0.602620 0.559013 0.492411 0.503889
2 0.557808 0.515928 0.608962 0.541516 0.588746 0.552073 0.537591 0.526485
1 0.514379 0.494209 0.552044 0.513045 0.531828 0.523602 0.494163 0.504766
3 0.614410 0.544238 0.940404 0.544238 0.921134 0.559013 0.602620 0.559013
1 0.675821 0.544238 0.832884 0.544238 0.832884 0.559013 0.675821 0.559013
3 0.940404 0.559013 0.940404 0.490475 0.910246 0.490475 0.910246 0.559013
3 0.940404 0.544238 0.940404 0.957349 0.921134 0.942574 0.921134 0.559013
3 0.940404 0.957349 0.264031 0.957349 0.284177 0.942574 0.921134 0.942574
1 0.529305 0.957349 0.370832 0.957349 0.370832 0.942574 0.529305 0.942574
2 0.742112 0.957349 0.667088 0.957349 0.667088 0.942574 0.742112 0.942574
1 0.854003 0.957349 0.799467 0.957349 0.799467 0.942574 0.854003 0.942574
3 0.264031 0.957349 0.264031 0.490475 0.284177 0.490475 0.284177 0.942574
3 0.940404 0.490475 0.940404 0.076638 0.931645 0.081115 0.931645 0.490475
3 0.940404 0.076638 0.731916 0.076638 0.740675 0.081115 0.931645 0.081115
3 0.731916 0.076638 0.731916 0.202508 0.740675 0.198031 0.740675 0.081115
3 0.731916 0.202508 0.940404 0.202508 0.940404 0.198031 0.740675 0.198031
2 0.807850 0.202508 0.876978 0.202508 0.876978 0.198031 0.807850 0.198031
3 0.264031 0.490475 0.264031 0.433376 0.284159 0.433376 0.284159 0.490475
3 0.264031 0.490475 0.264031 0.489113 0.284177 0.503889 0.284177 0.490475
3 0.607000 0.957349 0.607000 0.759932 0.598241 0.764409 0.598241 0.957349
2 0.607000 0.830946 0.607000 0.794586 0.598241 0.794586 0.598241 0.830946
3 0.607000 0.759932 0.264031 0.759932 0.264031 0.764409 0.598241 0.764409
3 0.603706 0.711143 0.940404 0.711143 0.940404 0.706665 0.612439 0.706665
2 0.673781 0.711143 0.740535 0.711143 0.740535 0.706665 0.673781 0.706665
3 0.602769 0.558825 0.603706 0.711143 0.612439 0.706665 0.611528 0.558807
3 0.762687 0.957349 0.762687 0.706665 0.771446 0.706665 0.771446 0.957349
2 0.762687 0.837711 0.762687 0.808560 0.771446 0.808560 0.771446 0.837711
2 0.762687 0.758875 0.762687 0.733225 0.771446 0.733225 0.771446 0.758875
3 0.771446 0.866191 0.940404 0.866191 0.940404 0.861714 0.771446 0.861714
2 0.777858 0.866191 0.827252 0.866191 0.827252 0.861714 0.777858 0.861714
3 0.607000 0.891994 0.771446 0.891994 0.771446 0.887517 0.607000 0.887517
2 0.670741 0.891994 0.741875 0.891994 0.741875 0.887517 0.670741 0.887517
3 0.771446 0.766648 0.940404 0.766648 0.940404 0.762170 0.771446 0.762170
