0 0.560597 0.042571 0.172822 0.042571 0.172822 0.127108 0.560597 0.127108 0.560597 0.042571 0.560597 0.042571
0 0.560597 0.566818 0.093806 0.566818 0.093806 0.160384 0.560597 0.160384
0 0.560597 0.883461 0.093806 0.883461 0.093806 0.566818 0.560597 0.566818
0 0.954848 0.555817 0.587065 0.555817 0.587065 0.498222 0.560597 0.498222 0.560597 0.160384 0.954848 0.160384
0 0.954848 0.883461 0.587065 0.883461 0.587065 0.824344 0.560597 0.824344 0.560597 0.724498 0.954848 0.724498
0 0.943483 0.645176 0.928738 0.645176 0.928738 0.710747 0.622361 0.710747 0.622361 0.566818 0.943483 0.566818
3 1.000000 0.127383 0.036199 0.127383 0.093806 0.160384 0.954848 0.160384
1 0.782961 0.127383 0.686289 0.127383 0.686289 0.160384 0.782961 0.160384
2 0.542785 0.127383 0.394999 0.127383 0.394999 0.160384 0.542785 0.160384
2 0.394999 0.127383 0.348976 0.127383 0.348976 0.160384 0.394999 0.160384
1 0.345597 0.127383 0.184733 0.127383 0.184733 0.160384 0.345597 0.160384
3 0.036199 0.127383 0.036199 0.914629 0.093806 0.883461 0.093806 0.160384
3 0.036199 0.914629 1.000000 0.914629 0.954848 0.883461 0.093806 0.883461
2 0.615106 0.914629 0.760120 0.914629 0.760120 0.883461 0.615106 0.883461
3 0.560597 0.243372 0.560597 0.415793 0.587065 0.415793 0.587065 0.243372
3 0.560597 0.824344 0.560597 0.914629 0.587065 0.914629 0.587065 0.824344
3 1.000000 0.914629 1.000000 0.724498 0.954848 0.724498 0.954848 0.883461
3 0.560597 0.724498 0.943483 0.724498 0.943483 0.710747 0.622361 0.710747
2 0.713022 0.724498 0.848072 0.724498 0.848072 0.710747 0.713022 0.710747
3 0.560597 0.498222 0.560597 0.555817 0.587065 0.555817 0.587065 0.498222
3 0.560597 0.555817 0.560597 0.724498 0.622361 0.710747 0.622361 0.555817
3 1.000000 0.724498 1.000000 0.555817 0.943483 0.555817 0.943483 0.724498
3 1.000000 0.555817 1.000000 0.127383 0.954848 0.160384 0.954848 0.555817
3 0.587065 0.555817 1.000000 0.555817 1.000000 0.566818 0.560597 0.566818
3 0.947422 0.724498 0.947422 0.645176 0.928738 0.645176 0.928738 0.724498
3 0.560597 0.160384 0.560597 0.035238 0.583951 0.035238 0.583951 0.160384
3 0.172822 0.035238 0.172822 0.160384 0.149468 0.160384 0.149468 0.035238
