0 0.495942 0.493866 0.460924 0.493866 0.460924 0.354874 0.495942 0.354874
0 0.455757 0.791150 0.394475 0.790270 0.394475 0.675804 0.455945 0.675804
0 0.571382 0.340142 0.501438 0.340142 0.501438 0.220184 0.571382 0.220184
0 0.571382 0.493866 0.501438 0.493866 0.501438 0.353492 0.571382 0.353492
0 0.389895 0.790270 0.306731 0.789390 0.306731 0.675804 0.389895 0.675804
0 0.850232 0.569056 0.786014 0.569056 0.786014 0.356493 0.850232 0.356493
0 0.850232 0.799211 0.786014 0.799211 0.786014 0.578737 0.850232 0.578737
0 0.240269 0.485180 0.173426 0.485180 0.173426 0.220184 0.240269 0.220184
0 0.495942 0.343433 0.455885 0.343433 0.455885 0.489369 0.393893 0.489369 0.393893 0.220184 0.495942 0.220184
0 0.734433 0.794706 0.617398 0.792910 0.617398 0.504427 0.734433 0.504427
0 0.169271 0.484256 0.024501 0.484256 0.024501 0.220184 0.169271 0.220184
0 0.390911 0.485180 0.244849 0.485180 0.244849 0.220184 0.390911 0.220184
0 0.734433 0.220184 0.734433 0.494764 0.577795 0.494764 0.577795 0.220184
0 0.989465 0.799854 0.855271 0.799211 0.855271 0.356493 0.989465 0.356493
0 0.302609 0.789390 0.160353 0.787868 0.140891 0.826141 0.093176 0.825199 0.074016 0.787701 0.024501 0.787701 0.024501 0.493101 0.302609 0.493101
0 0.612680 0.792910 0.460796 0.791150 0.460796 0.666186 0.460145 0.666124 0.460145 0.565307 0.460924 0.565307 0.460924 0.504427 0.495300 0.504427 0.495300 0.565307 0.511790 0.565307 0.511790 0.504427 0.612680 0.504427
0 0.390911 0.499050 0.455885 0.499050 0.455885 0.565307 0.460145 0.565307 0.460145 0.666124 0.307190 0.666124 0.307190 0.577584 0.302609 0.577584 0.302609 0.493101 0.390911 0.493101
0 0.304762 0.815175 0.304762 0.997448 0.451987 0.999578 0.451987 0.816865 0.304762 0.815175 0.304762 0.815175
0 0.577795 0.194663 0.577795 0.018551 0.390609 0.018551 0.390911 0.194663 0.577795 0.194663 0.577795 0.194663
3 0.747602 0.820385 0.747602 0.194663 0.734433 0.220184 0.734433 0.794706
1 0.747602 0.725025 0.747602 0.588171 0.734433 0.588171 0.734433 0.725025
1 0.747602 0.432123 0.747602 0.384804 0.734433 0.384804 0.734433 0.432123
3 0.747602 0.194663 0.011218 0.194663 0.024501 0.220184 0.734433 0.220184
2 0.462266 0.194663 0.431096 0.194663 0.431096 0.220184 0.462266 0.220184
1 0.687767 0.194663 0.616688 0.194663 0.616688 0.220184 0.687767 0.220184
1 0.558323 0.194663 0.510063 0.194663 0.510063 0.220184 0.558323 0.220184
1 0.427977 0.194663 0.404186 0.194663 0.404186 0.220184 0.427977 0.220184
1 0.344754 0.194663 0.273395 0.194663 0.273395 0.220184 0.344754 0.220184
1 0.215484 0.194663 0.190566 0.194663 0.190566 0.220184 0.215484 0.220184
1 0.144367 0.194663 0.072481 0.194663 0.072481 0.220184 0.144367 0.220184
3 0.011218 0.194663 0.011218 0.813222 0.024501 0.787701 0.024501 0.220184
1 0.011218 0.535580 0.011218 0.582125 0.024501 0.582125 0.024501 0.535580
3 0.011218 0.813222 0.068441 0.813222 0.074016 0.787701 0.024501 0.787701
1 0.046817 0.813222 0.068602 0.813222 0.068602 0.787701 0.046817 0.787701
3 0.068441 0.813222 0.087547 0.850614 0.093176 0.825199 0.074016 0.787701
1 0.068492 0.813327 0.083401 0.842492 0.092878 0.824618 0.077969 0.795445
3 0.087547 0.850614 0.146424 0.851767 0.140891 0.826141 0.093176 0.825199
1 0.093181 0.850720 0.136434 0.851573 0.136571 0.826053 0.093318 0.825199
3 0.146424 0.851767 0.165914 0.813459 0.160353 0.787868 0.140891 0.826141
1 0.150400 0.843952 0.165781 0.813714 0.156277 0.795885 0.140900 0.826114
3 0.165914 0.813459 0.747602 0.820385 0.734433 0.794706 0.160353 0.787868
2 0.348643 0.815633 0.383963 0.816055 0.384045 0.790534 0.348725 0.790112
1 0.166537 0.813468 0.283600 0.814858 0.283683 0.789338 0.166619 0.787947
1 0.402106 0.816267 0.425059 0.816539 0.425141 0.791018 0.402189 0.790746
1 0.334219 0.815466 0.345688 0.815598 0.345771 0.790077 0.334301 0.789945
1 0.495772 0.817384 0.567768 0.818238 0.567851 0.792726 0.495855 0.791863
1 0.626508 0.818942 0.650350 0.819223 0.650432 0.793702 0.626591 0.793421
3 0.011218 0.493101 0.173426 0.493101 0.173426 0.484256 0.011218 0.484256
2 0.134616 0.493101 0.166509 0.493101 0.166509 0.484256 0.134616 0.484256
3 0.173426 0.485180 0.173426 0.194663 0.169271 0.194663 0.169271 0.485180
2 0.173426 0.316839 0.173426 0.261449 0.169271 0.261449 0.169271 0.316839
3 0.244849 0.194663 0.244849 0.491701 0.240269 0.491701 0.240269 0.194663
3 0.393893 0.194663 0.393893 0.489369 0.390911 0.499050 0.390911 0.194663
3 0.306731 0.815131 0.306731 0.666124 0.302609 0.666124 0.302609 0.815131
3 0.306731 0.666124 0.460984 0.666124 0.455945 0.675804 0.306731 0.675804
2 0.349083 0.666124 0.384119 0.666124 0.384119 0.675804 0.349083 0.675804
2 0.396926 0.666124 0.424715 0.666124 0.424715 0.675804 0.396926 0.675804
1 0.334750 0.666124 0.347649 0.666124 0.347649 0.675804 0.334750 0.675804
3 0.460984 0.666124 0.460970 0.816962 0.455931 0.816962 0.455945 0.675804
3 0.394475 0.816179 0.394475 0.666124 0.389895 0.666124 0.389895 0.816179
3 0.302609 0.666124 0.302609 0.577584 0.307190 0.577584 0.307190 0.666124
3 0.390911 0.499050 0.455885 0.499050 0.455885 0.489369 0.393893 0.489369
2 0.422150 0.499050 0.452812 0.499050 0.452812 0.489369 0.422150 0.489369
3 0.501438 0.194663 0.501438 0.499578 0.495942 0.499578 0.495942 0.194663
2 0.501438 0.286046 0.501438 0.335618 0.495942 0.335618 0.495942 0.286046
3 0.577795 0.194663 0.577795 0.494764 0.571382 0.504427 0.571382 0.194663
3 0.501438 0.354874 0.460924 0.354874 0.455885 0.343433 0.501438 0.343433
3 0.455885 0.343433 0.455885 0.565307 0.460924 0.565307 0.460924 0.354874
2 0.455885 0.389626 0.455885 0.441856 0.460924 0.441856 0.460924 0.389626
3 0.577795 0.504427 0.460924 0.504427 0.460924 0.493866 0.577795 0.493866
3 0.511790 0.493866 0.511790 0.565307 0.495300 0.565307 0.495300 0.493866
3 0.495942 0.353492 0.577795 0.353492 0.577795 0.340142 0.495942 0.340142
2 0.504466 0.353492 0.531582 0.353492 0.531582 0.340142 0.504466 0.340142
3 0.173426 0.493101 0.390911 0.493101 0.390911 0.485180 0.173426 0.485180
2 0.322223 0.493101 0.362513 0.493101 0.362513 0.485180 0.322223 0.485180
3 0.571382 0.504427 0.747602 0.504427 0.747602 0.494764 0.577795 0.494764
2 0.579993 0.504427 0.610490 0.504427 0.610490 0.494764 0.579993 0.494764
3 0.617398 0.818827 0.617398 0.494764 0.612680 0.494764 0.612680 0.818827
2 0.617398 0.568599 0.617398 0.506855 0.612680 0.506855 0.612680 0.568599
3 1.000000 0.818370 1.000000 0.336252 0.989465 0.356493 0.989465 0.799854
1 1.000000 0.753555 1.000000 0.663625 0.989465 0.663625 0.989465 0.753555
1 1.000000 0.628802 1.000000 0.539285 0.989465 0.539285 0.989465 0.628802
1 1.000000 0.509091 1.000000 0.416318 0.989465 0.416318 0.989465 0.509091
3 1.000000 0.336252 0.774563 0.336252 0.786014 0.356493 0.989465 0.356493
2 0.843609 0.336252 0.811994 0.336252 0.811994 0.356493 0.843609 0.356493
3 0.774563 0.336252 0.774563 0.817657 0.786014 0.799211 0.786014 0.356493
1 0.774563 0.661548 0.774563 0.752869 0.786014 0.752869 0.786014 0.661548
1 0.774563 0.416203 0.774563 0.507524 0.786014 0.507524 0.786014 0.416203
3 0.774563 0.817657 1.000000 0.818370 0.989465 0.799854 0.786014 0.799211
2 0.810794 0.817771 0.841479 0.817868 0.841497 0.799388 0.810813 0.799291
2 0.875507 0.817974 0.976466 0.818299 0.976479 0.799819 0.875521 0.799493
3 0.855271 0.817912 0.855271 0.336252 0.850232 0.336252 0.850232 0.817912
3 0.774563 0.578737 0.855271 0.578737 0.855271 0.569056 0.774563 0.569056
