0 0.397548 0.226666 0.397548 0.535346 0.397548 0.544061 0.049994 0.544061 0.049812 0.131569 0.397548 0.131569 0.397548 0.226666 0.397548 0.226666
0 0.509877 0.909754 0.509877 0.993530 0.397421 0.993530 0.397548 0.909754 0.509877 0.909754 0.509877 0.909754
0 0.421109 0.114245 0.762048 0.114245 0.762048 0.206939 0.421109 0.207082 0.421109 0.114245 0.421109 0.114245
0 0.901889 0.604102 0.692671 0.604102 0.692671 0.466537 0.749570 0.466537 0.749570 0.464925 0.901889 0.464925
0 0.901889 0.464925 0.749570 0.464925 0.749570 0.355788 0.901889 0.355788
0 0.739602 0.458184 0.397548 0.458184 0.397548 0.226666 0.739602 0.226666
0 0.739602 0.458251 0.682703 0.458251 0.682703 0.604102 0.516647 0.604102 0.516647 0.612388 0.574905 0.612388 0.574905 0.790673 0.407516 0.790673 0.407516 0.535775 0.397548 0.535775 0.397548 0.458184 0.739602 0.458184
0 0.397548 0.643331 0.264295 0.643331 0.264295 0.544061 0.397548 0.544061
0 0.407516 0.331473 0.407516 0.458251 0.584873 0.458251 0.584873 0.466537 0.397548 0.466537 0.397548 0.331473
0 0.901889 0.890169 0.584873 0.890169 0.584873 0.612388 0.901889 0.612388
0 0.397548 0.890169 0.049812 0.890169 0.049812 0.651617 0.397548 0.651617
0 0.254327 0.643331 0.049812 0.643331 0.049812 0.544061 0.254327 0.544061
0 0.901889 0.347502 0.749570 0.347502 0.749570 0.230794 0.901889 0.230794
0 0.574905 0.890169 0.407516 0.890169 0.407516 0.798959 0.574905 0.798959
3 0.901889 0.230794 0.901889 0.890169 0.925449 0.909754 0.925449 0.207082
3 0.901889 0.890169 0.049812 0.890169 0.028970 0.909754 0.925449 0.909754
1 0.693043 0.890169 0.654086 0.890169 0.654086 0.909754 0.693043 0.909754
1 0.795187 0.890169 0.695662 0.890169 0.695662 0.909754 0.795187 0.909754
2 0.503815 0.890169 0.420012 0.890169 0.420012 0.909754 0.503815 0.909754
1 0.167624 0.890169 0.125976 0.890169 0.125976 0.909754 0.167624 0.909754
1 0.275169 0.890169 0.169147 0.890169 0.169147 0.909754 0.275169 0.909754
3 0.049812 0.890169 0.049812 0.131569 0.028970 0.114245 0.028970 0.909754
3 0.049812 0.131569 0.397548 0.131569 0.421109 0.114245 0.028970 0.114245
1 0.104020 0.131569 0.143855 0.131569 0.143855 0.114245 0.104020 0.114245
1 0.145205 0.131569 0.297860 0.131569 0.297860 0.114245 0.145205 0.114245
1 0.298594 0.131569 0.338203 0.131569 0.338203 0.114245 0.298594 0.114245
3 0.397548 0.131569 0.397548 0.226666 0.421109 0.207082 0.421109 0.114245
3 0.397548 0.331473 0.397548 0.466537 0.407516 0.458251 0.407516 0.331473
3 0.397548 0.466537 0.584873 0.466537 0.584873 0.458251 0.407516 0.458251
3 0.028970 0.544061 0.397548 0.544061 0.407516 0.535775 0.028970 0.535775
3 0.397548 0.544061 0.397548 0.909754 0.407516 0.909754 0.407516 0.535775
2 0.397548 0.655541 0.397548 0.717458 0.407516 0.717458 0.407516 0.655541
2 0.397548 0.546953 0.397548 0.609752 0.407516 0.609752 0.407516 0.546953
3 0.028970 0.651617 0.407516 0.651617 0.407516 0.643331 0.028970 0.643331
2 0.190233 0.651617 0.248845 0.651617 0.248845 0.643331 0.190233 0.643331
3 0.254327 0.535775 0.254327 0.651617 0.264295 0.651617 0.264295 0.535775
3 0.516647 0.612388 0.925449 0.612388 0.925449 0.604102 0.516647 0.604102
2 0.588144 0.612388 0.667579 0.612388 0.667579 0.604102 0.588144 0.604102
3 0.739602 0.226666 0.739602 0.458251 0.749570 0.466537 0.749570 0.207082
3 0.739602 0.458251 0.682703 0.458251 0.692671 0.466537 0.749570 0.466537
3 0.682703 0.458251 0.682703 0.612388 0.692671 0.612388 0.692671 0.466537
2 0.682703 0.525524 0.682703 0.581874 0.692671 0.581874 0.692671 0.525524
3 0.739602 0.355788 0.925449 0.355788 0.925449 0.347502 0.739602 0.347502
2 0.751917 0.355788 0.809097 0.355788 0.809097 0.347502 0.751917 0.347502
3 0.397548 0.226666 0.739602 0.226666 0.739602 0.207082 0.421109 0.207082
1 0.422450 0.226666 0.536909 0.226666 0.536909 0.207082 0.422450 0.207082
2 0.554026 0.226666 0.629212 0.226666 0.629212 0.207082 0.554026 0.207082
1 0.643303 0.226666 0.671168 0.226666 0.671168 0.207082 0.643303 0.207082
3 0.739602 0.230794 0.901889 0.230794 0.925449 0.207082 0.739602 0.207082
3 0.584873 0.604102 0.584873 0.909754 0.574905 0.909754 0.574905 0.604102
3 0.397548 0.798959 0.584873 0.798959 0.584873 0.790673 0.397548 0.790673
2 0.421145 0.798959 0.505528 0.798959 0.505528 0.790673 0.421145 0.790673
3 0.028970 0.114245 0.028970 0.000550 0.038938 0.000550 0.038938 0.114245
