0 0.247355 0.248232 0.151524 0.248232 0.151524 0.103344 0.247355 0.103344
0 0.363171 0.248232 0.254474 0.248232 0.254474 0.103344 0.247479 0.103344 0.247479 0.248232 0.247355 0.248232 0.247355 0.103344 0.363171 0.103344
0 0.521772 0.383891 0.521852 0.383891 0.521852 0.427894 0.521772 0.427894 0.521772 0.437554 0.581889 0.437554 0.581889 0.527315 0.472541 0.527315 0.472541 0.437554 0.465545 0.437554 0.465545 0.482583 0.376086 0.482583 0.376086 0.179046 0.521772 0.179046
0 0.739456 0.641968 0.655496 0.641968 0.655496 0.594345 0.648500 0.594345 0.648500 0.641968 0.648414 0.641997 0.648500 0.710217 0.588884 0.710217 0.588884 0.437554 0.739456 0.437554
0 0.739456 0.427894 0.521852 0.427894 0.521852 0.383891 0.528767 0.383891 0.528767 0.179046 0.739456 0.179046
0 0.559138 0.813301 0.559138 0.999992 0.767179 1.000000 0.767179 0.813301 0.559138 0.813301
0 0.987086 0.795467 0.746451 0.795467 0.746451 0.393699 0.987086 0.393699
0 0.363171 0.795467 0.151524 0.795467 0.151524 0.406331 0.363171 0.406331
0 0.465545 0.536974 0.581889 0.536974 0.581889 0.795467 0.376086 0.795467 0.376086 0.492243 0.465545 0.492243
0 0.987086 0.384039 0.746451 0.384039 0.746451 0.179046 0.987086 0.179046
0 0.363171 0.389241 0.151524 0.389241 0.151524 0.260863 0.363171 0.260863
0 0.739456 0.795467 0.655496 0.795467 0.655496 0.651627 0.739456 0.651627
0 0.648500 0.795467 0.588884 0.795467 0.588884 0.719877 0.648500 0.719877
3 0.151524 0.103344 0.363171 0.103344 0.376086 0.085510 0.138610 0.085510
1 0.293745 0.103344 0.355751 0.103344 0.355751 0.085510 0.293745 0.085510
1 0.192184 0.103344 0.242453 0.103344 0.242453 0.085510 0.192184 0.085510
3 0.363171 0.103344 0.363171 0.179046 0.376086 0.161213 0.376086 0.085510
3 0.363171 0.179046 0.987086 0.179046 1.000000 0.161213 0.376086 0.161213
2 0.381284 0.179046 0.430348 0.179046 0.430348 0.161213 0.381284 0.161213
1 0.833936 0.179046 0.916104 0.179046 0.916104 0.161213 0.833936 0.161213
1 0.611942 0.179046 0.695638 0.179046 0.695638 0.161213 0.611942 0.161213
1 0.440723 0.179046 0.507576 0.179046 0.507576 0.161213 0.440723 0.161213
3 0.987086 0.179046 0.987086 0.795467 1.000000 0.813301 1.000000 0.161213
3 0.987086 0.795467 0.151524 0.795467 0.138610 0.813301 1.000000 0.813301
2 0.638034 0.795467 0.591348 0.795467 0.591348 0.813301 0.638034 0.813301
2 0.320360 0.795467 0.182648 0.795467 0.182648 0.813301 0.320360 0.813301
1 0.543812 0.795467 0.443392 0.795467 0.443392 0.813301 0.543812 0.813301
1 0.697086 0.795467 0.663616 0.795467 0.663616 0.813301 0.697086 0.813301
1 0.872674 0.795467 0.789580 0.795467 0.789580 0.813301 0.872674 0.813301
1 0.945205 0.795467 0.880019 0.795467 0.880019 0.813301 0.945205 0.813301
3 0.151524 0.795467 0.151524 0.103344 0.138610 0.085510 0.138610 0.813301
2 0.151524 0.338416 0.151524 0.270010 0.138610 0.270010 0.138610 0.338416
1 0.151524 0.612624 0.151524 0.545482 0.138610 0.545482 0.138610 0.612624
1 0.151524 0.699287 0.151524 0.627381 0.138610 0.627381 0.138610 0.699287
3 0.363171 0.179046 0.363171 0.795467 0.376086 0.795467 0.376086 0.179046
2 0.363171 0.182397 0.363171 0.236714 0.376086 0.236714 0.376086 0.182397
3 0.151524 0.406331 0.363171 0.406331 0.363171 0.389241 0.151524 0.389241
3 0.739456 0.179046 0.739456 0.795467 0.746451 0.795467 0.746451 0.179046
2 0.739456 0.444620 0.739456 0.582962 0.746451 0.582962 0.746451 0.444620
3 0.746451 0.393699 0.987086 0.393699 0.987086 0.384039 0.746451 0.384039
2 0.784183 0.393699 0.829723 0.393699 0.829723 0.384039 0.784183 0.384039
3 0.521772 0.437554 0.739456 0.437554 0.739456 0.427894 0.521772 0.427894
2 0.591348 0.437554 0.635010 0.437554 0.635010 0.427894 0.591348 0.427894
3 0.581889 0.437554 0.581889 0.795467 0.588884 0.795467 0.588884 0.437554
2 0.581889 0.539753 0.581889 0.600037 0.588884 0.600037 0.588884 0.539753
2 0.581889 0.442183 0.581889 0.503165 0.588884 0.503165 0.588884 0.442183
3 0.588884 0.719877 0.655496 0.719877 0.648500 0.710217 0.588884 0.710217
2 0.590089 0.719877 0.638034 0.719877 0.638034 0.710217 0.590089 0.710217
3 0.648500 0.719877 0.648500 0.795467 0.655496 0.795467 0.655496 0.719877
3 0.655496 0.719877 0.655496 0.641968 0.648500 0.641968 0.648500 0.710217
2 0.655496 0.702140 0.655496 0.655097 0.648500 0.655097 0.648500 0.702140
3 0.655496 0.651627 0.739456 0.651627 0.739456 0.641968 0.648500 0.641968
3 0.648500 0.641968 0.648500 0.594345 0.655496 0.594345 0.655496 0.641968
3 0.465545 0.536974 0.581889 0.536974 0.581889 0.527315 0.472541 0.527315
3 0.472541 0.527315 0.472541 0.437554 0.465545 0.437554 0.465545 0.536974
3 0.376086 0.492243 0.465545 0.492243 0.465545 0.482583 0.376086 0.482583
3 0.151524 0.260863 0.363171 0.260863 0.363171 0.248232 0.151524 0.248232
3 0.247479 0.103344 0.247479 0.248232 0.254474 0.248232 0.254474 0.103344
2 0.247479 0.190734 0.247479 0.240950 0.254474 0.240950 0.254474 0.190734
3 0.521772 0.383891 0.521772 0.179046 0.528767 0.179046 0.528767 0.383891
