0 0.644431 0.843224 0.613451 0.843224 0.613451 0.857165 0.497324 0.857165 0.497324 0.782988 0.644431 0.782988
0 0.489202 0.623098 0.341907 0.623098 0.341907 0.451200 0.489202 0.451200
0 0.489202 0.772764 0.468116 0.772764 0.468116 0.857165 0.466721 0.857165 0.466721 0.898320 0.134387 0.898320 0.134387 0.692499 0.387746 0.692499 0.387746 0.634251 0.489202 0.634251
0 0.822621 0.564200 0.979271 0.564200 0.979271 0.843224 0.658564 0.843224 0.658564 0.782988 0.662851 0.782988 0.662851 0.772764 0.658564 0.772764 0.658564 0.500702 0.822621 0.500702
0 0.644431 0.440047 0.502393 0.440047 0.502393 0.437779 0.489202 0.437779 0.489202 0.440047 0.330601 0.440047 0.330601 0.681345 0.134387 0.681345 0.134387 0.107591 0.644431 0.107591
0 0.496165 1.000000 0.496165 0.870298 0.646635 0.870298 0.646098 0.998810 0.496165 1.000000
3 0.094814 0.067625 0.676466 0.067625 0.644431 0.107591 0.134387 0.107591
1 0.286760 0.067625 0.601476 0.067625 0.601476 0.107591 0.286760 0.107591
3 0.676466 0.067625 0.676466 0.469101 0.644431 0.500702 0.644431 0.107591
3 0.644431 0.500702 0.979271 0.500702 1.000000 0.469101 0.676466 0.469101
3 1.000000 0.469101 1.000000 0.870177 0.979271 0.843224 0.979271 0.500702
3 1.000000 0.870177 0.613451 0.870177 0.613451 0.843224 0.979271 0.843224
1 0.960512 0.870177 0.750419 0.870177 0.750419 0.843224 0.960512 0.843224
3 0.613451 0.870177 0.497814 0.870177 0.466721 0.857165 0.613451 0.857165
2 0.590650 0.870177 0.501988 0.870177 0.501988 0.857165 0.590650 0.857165
1 0.612141 0.870177 0.591931 0.870177 0.591931 0.857165 0.612141 0.857165
3 0.497814 0.870177 0.497814 0.930702 0.466721 0.898320 0.466721 0.857165
3 0.497814 0.930702 0.094814 0.930702 0.134387 0.898320 0.466721 0.898320
3 0.094814 0.930702 0.094814 0.067625 0.134387 0.107591 0.134387 0.898320
1 0.094814 0.804058 0.094814 0.695380 0.134387 0.695380 0.134387 0.804058
1 0.094814 0.679050 0.094814 0.453096 0.134387 0.453096 0.134387 0.679050
3 0.468116 0.857751 0.468116 0.772764 0.497324 0.782988 0.497324 0.857751
3 0.468116 0.772764 0.658564 0.772764 0.658564 0.782988 0.497324 0.782988
2 0.507613 0.772764 0.587408 0.772764 0.587408 0.782988 0.507613 0.782988
1 0.591931 0.772764 0.614280 0.772764 0.614280 0.782988 0.591931 0.782988
3 0.489202 0.780144 0.489202 0.440047 0.502393 0.440047 0.502393 0.780144
2 0.489202 0.586748 0.489202 0.517636 0.502393 0.517636 0.502393 0.586748
2 0.489202 0.768377 0.489202 0.694162 0.502393 0.694162 0.502393 0.768377
3 0.094814 0.681345 0.338063 0.681345 0.387746 0.692499 0.094814 0.692499
2 0.253039 0.681345 0.329329 0.681345 0.329329 0.692499 0.253039 0.692499
3 0.387746 0.692499 0.387746 0.623897 0.338063 0.623897 0.338063 0.681345
3 0.330601 0.692499 0.330601 0.453989 0.341907 0.453989 0.341907 0.692499
3 0.330601 0.440047 0.676466 0.440047 0.676466 0.451200 0.330601 0.451200
2 0.507246 0.440047 0.641802 0.440047 0.641802 0.451200 0.507246 0.451200
3 0.330601 0.623098 0.502393 0.623098 0.502393 0.634251 0.330601 0.634251
3 1.000000 0.564200 0.822621 0.564200 0.836754 0.471378 1.000000 0.471378
3 0.822621 0.564200 0.822621 0.469101 0.836754 0.469101 0.836754 0.471378
3 0.644431 0.500702 0.644431 0.870177 0.658564 0.870177 0.658564 0.500702
2 0.644431 0.566217 0.644431 0.642031 0.658564 0.642031 0.658564 0.566217
3 0.330601 0.453989 0.330601 0.440047 0.341907 0.451200 0.341907 0.453989
3 0.134387 0.440047 0.330601 0.440047 0.330601 0.451200 0.134387 0.451200
2 0.135838 0.440047 0.328735 0.440047 0.328735 0.451200 0.135838 0.451200
