0 0.487981 0.577186 0.203106 0.574770 0.203106 0.445634 0.487981 0.445634
0 0.487981 0.445634 0.203106 0.445634 0.203376 0.360511 0.487981 0.360511
0 0.498612 0.345298 0.498612 0.295295 0.611220 0.295295 0.611220 0.345093 0.498612 0.345298 0.498612 0.345298
0 0.488624 0.577186 0.487981 0.577186 0.487981 0.360511 0.488624 0.360511
0 0.488624 0.629566 0.473892 0.629566 0.473892 0.843538 0.203376 0.843538 0.203376 0.582150 0.488624 0.582150
0 0.965292 0.629566 0.488624 0.629566 0.488624 0.360511 0.965292 0.360511
0 0.487981 0.577186 0.203376 0.577186 0.203106 0.574770
0 0.965292 0.903839 0.489318 0.903839 0.489318 0.735347 0.965292 0.735347
0 0.752751 0.728727 0.489318 0.728727 0.489318 0.636185 0.752751 0.636185
0 0.304093 0.992278 0.053450 0.992278 0.053450 0.918732 0.304093 0.918732
0 0.473892 0.903839 0.203376 0.903839 0.203376 0.850157 0.473892 0.850157
0 0.965292 0.728727 0.768177 0.728727 0.768177 0.636185 0.965292 0.636185
0 0.322090 0.918732 0.322090 0.967676 0.453196 0.967676 0.453196 0.918567 0.322090 0.918732
2 0.507032 0.345618 0.604124 0.345618 0.604124 0.360511 0.507032 0.360511
1 0.335446 0.345618 0.494614 0.345618 0.494614 0.360511 0.335446 0.360511
1 0.618804 0.345618 0.891994 0.345618 0.891994 0.360511 0.618804 0.360511
2 0.443825 0.918732 0.330934 0.918732 0.330934 0.903839 0.443825 0.903839
1 0.802808 0.918732 0.578157 0.918732 0.578157 0.903839 0.802808 0.903839
3 0.203376 0.903839 0.203376 0.360511 0.181523 0.345618 0.181523 0.918732
3 0.181523 0.577186 0.488624 0.577186 0.488624 0.582150 0.181523 0.582150
2 0.289053 0.577186 0.380592 0.577186 0.380592 0.582150 0.289053 0.582150
3 0.473892 0.629566 0.473892 0.918732 0.489318 0.918732 0.489318 0.636185
2 0.473892 0.676325 0.473892 0.712918 0.489318 0.712918 0.489318 0.676325
2 0.473892 0.739053 0.473892 0.782619 0.489318 0.782619 0.489318 0.739053
3 0.489318 0.843538 0.181523 0.843538 0.181523 0.850157 0.489318 0.850157
2 0.444416 0.843538 0.328209 0.843538 0.328209 0.850157 0.444416 0.850157
3 0.768177 0.629566 0.768177 0.735347 0.752751 0.735347 0.752751 0.629566
2 0.768177 0.691864 0.768177 0.725313 0.752751 0.725313 0.752751 0.691864
3 0.181523 0.918732 0.049658 0.918732 0.035454 0.904391 0.181523 0.904391
3 0.035454 0.904391 0.035454 1.000000 0.049658 0.995124 0.049658 0.918732
3 0.035454 1.000000 0.322090 1.000000 0.310160 0.995124 0.049658 0.995124
3 0.322090 1.000000 0.322090 0.903839 0.310160 0.903839 0.310160 0.995124
2 0.322090 0.993524 0.322090 0.957896 0.310160 0.957896 0.310160 0.993524
