0 0.340396 0.174659 0.340396 0.121318 0.410310 0.121318 0.410310 0.182846 0.346326 0.182846 0.346326 0.174771 0.340396 0.174659 0.340396 0.174659
0 0.472722 0.739517 0.320213 0.739517 0.320213 0.689311 0.320157 0.689311 0.320157 0.641254 0.307646 0.641254 0.307646 0.689311 0.058962 0.689311 0.058962 0.480310 0.101928 0.480310 0.101928 0.461464 0.472722 0.461464
0 0.403340 0.749366 0.472722 0.749366 0.472722 0.888246 0.320213 0.888246 0.320213 0.739517 0.403340 0.739517
0 0.410310 0.190922 0.410310 0.202230 0.472722 0.202230 0.472722 0.461464 0.058962 0.461464 0.058962 0.202041 0.346326 0.202041 0.346326 0.190922
0 0.174045 0.888246 0.058962 0.888246 0.058962 0.697686 0.174045 0.697686
0 0.311712 0.888246 0.182546 0.888246 0.182546 0.786471 0.311712 0.786471
0 0.311712 0.778689 0.182546 0.778689 0.182546 0.697686 0.311712 0.697686
3 0.026375 0.174771 0.026375 0.915726 0.058962 0.888246 0.058962 0.202041
1 0.026375 0.414887 0.026375 0.457332 0.058962 0.457332 0.058962 0.414887
3 0.026375 0.915726 0.331243 0.915726 0.331243 0.888246 0.058962 0.888246
1 0.205662 0.915726 0.234424 0.915726 0.234424 0.888246 0.205662 0.888246
1 0.102558 0.915726 0.169405 0.915726 0.169405 0.888246 0.102558 0.888246
3 0.331243 0.898394 0.401398 0.898394 0.401398 0.888246 0.331243 0.888246
2 0.334120 0.898394 0.399578 0.898394 0.399578 0.888246 0.334120 0.888246
3 0.401398 0.915872 0.488520 0.915872 0.472722 0.888246 0.401398 0.888246
3 0.488520 0.915872 0.488520 0.174771 0.472722 0.202230 0.472722 0.888246
3 0.488520 0.174771 0.410310 0.174771 0.410310 0.202230 0.472722 0.202230
3 0.410310 0.182846 0.346326 0.182846 0.346326 0.190922 0.410310 0.190922
2 0.408213 0.182846 0.349832 0.182846 0.349832 0.190922 0.408213 0.190922
3 0.346326 0.174771 0.026375 0.174771 0.058962 0.202041 0.346326 0.202041
1 0.207829 0.174771 0.118816 0.174771 0.118816 0.202041 0.207829 0.202041
1 0.123974 0.174771 0.099554 0.174771 0.099554 0.202041 0.123974 0.202041
1 0.344116 0.174771 0.281753 0.174771 0.281753 0.202041 0.344116 0.202041
3 0.320213 0.915726 0.320213 0.689311 0.311712 0.697686 0.311712 0.915726
2 0.320213 0.883653 0.320213 0.832546 0.311712 0.832546 0.311712 0.883653
2 0.320213 0.741213 0.320213 0.698838 0.311712 0.698838 0.311712 0.741213
3 0.320213 0.689311 0.026375 0.689311 0.026375 0.697686 0.311712 0.697686
2 0.167570 0.689311 0.108438 0.689311 0.108438 0.697686 0.167570 0.697686
3 0.174045 0.689311 0.174045 0.915726 0.182546 0.915726 0.182546 0.689311
3 0.320213 0.778689 0.174045 0.778689 0.174045 0.786471 0.320213 0.786471
3 0.488520 0.749366 0.403340 0.749366 0.403340 0.739517 0.488520 0.739517
3 0.026375 0.461464 0.101928 0.461464 0.101928 0.480310 0.026375 0.480310
3 0.307646 0.697686 0.307646 0.641254 0.320157 0.641254 0.320157 0.697686
0 0.783669 0.197078 0.783570 0.484338 0.708173 0.484338 0.708173 0.569556 0.915082 0.569653 0.915082 0.545273 0.922392 0.545273 0.922874 0.731930 0.982906 0.731930 0.982906 0.484226 0.915082 0.484226 0.915082 0.478230 0.982906 0.478230 0.982906 0.197148 0.924079 0.197148 0.924079 0.188807 0.858635 0.188807 0.858635 0.197148 0.783669 0.197078 0.783669 0.197078
0 0.772066 0.053383 0.992066 0.053383 0.992066 0.174114 0.924079 0.174114 0.924079 0.181499 0.858635 0.181499 0.858635 0.174114 0.772066 0.174114 0.772066 0.053383 0.772066 0.053383
0 0.792043 0.746602 0.835731 0.746602 0.835731 0.746713 0.792043 0.746713 0.792043 0.762300 0.835731 0.762300 0.835731 0.879458 0.569648 0.879458 0.569648 0.577331 0.792043 0.577331
0 0.775778 0.476660 0.569648 0.476660 0.569648 0.197148 0.775778 0.197148
0 0.915082 0.738924 0.799836 0.738924 0.799836 0.577331 0.915082 0.577331
0 0.915082 0.750601 0.975850 0.750601 0.975850 0.871061 0.849489 0.871061 0.849489 0.751271 0.859428 0.751271 0.859428 0.746630 0.849489 0.746602 0.915082 0.746602
0 0.700380 0.569653 0.614739 0.569653 0.614739 0.551729 0.569648 0.551729 0.569648 0.484338 0.700380 0.484338
3 0.540872 0.908264 0.540872 0.174114 0.569648 0.197148 0.569648 0.879458
3 0.999858 0.174114 0.999858 0.745262 0.982906 0.745262 0.982906 0.197148
3 1.000000 0.745262 1.000000 0.908264 0.975850 0.871061 0.975850 0.745262
3 1.000000 0.908264 0.835894 0.908264 0.835894 0.871061 0.975850 0.871061
1 0.956496 0.908264 0.883585 0.908264 0.883585 0.871061 0.956496 0.871061
3 0.835894 0.908264 0.540872 0.908264 0.569648 0.879458 0.835894 0.879458
1 0.743282 0.908264 0.633725 0.908264 0.633725 0.879458 0.743282 0.879458
1 0.639052 0.908264 0.614761 0.908264 0.614761 0.879458 0.639052 0.879458
3 0.999858 0.174114 0.924079 0.174114 0.924079 0.197148 0.982906 0.197148
3 0.924079 0.181499 0.858635 0.181499 0.858635 0.188807 0.924079 0.188807
2 0.918942 0.181499 0.862970 0.181499 0.862970 0.188807 0.918942 0.188807
3 0.858635 0.174114 0.540872 0.174114 0.569648 0.197148 0.858635 0.197148
1 0.722809 0.174114 0.631586 0.174114 0.631586 0.197148 0.722809 0.197148
1 0.636679 0.174114 0.611474 0.174114 0.611474 0.197148 0.636679 0.197148
1 0.856268 0.174114 0.792999 0.174114 0.792999 0.197148 0.856268 0.197148
3 0.783570 0.174114 0.783570 0.484338 0.775778 0.476660 0.775778 0.174114
3 0.783570 0.484338 0.540872 0.484338 0.540872 0.476660 0.775778 0.476660
2 0.773057 0.484338 0.715059 0.484338 0.715059 0.476660 0.773057 0.476660
3 0.540872 0.577331 0.915082 0.577331 0.922874 0.569653 0.540872 0.569653
2 0.733173 0.577331 0.788317 0.577331 0.788317 0.569653 0.733173 0.569653
2 0.845734 0.577331 0.902677 0.577331 0.902677 0.569653 0.845734 0.569653
3 0.915082 0.577331 0.915082 0.750601 0.922874 0.731930 0.922874 0.569653
3 0.915082 0.750601 0.999858 0.750601 0.999858 0.731930 0.922874 0.731930
3 0.700380 0.476660 0.700380 0.577331 0.708173 0.577331 0.708173 0.476660
2 0.700380 0.489028 0.700380 0.530440 0.708173 0.530440 0.708173 0.489028
3 0.540872 0.569660 0.614739 0.569660 0.614739 0.551729 0.540872 0.551729
3 0.792043 0.569653 0.792043 0.746602 0.799836 0.738924 0.799836 0.569653
3 0.792043 0.746602 0.922874 0.746602 0.922874 0.738924 0.799836 0.738924
2 0.862432 0.746602 0.912326 0.746602 0.912326 0.738924 0.862432 0.738924
3 0.835731 0.738924 0.835731 0.908264 0.849489 0.908264 0.849489 0.738924
3 0.849489 0.746713 0.792043 0.746713 0.792043 0.762300 0.849489 0.762300
3 0.859428 0.746630 0.835731 0.746630 0.835731 0.751271 0.859428 0.751271
