0 0.525766 0.802776 0.542033 0.802776 0.542033 0.981078 0.463832 0.981078 0.463832 0.889220 0.498611 0.889220 0.498611 0.949335 0.504994 0.949335 0.504994 0.881428 0.463832 0.881428 0.463832 0.790082 0.525788 0.790082
0 0.521947 0.781973 0.408016 0.781973 0.408016 0.778740 0.401590 0.778740 0.401590 0.697950 0.521947 0.697950
0 0.455853 0.881428 0.401590 0.881428 0.401590 0.793810 0.408016 0.793810 0.408016 0.790082 0.455853 0.790082
3 0.401590 0.881428 0.463832 0.881428 0.445746 0.900907 0.381908 0.900907
3 0.463832 0.881428 0.463832 0.981078 0.445746 1.000000 0.445746 0.900907
3 0.463832 0.981078 0.542033 0.981078 0.560119 1.000000 0.445746 1.000000
1 0.487509 0.981078 0.540469 0.981078 0.540469 1.000000 0.487509 1.000000
3 0.542033 0.981078 0.542033 0.802776 0.560119 0.802776 0.560119 1.000000
3 0.525766 0.802776 0.525766 0.796248 0.560119 0.796248 0.560119 0.802776
3 0.525788 0.796248 0.525788 0.782129 0.641618 0.782129 0.641618 0.796248
3 0.521947 0.782129 0.521947 0.748326 0.605919 0.748326 0.605919 0.782129
3 0.521947 0.748326 0.521947 0.697950 0.542693 0.677359 0.542693 0.748326
3 0.521947 0.697950 0.401590 0.697950 0.381908 0.677359 0.542693 0.677359
3 0.401590 0.697950 0.401590 0.881428 0.381908 0.900907 0.381908 0.677359
1 0.401590 0.698952 0.401590 0.735248 0.381908 0.735248 0.381908 0.698952
3 0.408016 0.778740 0.401590 0.778740 0.401590 0.793810 0.408016 0.793810
3 0.463832 0.881428 0.463832 0.790082 0.455853 0.790082 0.455853 0.881428
2 0.463832 0.830936 0.463832 0.794846 0.455853 0.794846 0.455853 0.830936
3 0.463832 0.881428 0.504994 0.881428 0.498611 0.889220 0.463832 0.889220
2 0.467327 0.881428 0.496680 0.881428 0.496680 0.889220 0.467327 0.889220
3 0.504994 0.881428 0.504994 0.949335 0.498611 0.949335 0.498611 0.889220
3 0.408016 0.781973 0.525788 0.781973 0.525788 0.790082 0.408016 0.790082
2 0.468955 0.781973 0.503648 0.781973 0.503648 0.790082 0.468955 0.790082
0 0.137715 0.407643 0.137715 0.556089 0.078972 0.556089 0.078972 0.407643 0.137715 0.407643
0 0.291095 0.199695 0.234108 0.199695 0.234108 0.194608 0.228256 0.194608 0.228256 0.289695 0.193457 0.289695 0.193457 0.291921 0.078972 0.291921 0.078972 0.121332 0.291095 0.121332
0 0.479823 0.292478 0.335661 0.292478 0.335661 0.289695 0.296414 0.289695 0.296414 0.121332 0.479823 0.121332
0 0.479823 0.504366 0.252194 0.504366 0.252194 0.298043 0.479823 0.298043
0 0.243683 0.388800 0.243683 0.394365 0.197734 0.394365 0.197734 0.462110 0.192414 0.462110 0.192414 0.388800
0 0.243683 0.504366 0.145162 0.504366 0.145162 0.388800 0.139842 0.388800 0.139842 0.399852 0.078972 0.399852 0.078972 0.298043 0.243683 0.298043
0 0.291095 0.251023 0.287903 0.251023 0.287903 0.262031 0.280988 0.262031 0.280988 0.273851 0.244747 0.273851 0.244747 0.262019 0.236768 0.262019 0.236768 0.238529 0.234108 0.238529 0.234108 0.205260 0.291095 0.205260
3 0.069929 0.407643 0.137715 0.407643 0.145162 0.399852 0.078972 0.399852
2 0.082541 0.407643 0.123879 0.407643 0.123879 0.399852 0.082541 0.399852
3 0.145162 0.399852 0.145162 0.504366 0.137715 0.512157 0.137715 0.407643
3 0.145162 0.504366 0.479823 0.504366 0.487802 0.512157 0.137715 0.512157
1 0.297680 0.504366 0.329969 0.504366 0.329969 0.512157 0.297680 0.512157
1 0.332336 0.504366 0.363561 0.504366 0.363561 0.512157 0.332336 0.512157
1 0.365726 0.504366 0.395797 0.504366 0.395797 0.512157 0.365726 0.512157
1 0.397579 0.504366 0.428985 0.504366 0.428985 0.512157 0.397579 0.512157
3 0.479823 0.504366 0.479823 0.121332 0.487802 0.112984 0.487802 0.512157
1 0.479823 0.186556 0.479823 0.151428 0.487802 0.151428 0.487802 0.186556
1 0.479823 0.221683 0.479823 0.188153 0.487802 0.188153 0.487802 0.221683
1 0.479823 0.258224 0.479823 0.223275 0.487802 0.223275 0.487802 0.258224
3 0.479823 0.121332 0.078972 0.121332 0.069929 0.112984 0.487802 0.112984
1 0.160790 0.121332 0.130267 0.121332 0.130267 0.112984 0.160790 0.112984
1 0.193856 0.121332 0.162482 0.121332 0.162482 0.112984 0.193856 0.112984
3 0.078972 0.121332 0.078972 0.399852 0.069929 0.407643 0.069929 0.112984
3 0.252194 0.504366 0.252194 0.298043 0.243683 0.298043 0.243683 0.504366
2 0.252194 0.380151 0.252194 0.336721 0.243683 0.336721 0.243683 0.380151
3 0.335661 0.298043 0.296414 0.298043 0.296414 0.289695 0.335661 0.289695
3 0.296414 0.298043 0.228256 0.298043 0.244747 0.273851 0.280988 0.273851
3 0.228256 0.298043 0.193457 0.298043 0.193457 0.289695 0.228256 0.289695
3 0.193457 0.298043 0.078972 0.298043 0.078972 0.291921 0.193457 0.291921
2 0.184472 0.298043 0.150322 0.298043 0.150322 0.291921 0.184472 0.291921
3 0.335661 0.298043 0.479823 0.298043 0.479823 0.292478 0.335661 0.292478
2 0.335943 0.298043 0.441613 0.298043 0.441613 0.292478 0.335943 0.292478
3 0.228256 0.298043 0.228256 0.262019 0.244747 0.262019 0.244747 0.273851
3 0.228256 0.262019 0.228256 0.238529 0.236768 0.238529 0.236768 0.262019
3 0.228256 0.238529 0.228256 0.194608 0.234108 0.194608 0.234108 0.238529
3 0.296414 0.298043 0.296414 0.262031 0.280988 0.262031 0.280988 0.273851
3 0.296414 0.262031 0.296414 0.251023 0.287903 0.251023 0.287903 0.262031
3 0.296414 0.251023 0.296414 0.121332 0.291095 0.121332 0.291095 0.251023
2 0.296414 0.194976 0.296414 0.160110 0.291095 0.160110 0.291095 0.194976
3 0.291095 0.199695 0.234108 0.199695 0.234108 0.205260 0.291095 0.205260
2 0.268998 0.199695 0.236092 0.199695 0.236092 0.205260 0.268998 0.205260
3 0.145162 0.399852 0.145162 0.388800 0.139842 0.388800 0.139842 0.399852
3 0.192414 0.388800 0.192414 0.462110 0.197734 0.462110 0.197734 0.394365
3 0.192414 0.388800 0.243683 0.388800 0.243683 0.394365 0.197734 0.394365
2 0.199452 0.388800 0.235560 0.388800 0.235560 0.394365 0.199452 0.394365
0 0.992551 0.227432 0.593046 0.227432 0.593046 0.120030 0.992551 0.120030
0 0.992551 0.392968 0.925713 0.392968 0.925713 0.432753 0.852597 0.432753 0.852597 0.392968 0.813600 0.392968 0.813600 0.235223 0.992551 0.235223
0 0.992551 0.506470 0.765896 0.506470 0.765896 0.401316 0.847278 0.401316 0.847278 0.438318 0.931032 0.438318 0.931032 0.401316 0.992551 0.401316
0 0.742623 0.277029 0.707239 0.277029 0.707239 0.395016 0.593046 0.395016 0.593046 0.235223 0.742623 0.235223
0 0.808281 0.392968 0.760044 0.392968 0.760044 0.506470 0.660316 0.506470 0.660316 0.400024 0.707239 0.400024 0.707239 0.465671 0.712026 0.465671 0.712026 0.347979 0.808281 0.347979
0 0.652869 0.506470 0.593046 0.506470 0.593046 0.402807 0.652869 0.402807
0 0.742623 0.300558 0.808281 0.300558 0.808281 0.342414 0.712026 0.342414 0.712026 0.282037 0.742623 0.282037
0 0.775891 0.262921 0.747943 0.262921 0.747943 0.235223 0.775891 0.235223
0 0.807749 0.262921 0.781210 0.262921 0.781210 0.235223 0.807749 0.235223
3 0.585599 0.395016 0.660316 0.395016 0.652869 0.402807 0.585599 0.402807
2 0.623447 0.395016 0.651613 0.395016 0.651613 0.402807 0.623447 0.402807
3 0.660316 0.395016 0.660316 0.514261 0.652869 0.514261 0.652869 0.402807
3 0.660316 0.506470 0.992551 0.506470 0.999998 0.514261 0.660316 0.514261
1 0.696328 0.506470 0.724819 0.506470 0.724819 0.514261 0.696328 0.514261
1 0.726644 0.506470 0.755863 0.506470 0.755863 0.514261 0.726644 0.514261
3 0.992551 0.506470 0.992551 0.120030 0.999998 0.112238 0.999998 0.514261
1 0.992551 0.365214 0.992551 0.332107 0.999998 0.332107 0.999998 0.365214
1 0.992551 0.329236 0.992551 0.295755 0.999998 0.295755 0.999998 0.329236
1 0.992551 0.293173 0.992551 0.259526 0.999998 0.259526 0.999998 0.293173
3 0.992551 0.120030 0.593046 0.120030 0.585599 0.112238 0.999998 0.112238
3 0.593046 0.120030 0.593046 0.395016 0.585599 0.395016 0.585599 0.112238
1 0.593046 0.278058 0.593046 0.313147 0.585599 0.313147 0.585599 0.278058
1 0.593046 0.316341 0.593046 0.350255 0.585599 0.350255 0.585599 0.316341
3 0.593046 0.227432 0.992551 0.227432 0.992551 0.235223 0.593046 0.235223
2 0.704893 0.227432 0.739586 0.227432 0.739586 0.235223 0.704893 0.235223
3 0.660316 0.395016 0.707239 0.395016 0.712026 0.400024 0.660316 0.400024
3 0.712026 0.400024 0.712026 0.465671 0.707239 0.465671 0.707239 0.400024
3 0.712026 0.400024 0.712026 0.282037 0.707239 0.277029 0.707239 0.395016
2 0.712026 0.390964 0.712026 0.351808 0.707239 0.351808 0.707239 0.390964
3 0.712026 0.282037 0.742623 0.282037 0.742623 0.277029 0.707239 0.277029
3 0.742623 0.300558 0.808281 0.300558 0.813600 0.262921 0.747943 0.262921
3 0.742623 0.300558 0.742623 0.235223 0.747943 0.235223 0.747943 0.262921
2 0.742623 0.259509 0.742623 0.238273 0.747943 0.238273 0.747943 0.259509
3 0.813600 0.300558 0.813600 0.235223 0.807749 0.235223 0.807749 0.300558
2 0.813600 0.259409 0.813600 0.237466 0.807749 0.237466 0.807749 0.259409
3 0.781210 0.235223 0.781210 0.262921 0.775891 0.262921 0.775891 0.235223
3 0.813600 0.262921 0.813600 0.347979 0.808281 0.347979 0.808281 0.300558
3 0.808281 0.347979 0.712026 0.347979 0.712026 0.342414 0.808281 0.342414
2 0.773279 0.347979 0.742927 0.347979 0.742927 0.342414 0.773279 0.342414
3 0.813600 0.347979 0.813600 0.401316 0.808281 0.392968 0.808281 0.347979
2 0.813600 0.350812 0.813600 0.390380 0.808281 0.390380 0.808281 0.350812
3 0.808281 0.401316 0.847278 0.401316 0.852597 0.392968 0.808281 0.392968
3 0.813600 0.401316 0.765896 0.401316 0.760044 0.392968 0.808281 0.392968
2 0.806866 0.401316 0.773907 0.401316 0.773907 0.392968 0.806866 0.392968
3 0.765896 0.401316 0.765896 0.506470 0.760044 0.506470 0.760044 0.392968
3 0.852597 0.392968 0.852597 0.432753 0.847278 0.438318 0.847278 0.401316
3 0.852597 0.432753 0.925713 0.432753 0.931032 0.438318 0.847278 0.438318
3 0.925713 0.432753 0.925713 0.392968 0.931032 0.401316 0.931032 0.438318
3 0.585599 0.395016 0.585599 0.514261 0.593046 0.506470 0.593046 0.395016
1 0.585599 0.416564 0.585599 0.505089 0.593046 0.505089 0.593046 0.416564
1 0.585599 0.403319 0.585599 0.413025 0.593046 0.413025 0.593046 0.403319
3 0.585599 0.514261 0.660316 0.514261 0.660316 0.506470 0.593046 0.506470
1 0.595158 0.514261 0.651246 0.514261 0.651246 0.506470 0.595158 0.506470
3 0.931032 0.401316 0.992551 0.401316 0.992551 0.392968 0.925713 0.392968
