0 0.695044 0.851818 0.971256 0.851818 0.971256 0.313953 0.823738 0.313953 0.823738 0.294057 0.753617 0.294057 0.753617 0.313953 0.591036 0.313953 0.591036 0.522279 0.695044 0.521894 0.695044 0.851818 0.695044 0.851818
0 0.413503 0.521894 0.413699 0.100903 0.443548 0.101080 0.443548 0.077406 0.580269 0.077406 0.580269 0.100715 0.591036 0.100715 0.591036 0.521371 0.413503 0.521894 0.413503 0.521894
0 0.413503 0.672957 0.300114 0.672957 0.300114 0.446254 0.413503 0.446254
0 0.413503 0.446254 0.300114 0.446254 0.300049 0.101080 0.413699 0.100903
0 0.500124 0.879625 0.385424 0.879625 0.386060 0.684794 0.430144 0.684794 0.430144 0.521894 0.500124 0.521894 0.500124 0.879625 0.500124 0.879625
0 0.058215 0.428508 0.291980 0.428508 0.291980 0.101080 0.287028 0.101080 0.287028 0.082417 0.184033 0.082417 0.184033 0.101080 0.058215 0.101080 0.058215 0.428508 0.058215 0.428508
0 0.594420 0.846491 0.505671 0.846491 0.505671 0.532745 0.594420 0.532745
0 0.690002 0.846491 0.609548 0.846491 0.609548 0.669810 0.690002 0.669810
0 0.677989 0.267591 0.610199 0.267591 0.610199 0.085297 0.677989 0.085297
0 0.123771 0.615112 0.058215 0.615112 0.058215 0.439359 0.123771 0.439359
0 0.690002 0.657973 0.609548 0.657973 0.609548 0.532745 0.690002 0.532745
3 0.029975 0.647665 0.138900 0.647665 0.123771 0.615112 0.058215 0.615112
3 0.123771 0.615112 0.123771 0.428508 0.138900 0.455142 0.138900 0.647665
3 0.123771 0.428508 0.300049 0.428508 0.286433 0.455142 0.138900 0.455142
3 0.300049 0.428508 0.300049 0.672957 0.286433 0.699591 0.286433 0.455142
3 0.300049 0.672957 0.386039 0.672957 0.372424 0.699591 0.286433 0.699591
3 0.386039 0.672957 0.386039 0.879625 0.372424 0.906259 0.372424 0.699591
3 0.386039 0.879625 0.500124 0.879625 0.506175 0.906259 0.372424 0.906259
2 0.423160 0.879625 0.471077 0.879625 0.471077 0.906259 0.423160 0.906259
3 0.500124 0.879625 0.500124 0.846491 0.506175 0.858328 0.506175 0.906259
3 0.500124 0.846491 0.695044 0.846491 0.675882 0.858328 0.506175 0.858328
3 0.675882 0.858328 0.675882 0.898180 0.695044 0.851818 0.695044 0.846491
3 0.675882 0.898180 1.000000 0.898180 0.971256 0.851818 0.695044 0.851818
3 0.677989 0.313953 0.677989 0.085297 0.700682 0.040908 0.700682 0.257726
2 0.677989 0.237889 0.677989 0.184651 0.700682 0.184651 0.700682 0.237889
2 0.677989 0.182974 0.677989 0.110875 0.700682 0.110875 0.700682 0.182974
3 0.580269 0.040908 0.541863 0.040908 0.541863 0.077406 0.580269 0.077406
1 0.576618 0.040908 0.544637 0.040908 0.544637 0.077406 0.576618 0.077406
3 0.541863 0.040908 0.528737 0.040908 0.528737 0.100715 0.541863 0.100715
3 0.528737 0.040908 0.493245 0.040908 0.493245 0.077406 0.528737 0.077406
1 0.526432 0.040908 0.496155 0.040908 0.496155 0.077406 0.526432 0.077406
3 0.493245 0.040908 0.480537 0.040908 0.480537 0.100903 0.493245 0.100903
3 0.480537 0.040908 0.443548 0.040908 0.443548 0.077406 0.480537 0.077406
1 0.477612 0.040908 0.445797 0.040908 0.445797 0.077406 0.477612 0.077406
3 0.058215 0.101080 0.058215 0.615112 0.029975 0.647665 0.029975 0.101080
3 0.580269 0.040908 0.610199 0.040908 0.610199 0.102067 0.580269 0.102067
3 0.610199 0.040908 0.700682 0.040908 0.677989 0.085297 0.610199 0.085297
3 0.610199 0.040908 0.610199 0.267591 0.591036 0.313953 0.591036 0.102067
2 0.610199 0.113095 0.610199 0.188666 0.591036 0.188666 0.591036 0.113095
2 0.610199 0.190935 0.610199 0.243758 0.591036 0.243758 0.591036 0.190935
3 0.591036 0.313953 0.700682 0.313953 0.700682 0.267591 0.610199 0.267591
3 0.300049 0.428508 0.300049 0.101080 0.291980 0.101080 0.291980 0.428508
2 0.300049 0.421800 0.300049 0.329529 0.291980 0.329529 0.291980 0.421800
3 0.123771 0.428508 0.058215 0.428508 0.058215 0.439359 0.123771 0.439359
2 0.104457 0.428508 0.061513 0.428508 0.061513 0.439359 0.104457 0.439359
3 0.695044 0.846491 0.695044 0.521894 0.690002 0.532745 0.690002 0.846491
3 0.695044 0.521894 0.500124 0.521894 0.505671 0.532745 0.690002 0.532745
2 0.686351 0.521894 0.644636 0.521894 0.644636 0.532745 0.686351 0.532745
3 0.500124 0.521894 0.500124 0.846491 0.505671 0.846491 0.505671 0.532745
2 0.500124 0.659176 0.500124 0.754584 0.505671 0.754584 0.505671 0.659176
3 0.413503 0.521894 0.413503 0.672957 0.430144 0.684794 0.430144 0.521894
3 0.413503 0.672957 0.386039 0.672957 0.386039 0.684794 0.430144 0.684794
3 0.594420 0.846491 0.594420 0.521894 0.609548 0.521894 0.609548 0.846491
2 0.594420 0.757100 0.594420 0.675078 0.609548 0.675078 0.609548 0.757100
3 0.413699 0.101080 0.413699 0.313460 0.421768 0.313460 0.421768 0.101080
3 0.609548 0.657973 0.690002 0.657973 0.690002 0.669810 0.609548 0.669810
3 0.443548 0.040908 0.287028 0.040908 0.287028 0.101080 0.443548 0.101080
3 0.287028 0.040908 0.184033 0.040908 0.184033 0.082417 0.287028 0.082417
1 0.284224 0.040908 0.187326 0.040908 0.187326 0.082417 0.284224 0.082417
3 0.184033 0.040908 0.029975 0.040908 0.029975 0.101080 0.184033 0.101080
3 0.677989 0.313953 0.753617 0.313953 0.753617 0.257726 0.700682 0.257726
3 0.753617 0.294057 0.823738 0.294057 0.823738 0.257726 0.753617 0.257726
1 0.755922 0.294057 0.821196 0.294057 0.821196 0.257726 0.755922 0.257726
3 0.823738 0.313953 0.971256 0.313953 1.000000 0.257726 0.823738 0.257726
3 0.971256 0.313953 0.971256 0.480937 1.000000 0.480937 1.000000 0.257726
3 0.982733 0.480937 0.982733 0.686303 1.000000 0.686303 1.000000 0.480937
1 0.982733 0.487309 0.982733 0.680059 1.000000 0.680059 1.000000 0.487309
3 0.971256 0.686303 0.971256 0.851818 1.000000 0.898180 1.000000 0.686303
