0 0.533880 0.621498 0.079976 0.621498 0.078717 0.279746 0.533880 0.279746
0 0.742062 0.506408 0.691214 0.506408 0.691214 0.514287 0.749322 0.514287 0.749322 0.621498 0.533880 0.621498 0.533880 0.279746 0.742062 0.279746
0 0.923109 0.621498 0.749322 0.621498 0.749322 0.514287 0.749470 0.514287 0.749470 0.279746 0.923109 0.279746
0 0.556769 0.254666 0.556769 0.153066 0.904961 0.153066 0.904961 0.257721 0.558135 0.257721 0.556769 0.254666
0 0.052576 0.253134 0.052576 0.035550 0.559576 0.035550 0.559576 0.254692 0.054050 0.254692 0.052576 0.253134
0 0.374027 0.968485 0.080799 0.968485 0.079976 0.629377 0.374027 0.629377
0 0.534580 0.814089 0.670037 0.814089 0.670037 0.960536 0.544794 0.960536 0.544794 0.911443 0.535016 0.911443 0.535016 0.968485 0.381435 0.968485 0.381435 0.629377 0.534580 0.629377
0 0.923109 0.968485 0.677445 0.968485 0.677445 0.629377 0.923109 0.629377
0 0.670037 0.804118 0.541987 0.804118 0.541987 0.629377 0.670037 0.629377
3 0.048988 0.248232 0.952739 0.248232 0.923109 0.279746 0.078717 0.279746
1 0.087186 0.248232 0.265804 0.248232 0.265804 0.279746 0.087186 0.279746
2 0.268150 0.248232 0.338430 0.248232 0.338430 0.279746 0.268150 0.279746
1 0.340183 0.248232 0.526999 0.248232 0.526999 0.279746 0.340183 0.279746
1 0.604893 0.248232 0.693321 0.248232 0.693321 0.279746 0.604893 0.279746
1 0.693321 0.248232 0.730219 0.248232 0.730219 0.279746 0.693321 0.279746
1 0.753643 0.248232 0.781750 0.248232 0.781750 0.279746 0.753643 0.279746
2 0.781750 0.248232 0.860812 0.248232 0.860812 0.279746 0.781750 0.279746
3 0.952739 0.248232 0.952739 1.000000 0.923109 0.968485 0.923109 0.279746
1 0.952739 0.531445 0.952739 0.607877 0.923109 0.607877 0.923109 0.531445
1 0.952739 0.699926 0.952739 0.775789 0.923109 0.775789 0.923109 0.699926
3 0.952739 1.000000 0.051268 1.000000 0.080799 0.968485 0.923109 0.968485
1 0.742301 1.000000 0.691947 1.000000 0.691947 0.968485 0.742301 0.968485
1 0.875002 1.000000 0.742301 1.000000 0.742301 0.968485 0.875002 0.968485
1 0.519913 1.000000 0.445427 1.000000 0.445427 0.968485 0.519913 0.968485
1 0.273919 1.000000 0.128626 1.000000 0.128626 0.968485 0.273919 0.968485
1 0.314307 1.000000 0.272347 1.000000 0.272347 0.968485 0.314307 0.968485
3 0.051268 1.000000 0.048988 0.248232 0.078717 0.279746 0.080799 0.968485
1 0.049918 0.554372 0.049688 0.477843 0.079317 0.477747 0.079548 0.554267
3 0.050124 0.621498 0.952739 0.621498 0.952739 0.629377 0.050124 0.629377
2 0.582292 0.621498 0.656761 0.621498 0.656761 0.629377 0.582292 0.629377
2 0.684630 0.621498 0.757075 0.621498 0.757075 0.629377 0.684630 0.629377
2 0.452093 0.621498 0.527073 0.621498 0.527073 0.629377 0.452093 0.629377
2 0.294537 0.621498 0.369509 0.621498 0.369509 0.629377 0.294537 0.629377
3 0.677445 0.621498 0.677445 1.000000 0.670037 1.000000 0.670037 0.621498
3 0.541987 0.621498 0.541987 0.804118 0.534580 0.814089 0.534580 0.621498
3 0.541987 0.804118 0.677445 0.804118 0.677445 0.814089 0.534580 0.814089
3 0.535016 1.000000 0.535016 0.911443 0.544794 0.911443 0.544794 1.000000
3 0.535016 0.960536 0.677445 0.960536 0.677445 0.972074 0.535016 0.972074
3 0.374027 0.621498 0.374027 1.000000 0.381435 1.000000 0.381435 0.621498
3 0.691214 0.514287 0.749470 0.514287 0.742062 0.506408 0.691214 0.506408
3 0.749470 0.514287 0.749470 0.248232 0.742062 0.248232 0.742062 0.506408
3 0.563864 0.279746 0.563864 0.155184 0.537682 0.155184 0.537682 0.279746
3 0.914516 0.279746 0.914516 0.152120 0.887002 0.152120 0.887002 0.279746
