0 0.337980 0.495538 0.228786 0.495538 0.228786 0.514355 0.136168 0.514355 0.136168 0.442347 0.228786 0.442347 0.228786 0.426777 0.130695 0.426777 0.130695 0.497934 0.057498 0.497934 0.057498 0.064833 0.337980 0.064833
0 0.228786 0.514702 0.337980 0.514702 0.337980 0.863458 0.057498 0.863458 0.057498 0.514702 0.136168 0.514702 0.136168 0.514355 0.228786 0.514355
0 0.514249 0.491849 0.508365 0.491849 0.508365 0.863458 0.345277 0.863458 0.345277 0.302871 0.514249 0.302871
0 0.978107 0.491849 0.514249 0.491849 0.514249 0.064833 0.978107 0.064833
0 0.868019 0.863458 0.993587 0.863458 0.993614 0.529147 0.868019 0.529147 0.868019 0.863458 0.868019 0.863458
0 0.570926 0.790385 0.570926 0.863458 0.515809 0.863458 0.515809 0.790385
0 0.853424 0.863458 0.515663 0.863458 0.515663 0.513409 0.853424 0.513409
0 0.506951 0.221162 0.481117 0.221162 0.481117 0.293289 0.345277 0.293289 0.345277 0.064833 0.506951 0.064833
1 0.493551 0.021715 0.360512 0.021715 0.360512 0.064833 0.493551 0.064833
3 0.029219 0.021715 0.029219 0.883820 0.057498 0.863458 0.057498 0.064833
1 0.029219 0.171396 0.029219 0.497802 0.057498 0.497802 0.057498 0.171396
1 0.029219 0.515026 0.029219 0.750728 0.057498 0.750728 0.057498 0.515026
3 0.029219 0.883820 0.868019 0.883820 0.853424 0.863458 0.057498 0.863458
2 0.353059 0.883820 0.441545 0.883820 0.441545 0.863458 0.353059 0.863458
3 0.853424 0.863458 0.853424 0.491849 0.868019 0.529147 0.868019 0.883820
1 0.853424 0.640548 0.853424 0.527566 0.868019 0.527566 0.868019 0.640548
1 0.853424 0.855697 0.853424 0.641422 0.868019 0.641422 0.868019 0.855697
2 0.873310 0.491849 0.944710 0.491849 0.944710 0.529147 0.873310 0.529147
3 0.853424 0.491849 0.508365 0.491849 0.515663 0.513409 0.853424 0.513409
3 0.508365 0.491849 0.508365 0.883820 0.515663 0.883820 0.515663 0.513409
2 0.508365 0.519050 0.508365 0.616617 0.515663 0.616617 0.515663 0.519050
3 0.868019 0.883820 0.993587 0.883820 0.993587 0.863458 0.868019 0.863458
3 0.337980 0.883820 0.337980 0.021715 0.345277 0.021715 0.345277 0.883820
2 0.337980 0.621923 0.337980 0.521805 0.345277 0.521805 0.345277 0.621923
2 0.337980 0.410104 0.337980 0.309506 0.345277 0.309506 0.345277 0.410104
3 0.337980 0.293289 0.481117 0.293289 0.514249 0.302871 0.337980 0.302871
2 0.347111 0.293289 0.412363 0.293289 0.412363 0.302871 0.347111 0.302871
3 0.514249 0.302871 0.514249 0.221162 0.481117 0.221162 0.481117 0.293289
3 0.514249 0.221162 0.514249 0.021715 0.506951 0.021715 0.506951 0.221162
3 0.345277 0.514702 0.228786 0.514702 0.228786 0.495538 0.345277 0.495538
3 0.228786 0.426777 0.130695 0.426777 0.136168 0.442347 0.228786 0.442347
3 0.136168 0.442347 0.136168 0.514702 0.130695 0.497934 0.130695 0.426777
3 0.136168 0.514702 0.029219 0.514702 0.029219 0.497934 0.130695 0.497934
3 0.515809 0.863458 0.515809 0.790385 0.570926 0.790385 0.570926 0.863458
