0 0.608860 0.175692 0.941671 0.175692 0.941671 0.531979 0.534852 0.531979 0.534852 0.305301 0.605306 0.305301 0.605306 0.176294 0.608860 0.175692
0 0.595549 0.300664 0.529195 0.300664 0.529195 0.300766 0.356800 0.300766 0.356800 0.186315 0.595549 0.186315
0 0.529195 0.528438 0.485965 0.528438 0.485965 0.530149 0.399095 0.530149 0.399095 0.530529 0.219413 0.530529 0.219413 0.528888 0.187625 0.528888 0.187625 0.306758 0.347411 0.306758 0.347411 0.347736 0.447088 0.347736 0.447088 0.323316 0.443219 0.323316 0.443219 0.342149 0.356800 0.342149 0.356800 0.300766 0.529195 0.300766
0 0.399095 0.657154 0.390287 0.657154 0.390287 0.718909 0.280103 0.718909 0.280103 0.680433 0.187625 0.680433 0.187625 0.533956 0.219413 0.533956 0.219413 0.530529 0.399095 0.530529
0 0.390287 0.770965 0.399095 0.770965 0.399095 0.838972 0.390287 0.838972 0.390287 0.980997 0.187625 0.980997 0.187625 0.758011 0.280103 0.758011 0.280103 0.724116 0.390287 0.724116
0 0.485965 0.534773 0.529195 0.534773 0.529195 0.598808 0.488565 0.598808 0.488565 0.605142 0.601000 0.605142 0.601000 0.706063 0.808507 0.706063 0.808507 0.754787 0.784128 0.800059 0.600216 0.800059 0.600216 0.848904 0.399157 0.848904 0.399157 0.838972 0.399095 0.838972 0.399095 0.770965 0.399157 0.770965 0.399157 0.657154 0.399095 0.657154 0.399095 0.530149 0.485965 0.530149
0 0.980213 0.979679 0.788345 0.979679 0.788345 0.806375 0.815637 0.756320 0.980213 0.756320
0 0.808507 0.699728 0.607823 0.699728 0.607823 0.544528 0.808507 0.544528
0 0.781522 0.979679 0.607039 0.979679 0.607039 0.806394 0.781522 0.806394
0 0.595549 0.173013 0.419912 0.173013 0.419912 0.048630 0.595549 0.048630
0 0.347411 0.300424 0.187625 0.300424 0.187625 0.186315 0.347411 0.186315
0 0.980213 0.749986 0.815330 0.749986 0.815330 0.647634 0.980213 0.647634
0 0.980213 0.641299 0.815330 0.641299 0.815330 0.544528 0.980213 0.544528
0 0.287253 0.173013 0.187625 0.173013 0.187625 0.048294 0.287253 0.048294
0 0.408995 0.048630 0.408995 0.161845 0.298170 0.161845 0.298170 0.048294
0 0.600216 0.937340 0.491533 0.937340 0.491533 0.854852 0.600216 0.854852
0 0.485535 0.937340 0.399157 0.937340 0.399157 0.854852 0.485535 0.854852
0 0.270121 0.750176 0.187625 0.750176 0.187625 0.693736 0.270121 0.693736
0 0.601000 0.598808 0.540235 0.598808 0.540235 0.544528 0.601000 0.544528
3 0.171249 0.033078 0.171249 1.000000 0.187625 0.980997 0.187625 0.048294
1 0.171249 0.115173 0.171249 0.167818 0.187625 0.167818 0.187625 0.115173
1 0.171249 0.189913 0.171249 0.243851 0.187625 0.243851 0.187625 0.189913
2 0.171249 0.248405 0.171249 0.295191 0.187625 0.295191 0.187625 0.248405
1 0.171249 0.560522 0.171249 0.656166 0.187625 0.656166 0.187625 0.560522
3 0.171249 1.000000 0.406662 1.000000 0.390287 0.980997 0.187625 0.980997
1 0.228364 1.000000 0.340657 1.000000 0.340657 0.980997 0.228364 0.980997
3 0.406662 1.000000 0.406662 0.948742 0.390287 0.937340 0.390287 0.980997
3 0.406662 0.948742 0.591346 0.948742 0.607039 0.937340 0.390287 0.937340
2 0.413294 0.948742 0.459942 0.948742 0.459942 0.937340 0.413294 0.937340
3 0.591346 0.948742 0.591346 0.998049 0.607039 0.979679 0.607039 0.937340
3 0.591346 0.998049 1.000000 0.998049 0.980213 0.979679 0.607039 0.979679
1 0.855756 0.998049 0.970102 0.998049 0.970102 0.979679 0.855756 0.979679
1 0.649716 0.998049 0.753766 0.998049 0.753766 0.979679 0.649716 0.979679
3 1.000000 0.998049 1.000000 0.526158 0.980213 0.544528 0.980213 0.979679
1 1.000000 0.717376 1.000000 0.652340 0.980213 0.652340 0.980213 0.717376
1 1.000000 0.879968 1.000000 0.813020 0.980213 0.813020 0.980213 0.879968
3 1.000000 0.526158 0.539430 0.526158 0.529195 0.544528 0.980213 0.544528
1 0.778486 0.526158 0.656928 0.526158 0.656928 0.544528 0.778486 0.544528
1 0.941261 0.526158 0.865021 0.526158 0.865021 0.544528 0.941261 0.544528
2 0.596265 0.526158 0.545987 0.526158 0.545987 0.544528 0.596265 0.544528
3 0.529195 0.544528 0.529195 0.300664 0.539430 0.310166 0.539430 0.526158
1 0.529195 0.498350 0.529195 0.337670 0.539430 0.337670 0.539430 0.498350
3 0.529195 0.300664 0.611924 0.300664 0.611924 0.310166 0.539430 0.310166
1 0.543469 0.300664 0.593747 0.300664 0.593747 0.310166 0.543469 0.310166
3 0.611924 0.317748 0.611924 0.033446 0.595549 0.048630 0.595549 0.317748
2 0.611924 0.274997 0.611924 0.206243 0.595549 0.206243 0.595549 0.274997
3 0.611924 0.033446 0.171249 0.033078 0.187625 0.048294 0.595549 0.048630
1 0.526166 0.033370 0.446720 0.033307 0.446706 0.048509 0.526152 0.048573
1 0.396161 0.033262 0.326335 0.033205 0.326322 0.048408 0.396148 0.048465
3 0.171249 0.186315 0.287253 0.186315 0.287253 0.173013 0.171249 0.173013
2 0.197627 0.186315 0.249270 0.186315 0.249270 0.173013 0.197627 0.173013
3 0.287253 0.186315 0.419912 0.186315 0.419912 0.161845 0.287253 0.161845
3 0.419912 0.186315 0.611924 0.186315 0.611924 0.173013 0.419912 0.173013
2 0.546185 0.186315 0.590350 0.186315 0.590350 0.173013 0.546185 0.173013
3 0.287253 0.173013 0.287253 0.033173 0.298170 0.033173 0.298170 0.186315
3 0.419912 0.186315 0.419912 0.033288 0.408995 0.033288 0.408995 0.173013
2 0.419912 0.095390 0.419912 0.056529 0.408995 0.056529 0.408995 0.095390
3 0.347411 0.161845 0.347411 0.347736 0.356800 0.342149 0.356800 0.161845
2 0.347411 0.251028 0.347411 0.296446 0.356800 0.296446 0.356800 0.251028
3 0.347411 0.347736 0.447088 0.347736 0.443219 0.342149 0.356800 0.342149
3 0.447088 0.347736 0.447088 0.323316 0.443219 0.323316 0.443219 0.342149
3 0.171249 0.306758 0.356800 0.306758 0.356800 0.300424 0.171249 0.300424
3 0.607039 0.937340 0.607039 0.806394 0.600216 0.800059 0.600216 0.937340
3 0.600216 0.800059 0.784128 0.800059 0.788345 0.806394 0.607039 0.806394
2 0.616113 0.800059 0.657406 0.800059 0.657406 0.806394 0.616113 0.806394
3 0.784128 0.800059 0.808507 0.754787 0.815330 0.756282 0.788345 0.806394
2 0.786899 0.794910 0.805730 0.759950 0.811830 0.762781 0.793005 0.797747
3 0.808507 0.754787 0.808507 0.526158 0.815330 0.526158 0.815330 0.756282
2 0.808507 0.745533 0.808507 0.708223 0.815330 0.708223 0.815330 0.745533
2 0.808507 0.591688 0.808507 0.552839 0.815330 0.552839 0.815330 0.591688
3 0.808507 0.641299 1.000000 0.641299 1.000000 0.647634 0.808507 0.647634
3 0.808507 0.749986 1.000000 0.749986 1.000000 0.756320 0.808507 0.756320
3 0.607823 0.526158 0.607823 0.699728 0.601000 0.706063 0.601000 0.526158
3 0.607823 0.699728 0.815330 0.699728 0.815330 0.706063 0.601000 0.706063
2 0.615444 0.699728 0.658470 0.699728 0.658470 0.706063 0.615444 0.706063
3 0.607823 0.605142 0.488565 0.605142 0.488565 0.598808 0.607823 0.598808
2 0.591605 0.605142 0.542875 0.605142 0.542875 0.598808 0.591605 0.598808
3 0.529195 0.544528 0.529195 0.605142 0.540235 0.605142 0.540235 0.544528
3 0.539430 0.528438 0.485965 0.528438 0.485965 0.534773 0.539430 0.534773
3 0.171249 0.533956 0.219413 0.533956 0.219413 0.528888 0.171249 0.528888
3 0.390287 0.937340 0.390287 0.838972 0.399157 0.838972 0.399157 0.937340
3 0.390287 0.770965 0.390287 0.657154 0.399157 0.657154 0.399157 0.770965
3 0.390287 0.600866 0.390287 0.533462 0.399157 0.529028 0.399157 0.600866
3 0.399157 0.529028 0.362053 0.529028 0.362053 0.533462 0.390287 0.533462
3 0.390287 0.854852 0.607039 0.854852 0.607039 0.848904 0.390287 0.848904
2 0.524733 0.854852 0.558944 0.854852 0.558944 0.848904 0.524733 0.848904
2 0.409145 0.854852 0.463572 0.854852 0.463572 0.848904 0.409145 0.848904
3 0.485535 0.848904 0.485535 0.948742 0.491533 0.948742 0.491533 0.848904
3 0.171249 0.693736 0.270121 0.693736 0.280103 0.680433 0.171249 0.680433
3 0.280103 0.680433 0.280103 0.758011 0.270121 0.750176 0.270121 0.693736
3 0.280103 0.758011 0.171249 0.758011 0.171249 0.750176 0.270121 0.750176
2 0.264826 0.758011 0.228569 0.758011 0.228569 0.750176 0.264826 0.750176
3 0.271233 0.718909 0.399157 0.718909 0.399157 0.724116 0.271233 0.724116
3 0.788345 0.800059 0.788345 0.998049 0.781522 0.998049 0.781522 0.800059
