0 0.662528 0.074718 0.493591 0.074718 0.493591 0.301875 0.561838 0.301875 0.569035 0.304085 0.574553 0.310577 0.574553 0.372374 0.991293 0.372374 0.992912 0.372374 0.992901 0.222155 0.662528 0.222155 0.662528 0.074718
0 0.475895 0.403780 0.465189 0.395995 0.463467 0.392570 0.463467 0.311606 0.465885 0.308803 0.474857 0.301953 0.561854 0.301953 0.568752 0.304134 0.574624 0.310983 0.574624 0.393511 0.570827 0.398175 0.564614 0.402536 0.563006 0.403800 0.475895 0.403780 0.475895 0.403780
0 0.309489 0.669678 0.210108 0.669678 0.210108 0.610943 0.309489 0.610943
0 0.536283 0.849481 0.463343 0.849481 0.463343 0.758277 0.536283 0.758277
0 0.219836 0.414648 0.102933 0.414648 0.102933 0.371556 0.219836 0.371556
0 0.341817 0.849481 0.258612 0.849481 0.258612 0.758277 0.341817 0.758277
0 0.457368 0.849481 0.348335 0.849481 0.348335 0.758277 0.457368 0.758277
0 0.202504 0.669678 0.068682 0.669678 0.068682 0.610943 0.202504 0.610943
0 0.268177 0.153057 0.266004 0.153057 0.266004 0.201925 0.106192 0.201925 0.106192 0.090916 0.268177 0.090916
0 0.219836 0.365187 0.108365 0.365187 0.108365 0.207804 0.219836 0.207804
0 0.722742 0.849481 0.542257 0.849481 0.542257 0.676048 0.722742 0.676048
0 0.250464 0.849481 0.068682 0.849481 0.068682 0.676048 0.250464 0.676048
0 0.980990 0.849481 0.732519 0.849481 0.732519 0.732319 0.980990 0.732319
0 0.309489 0.604083 0.068682 0.604083 0.068682 0.423957 0.309489 0.423957
0 0.440916 0.414648 0.226897 0.414648 0.226897 0.238539 0.275265 0.238539 0.275265 0.232169 0.268720 0.232169 0.268720 0.207917 0.440916 0.207917
0 0.536283 0.752887 0.258612 0.752887 0.258612 0.676048 0.316550 0.676048 0.316550 0.642956 0.452344 0.642956 0.452344 0.636097 0.536283 0.636097
0 0.980990 0.725459 0.732519 0.725459 0.732519 0.501732 0.980990 0.501732
0 0.440916 0.424623 0.675927 0.424623 0.675927 0.501732 0.732519 0.501732 0.732519 0.670168 0.658878 0.670168 0.658878 0.644691 0.612965 0.644691 0.612965 0.670168 0.536283 0.670168 0.536283 0.636097 0.316550 0.636097 0.316550 0.423957 0.440916 0.423957
0 0.289903 0.078226 0.453913 0.078226 0.453913 0.195594 0.289903 0.195668 0.289903 0.078226 0.289903 0.078226
0 0.992901 0.222155 0.662528 0.222155 0.662528 0.074718 0.992901 0.074718
0 0.985335 0.412962 0.985335 0.484094 0.693852 0.484094 0.693852 0.412962 0.985335 0.412962 0.985335 0.412962
0 0.348417 0.866140 0.348417 0.936580 0.517799 0.936580 0.517799 0.928310 0.525403 0.928310 0.525403 0.994121 0.754299 0.994121 0.754299 0.928310 0.760817 0.928310 0.760817 0.936443 0.928956 0.936580 0.928956 0.866140 0.348417 0.866140 0.348417 0.866140
3 0.068682 0.423957 0.102933 0.423957 0.083923 0.406808 0.050215 0.406808
3 0.083923 0.406808 0.083923 0.365187 0.102933 0.371556 0.102933 0.423957
3 0.083923 0.371556 0.083923 0.201925 0.108365 0.207804 0.108365 0.371556
1 0.083923 0.340616 0.083923 0.311498 0.108365 0.311498 0.108365 0.340616
3 0.083923 0.201925 0.083923 0.073277 0.106192 0.090916 0.106192 0.201925
1 0.083923 0.144247 0.083923 0.117408 0.106192 0.117408 0.106192 0.144247
3 0.106192 0.090916 0.268177 0.090916 0.289903 0.073277 0.083923 0.073277
1 0.208772 0.090916 0.239275 0.090916 0.239275 0.073277 0.208772 0.073277
1 0.134143 0.090916 0.163891 0.090916 0.163891 0.073277 0.134143 0.073277
3 0.268177 0.090916 0.268177 0.153057 0.289903 0.153057 0.289903 0.073277
1 0.268177 0.118775 0.268177 0.144017 0.289903 0.144017 0.289903 0.118775
3 0.289903 0.153057 0.289903 0.195668 0.266004 0.207917 0.266004 0.153057
3 0.266004 0.207917 0.440916 0.207917 0.458840 0.195668 0.289903 0.195668
2 0.301048 0.207917 0.346179 0.207917 0.346179 0.195668 0.301048 0.195668
1 0.355510 0.207917 0.385764 0.207917 0.385764 0.195668 0.355510 0.195668
3 0.440916 0.207917 0.440916 0.424623 0.458840 0.407965 0.458840 0.195668
1 0.440916 0.329337 0.440916 0.388224 0.458840 0.388224 0.458840 0.329337
3 0.458840 0.407965 0.693852 0.407965 0.675927 0.424623 0.440916 0.424623
1 0.605274 0.407965 0.667166 0.407965 0.667166 0.424623 0.605274 0.424623
1 0.467965 0.407965 0.530047 0.407965 0.530047 0.424623 0.467965 0.424623
1 0.535283 0.407965 0.599978 0.407965 0.599978 0.424623 0.535283 0.424623
3 0.693852 0.407965 0.693852 0.484094 0.675927 0.501732 0.675927 0.424623
2 0.693852 0.429836 0.693852 0.469880 0.675927 0.469880 0.675927 0.429836
3 0.675927 0.501732 0.980990 0.501732 1.000000 0.484094 0.693852 0.484094
1 0.705877 0.501732 0.759101 0.501732 0.759101 0.484094 0.705877 0.484094
1 0.762935 0.501732 0.814182 0.501732 0.814182 0.484094 0.762935 0.484094
3 1.000000 0.484094 1.000000 0.866140 0.980990 0.849481 0.980990 0.501732
1 1.000000 0.606553 1.000000 0.667375 0.980990 0.667375 0.980990 0.606553
3 0.980990 0.849481 0.068682 0.849481 0.050215 0.866140 1.000000 0.866140
2 0.436967 0.849481 0.384558 0.849481 0.384558 0.866140 0.436967 0.866140
2 0.522302 0.849481 0.477850 0.849481 0.477850 0.866140 0.522302 0.866140
2 0.816963 0.849481 0.770078 0.849481 0.770078 0.866140 0.816963 0.866140
1 0.220347 0.849481 0.133779 0.849481 0.133779 0.866140 0.220347 0.866140
1 0.316936 0.849481 0.286666 0.849481 0.286666 0.866140 0.316936 0.866140
1 0.677758 0.849481 0.590359 0.849481 0.590359 0.866140 0.677758 0.866140
1 0.915605 0.849481 0.849253 0.849481 0.849253 0.866140 0.915605 0.866140
3 0.050215 0.866140 0.050215 0.406808 0.068682 0.423957 0.068682 0.849481
1 0.050215 0.575994 0.050215 0.484476 0.068682 0.484476 0.068682 0.575994
3 0.102933 0.423957 0.440916 0.423957 0.440916 0.414648 0.102933 0.414648
2 0.153110 0.423957 0.198202 0.423957 0.198202 0.414648 0.153110 0.414648
2 0.349862 0.423957 0.418674 0.423957 0.418674 0.414648 0.349862 0.414648
3 0.083923 0.201925 0.266004 0.201925 0.219836 0.207804 0.108365 0.207804
2 0.170920 0.201925 0.217017 0.201925 0.217017 0.207804 0.170920 0.207804
3 0.266004 0.207804 0.266004 0.232169 0.268720 0.232169 0.268720 0.207804
3 0.266004 0.201925 0.266004 0.238539 0.219836 0.238539 0.219836 0.207804
3 0.266004 0.232169 0.275265 0.232169 0.275265 0.238539 0.219836 0.238539
3 0.219836 0.238539 0.219836 0.423957 0.226897 0.423957 0.226897 0.238539
2 0.219836 0.314090 0.219836 0.353825 0.226897 0.353825 0.226897 0.314090
3 0.102933 0.371556 0.226897 0.371556 0.226897 0.365187 0.083923 0.365187
2 0.153446 0.371556 0.198887 0.371556 0.198887 0.365187 0.153446 0.365187
3 0.050215 0.669678 0.309489 0.669678 0.316550 0.676048 0.050215 0.676048
2 0.269996 0.669678 0.306648 0.669678 0.306648 0.676048 0.269996 0.676048
3 0.316550 0.676048 0.316550 0.414648 0.309489 0.414648 0.309489 0.669678
2 0.316550 0.469552 0.316550 0.428033 0.309489 0.428033 0.309489 0.469552
3 0.309489 0.636097 0.452344 0.636097 0.452344 0.642956 0.309489 0.642956
3 0.316550 0.604083 0.050215 0.604083 0.050215 0.610943 0.316550 0.610943
2 0.142676 0.604083 0.107979 0.604083 0.107979 0.610943 0.142676 0.610943
3 0.210108 0.676048 0.210108 0.604083 0.202504 0.604083 0.202504 0.676048
3 0.258612 0.669678 0.258612 0.866140 0.250464 0.866140 0.250464 0.669678
2 0.258612 0.709820 0.258612 0.751981 0.250464 0.751981 0.250464 0.709820
3 0.250464 0.752887 0.536283 0.752887 0.542257 0.758277 0.250464 0.758277
2 0.386568 0.752887 0.438265 0.752887 0.438265 0.758277 0.386568 0.758277
2 0.290392 0.752887 0.336891 0.752887 0.336891 0.758277 0.290392 0.758277
3 0.542257 0.758277 0.542257 0.866140 0.536283 0.866140 0.536283 0.758277
3 0.463343 0.752887 0.463343 0.866140 0.457368 0.866140 0.457368 0.752887
3 0.348335 0.752887 0.348335 0.866140 0.341817 0.866140 0.341817 0.752887
3 0.542257 0.758277 0.542257 0.676048 0.536283 0.670168 0.536283 0.752887
2 0.542257 0.751231 0.542257 0.707459 0.536283 0.707459 0.536283 0.751231
3 0.542257 0.676048 0.722742 0.676048 0.732519 0.670168 0.536283 0.670168
3 0.722742 0.676048 0.722742 0.866140 0.732519 0.866140 0.732519 0.670168
3 0.658878 0.670168 0.612965 0.670168 0.612965 0.644691 0.658878 0.644691
3 0.722742 0.725459 1.000000 0.725459 1.000000 0.732319 0.722742 0.732319
2 0.774450 0.725459 0.821183 0.725459 0.821183 0.732319 0.774450 0.732319
