0 0.870686 0.791748 0.870686 0.654908 0.926874 0.654908 0.926874 0.791748 0.870686 0.791748 0.870686 0.791748
0 0.378405 0.546081 0.371726 0.546081 0.371726 0.687498 0.257783 0.687498 0.257783 0.361221 0.378405 0.361221
0 0.626091 0.438943 0.467265 0.438943 0.467265 0.450206 0.626091 0.450206 0.626091 0.451056 0.378405 0.451056 0.378405 0.361221 0.317384 0.361221 0.317384 0.051429 0.626091 0.051429
0 0.626091 0.850754 0.378405 0.850754 0.378405 0.451056 0.626091 0.451056
0 0.311312 0.350983 0.068933 0.350983 0.068933 0.051429 0.311312 0.051429
0 0.232950 0.880446 0.232950 0.996727 0.359206 0.996727 0.359206 0.880446 0.232950 0.880446 0.232950 0.880446
0 0.853078 0.398941 0.632770 0.398941 0.632770 0.051429 0.853078 0.051429
0 0.853078 0.850754 0.632770 0.850754 0.632770 0.612274 0.853078 0.612274
0 0.251711 0.850754 0.068933 0.850754 0.068933 0.534941 0.251711 0.534941
0 0.853078 0.601012 0.737374 0.601012 0.737374 0.410203 0.853078 0.410203
0 0.730695 0.601012 0.632770 0.601012 0.632770 0.410203 0.730695 0.410203
0 0.371726 0.850754 0.263248 0.850754 0.263248 0.696713 0.371726 0.696713
0 0.251711 0.524703 0.154618 0.524703 0.154618 0.361221 0.251711 0.361221
0 0.148546 0.524703 0.068933 0.524703 0.068933 0.361221 0.148546 0.361221
3 0.051325 0.880446 0.870686 0.880446 0.853078 0.850754 0.068933 0.850754
1 0.122984 0.880446 0.193088 0.880446 0.193088 0.850754 0.122984 0.850754
2 0.273120 0.880446 0.324342 0.880446 0.324342 0.850754 0.273120 0.850754
1 0.436506 0.880446 0.542513 0.880446 0.542513 0.850754 0.436506 0.850754
1 0.730070 0.880446 0.798311 0.880446 0.798311 0.850754 0.730070 0.850754
3 0.853078 0.850754 0.853078 0.051429 0.870686 0.021737 0.870686 0.880446
1 0.853078 0.553627 0.853078 0.496444 0.870686 0.496444 0.870686 0.553627
2 0.853078 0.767851 0.853078 0.680996 0.870686 0.680996 0.870686 0.767851
3 0.853078 0.051429 0.068933 0.051429 0.051325 0.021737 0.870686 0.021737
1 0.795536 0.051429 0.708989 0.051429 0.708989 0.021737 0.795536 0.021737
1 0.540200 0.051429 0.396790 0.051429 0.396790 0.021737 0.540200 0.021737
1 0.226307 0.051429 0.160119 0.051429 0.160119 0.021737 0.226307 0.021737
3 0.051325 0.021737 0.051325 0.880446 0.068933 0.850754 0.068933 0.051429
3 0.626091 0.051429 0.626091 0.850754 0.632770 0.850754 0.632770 0.051429
2 0.626091 0.690406 0.626091 0.778704 0.632770 0.778704 0.632770 0.690406
2 0.626091 0.172205 0.626091 0.264097 0.632770 0.264097 0.632770 0.172205
3 0.626091 0.398941 0.853078 0.398941 0.853078 0.410203 0.626091 0.410203
3 0.626091 0.612274 0.853078 0.612274 0.853078 0.601012 0.626091 0.601012
2 0.750671 0.612274 0.801747 0.612274 0.801747 0.601012 0.750671 0.601012
3 0.730695 0.410203 0.730695 0.601012 0.737374 0.601012 0.737374 0.410203
2 0.730695 0.496444 0.730695 0.584742 0.737374 0.584742 0.737374 0.496444
3 0.467265 0.438943 0.626091 0.438943 0.626091 0.450206 0.467265 0.450206
3 0.371726 0.546081 0.371726 0.880446 0.378405 0.880446 0.378405 0.546081
3 0.251711 0.850754 0.251711 0.687498 0.263248 0.687498 0.263248 0.850754
3 0.251711 0.687498 0.378405 0.687498 0.378405 0.696713 0.263248 0.696713
2 0.270522 0.687498 0.328993 0.687498 0.328993 0.696713 0.270522 0.696713
3 0.251711 0.687498 0.251711 0.350983 0.257783 0.361221 0.257783 0.687498
2 0.251711 0.506252 0.251711 0.423667 0.257783 0.423667 0.257783 0.506252
2 0.251711 0.628697 0.251711 0.540327 0.257783 0.540327 0.257783 0.628697
3 0.251711 0.350983 0.068933 0.350983 0.068933 0.361221 0.251711 0.361221
2 0.144447 0.350983 0.104034 0.350983 0.104034 0.361221 0.144447 0.361221
3 0.251711 0.350983 0.311312 0.350983 0.317384 0.361221 0.257783 0.361221
2 0.257899 0.350983 0.307475 0.350983 0.307475 0.361221 0.257899 0.361221
3 0.311312 0.350983 0.311312 0.051429 0.317384 0.051429 0.317384 0.361221
3 0.068933 0.524703 0.251711 0.524703 0.251711 0.534941 0.068933 0.534941
3 0.148546 0.524703 0.148546 0.361221 0.154618 0.361221 0.154618 0.524703
