0 0.734072 1.000000 0.584032 1.000000 0.584032 0.950356 0.055902 0.950356 0.055902 0.794758 0.177291 0.795181 0.177291 0.778616 0.064603 0.778616 0.064603 0.676878 0.055902 0.676878 0.055902 0.036078 0.955020 0.036078 0.955020 0.337504 0.253940 0.337504 0.253940 0.795181 0.734320 0.795181 0.734072 1.000000 0.734072 1.000000
0 0.734330 0.599643 0.270953 0.599643 0.270953 0.363491 0.734330 0.363491
0 0.270953 0.770678 0.270953 0.599643 0.482189 0.599643 0.482189 0.770678
0 0.734330 0.770678 0.584032 0.770678 0.584032 0.599643 0.734330 0.599643
0 0.940495 0.594438 0.740012 0.594438 0.740012 0.363491 0.940495 0.363491
0 0.860736 0.770678 0.740012 0.770678 0.740012 0.602606 0.860736 0.602606
0 0.577713 0.770678 0.488508 0.770678 0.488508 0.609296 0.577713 0.609296
0 0.940495 0.770678 0.866083 0.770678 0.866083 0.602606 0.940495 0.602606
3 0.959395 0.337504 0.253940 0.337504 0.270953 0.363491 0.940495 0.363491
1 0.910483 0.337504 0.740503 0.337504 0.740503 0.363491 0.910483 0.363491
1 0.735579 0.337504 0.584032 0.337504 0.584032 0.363491 0.735579 0.363491
1 0.579258 0.337504 0.427711 0.337504 0.427711 0.363491 0.579258 0.363491
1 0.422938 0.337504 0.271536 0.337504 0.271536 0.363491 0.422938 0.363491
3 0.253940 0.337504 0.253940 0.795181 0.270953 0.770678 0.270953 0.363491
1 0.253940 0.363989 0.253940 0.592738 0.270953 0.592738 0.270953 0.363989
2 0.253940 0.604811 0.253940 0.673619 0.270953 0.673619 0.270953 0.604811
3 0.253940 0.795181 0.959395 0.795181 0.940495 0.770678 0.270953 0.770678
1 0.271551 0.795181 0.422559 0.795181 0.422559 0.770678 0.271551 0.770678
2 0.585539 0.795181 0.631004 0.795181 0.631004 0.770678 0.585539 0.770678
1 0.633784 0.795181 0.732356 0.795181 0.732356 0.770678 0.633784 0.770678
1 0.754702 0.795181 0.775051 0.795181 0.775051 0.770678 0.754702 0.770678
1 0.920006 0.795181 0.940204 0.795181 0.940204 0.770678 0.920006 0.770678
3 0.959395 0.795181 0.959395 0.337504 0.940495 0.363491 0.940495 0.770678
1 0.959395 0.770055 0.959395 0.603348 0.940495 0.603348 0.940495 0.770055
3 0.584032 0.795181 0.584032 0.599643 0.577713 0.609296 0.577713 0.795181
2 0.584032 0.714657 0.584032 0.652621 0.577713 0.652621 0.577713 0.714657
3 0.584032 0.599643 0.482189 0.599643 0.488508 0.609296 0.577713 0.609296
3 0.482189 0.599643 0.482189 0.795181 0.488508 0.795181 0.488508 0.609296
3 0.740012 0.795181 0.740012 0.363491 0.734330 0.363491 0.734330 0.795181
2 0.740012 0.714412 0.740012 0.653111 0.734330 0.653111 0.734330 0.714412
2 0.740012 0.480316 0.740012 0.363699 0.734330 0.363699 0.734330 0.480316
3 0.734330 0.602606 0.959395 0.602606 0.959395 0.594438 0.734330 0.594438
3 0.866083 0.795181 0.866083 0.594438 0.860736 0.594438 0.860736 0.795181
2 0.866083 0.698418 0.866083 0.636078 0.860736 0.636078 0.860736 0.698418
