0 0.839009 0.431791 0.646147 0.431791 0.646147 0.720682 0.502065 0.720682 0.502065 0.720699 0.440221 0.720699 0.440221 0.247462 0.839009 0.247462
0 0.839009 0.720699 0.667511 0.720699 0.646147 0.720682 0.646147 0.431791 0.839009 0.431791
0 0.839009 0.890685 0.667511 0.890685 0.667511 0.720699 0.839009 0.720699
0 0.463535 0.212901 0.463535 0.026914 0.841587 0.026914 0.839009 0.212901 0.463535 0.212901 0.463535 0.212901
0 0.838999 0.697284 0.839009 0.720682 0.782474 0.720699 0.782464 0.697310
0 0.430705 0.748598 0.109815 0.748598 0.109815 0.498812 0.430705 0.498812
0 0.430705 0.491900 0.109815 0.491900 0.109815 0.247462 0.430705 0.247462
0 0.657995 0.884689 0.446235 0.884689 0.446235 0.754646 0.508727 0.754646 0.508727 0.729322 0.657995 0.729322
0 0.304341 0.859702 0.271692 0.859702 0.271692 0.890685 0.109815 0.890685 0.109815 0.754646 0.304341 0.754646
0 0.432912 0.884689 0.304341 0.884689 0.311003 0.884637 0.311003 0.754646 0.432912 0.754646
3 0.071751 0.212901 0.877073 0.212901 0.839009 0.247462 0.109815 0.247462
1 0.133024 0.212901 0.341045 0.212901 0.341045 0.247462 0.133024 0.247462
2 0.499753 0.212901 0.586377 0.212901 0.586377 0.247462 0.499753 0.247462
1 0.585740 0.212901 0.781123 0.212901 0.781123 0.247462 0.585740 0.247462
3 0.839009 0.247462 0.839009 0.890685 0.877073 0.925246 0.877073 0.212901
3 0.839009 0.890685 0.657995 0.890685 0.657995 0.925246 0.877073 0.925246
2 0.758760 0.890685 0.676427 0.890685 0.676427 0.925246 0.758760 0.925246
3 0.657995 0.884689 0.304341 0.884689 0.304341 0.925246 0.657995 0.925246
3 0.304341 0.890685 0.109815 0.890685 0.071751 0.925246 0.304341 0.925246
3 0.071751 0.925246 0.071751 0.212901 0.109815 0.247462 0.109815 0.890685
1 0.071751 0.738247 0.071751 0.585706 0.109815 0.585706 0.109815 0.738247
3 0.657995 0.925246 0.657995 0.729322 0.667511 0.720682 0.667511 0.890685
2 0.657995 0.825521 0.657995 0.758370 0.667511 0.758370 0.667511 0.825521
3 0.657995 0.729322 0.508727 0.729322 0.502065 0.720682 0.667511 0.720682
3 0.508727 0.729322 0.508727 0.748598 0.502065 0.720699 0.502065 0.720682
3 0.508727 0.748598 0.071751 0.748598 0.071751 0.754646 0.508727 0.754646
2 0.204357 0.748598 0.129370 0.748598 0.129370 0.754646 0.204357 0.754646
3 0.446235 0.754646 0.446235 0.925246 0.432912 0.925246 0.432912 0.754646
2 0.446235 0.766734 0.446235 0.831768 0.432912 0.831768 0.432912 0.766734
3 0.304341 0.884637 0.304341 0.754646 0.311003 0.754646 0.311003 0.884637
3 0.304341 0.890685 0.271692 0.890685 0.271692 0.859702 0.304341 0.859702
3 0.430705 0.748598 0.430705 0.212901 0.440221 0.212901 0.440221 0.720699
2 0.430705 0.707972 0.430705 0.642506 0.440221 0.642506 0.440221 0.707972
2 0.430705 0.335574 0.430705 0.266842 0.440221 0.266842 0.440221 0.335574
3 0.430705 0.498812 0.071751 0.498812 0.071751 0.491900 0.430705 0.491900
3 0.430705 0.748598 0.508727 0.748598 0.502065 0.720699 0.440221 0.720699
3 0.839009 0.720682 0.782474 0.720699 0.782464 0.697310 0.838999 0.697284
