0 0.264323 0.054756 0.264323 0.766550 0.264323 0.956964 0.354505 0.956964 0.354505 0.977709 0.676419 0.977709 0.676419 0.956964 0.766534 0.956964 0.766534 0.766602 0.945098 0.766602 0.943986 0.366853 0.593649 0.366853 0.593649 0.054903 0.264323 0.054756 0.264323 0.054756
0 0.945098 0.788210 0.945098 0.956964 0.676419 0.956964 0.676419 0.977709 0.354505 0.977709 0.354505 0.956964 0.071714 0.956964 0.071714 0.788210 0.945098 0.788210
0 0.943986 0.283737 0.394540 0.283737 0.394540 0.054644 0.943986 0.054644
0 0.836793 0.283746 0.836793 0.306219 0.943986 0.306219 0.943986 0.766602 0.394540 0.766602 0.394540 0.306219 0.428708 0.306219 0.428708 0.286339 0.394540 0.286339 0.394540 0.283737 0.943986 0.283737
0 0.374361 0.454782 0.346760 0.454782 0.346760 0.543844 0.072825 0.543844 0.072825 0.306219 0.374361 0.306219
0 0.368983 0.286339 0.072825 0.286339 0.072825 0.054644 0.368983 0.054644
0 0.374539 0.661092 0.369705 0.661092 0.369705 0.766602 0.072825 0.766602 0.072825 0.559402 0.374539 0.559402
3 0.045046 0.034876 0.045046 0.788210 0.072825 0.766602 0.072825 0.054644
1 0.045046 0.124016 0.045046 0.227789 0.072825 0.227789 0.072825 0.124016
1 0.045046 0.422110 0.045046 0.521319 0.072825 0.521319 0.072825 0.422110
1 0.045046 0.581192 0.045046 0.679355 0.072825 0.679355 0.072825 0.581192
3 0.045046 0.788210 0.971765 0.788210 0.943986 0.766602 0.072825 0.766602
2 0.148018 0.788210 0.252556 0.788210 0.252556 0.766602 0.148018 0.766602
2 0.474477 0.788210 0.574526 0.788210 0.574526 0.766602 0.474477 0.766602
1 0.583881 0.788210 0.832504 0.788210 0.832504 0.766602 0.583881 0.766602
3 0.971765 0.788210 0.971765 0.034876 0.943986 0.054644 0.943986 0.766602
1 0.971765 0.678707 0.971765 0.516245 0.943986 0.516245 0.943986 0.678707
3 0.971765 0.034876 0.045046 0.034876 0.072825 0.054644 0.943986 0.054644
1 0.673241 0.034876 0.464687 0.034876 0.464687 0.054644 0.673241 0.054644
3 0.045046 0.306219 0.428708 0.306219 0.428708 0.286339 0.045046 0.286339
3 0.368983 0.306219 0.368983 0.011081 0.394540 0.011081 0.394540 0.306219
2 0.368983 0.218938 0.368983 0.125355 0.394540 0.125355 0.394540 0.218938
3 0.394540 0.306219 0.394540 0.454782 0.374361 0.454782 0.374361 0.306219
3 0.394540 0.454782 0.394540 0.559402 0.346760 0.559402 0.346760 0.454782
3 0.394540 0.559402 0.013912 0.559402 0.013912 0.543844 0.346760 0.543844
2 0.202231 0.559402 0.107760 0.559402 0.107760 0.543844 0.202231 0.543844
3 0.394540 0.559402 0.394540 0.661092 0.374539 0.661092 0.374539 0.559402
3 0.394540 0.661092 0.394540 0.811755 0.369705 0.811755 0.369705 0.661092
3 0.996667 0.306219 0.836793 0.306219 0.836793 0.283746 0.996667 0.283746
3 0.045046 0.034876 0.045046 0.011081 0.073937 0.011081 0.073937 0.034876
3 0.045046 0.034876 0.013912 0.034876 0.013912 0.054756 0.045046 0.054756
3 0.045046 0.306219 0.013912 0.306219 0.013912 0.286339 0.045046 0.286339
3 0.045046 0.788210 0.013912 0.788210 0.013912 0.767466 0.045046 0.767466
3 0.045046 0.788210 0.045046 0.811755 0.071714 0.811755 0.071714 0.788210
3 0.971765 0.788210 0.971765 0.811755 0.945098 0.811755 0.945098 0.788210
3 0.971765 0.788210 1.000000 0.788210 1.000000 0.766602 0.971765 0.766602
3 0.971765 0.034876 0.971765 0.011081 0.943986 0.011081 0.943986 0.034876
3 0.971765 0.034876 0.996667 0.034876 0.996667 0.054903 0.971765 0.054903
