0 0.521495 0.977281 0.235922 0.977281 0.235922 0.479325 0.521495 0.479325
0 0.666007 0.977281 0.521495 0.977281 0.521495 0.479325 0.600902 0.479325 0.600902 0.393430 0.666007 0.393430
0 0.214587 0.137474 0.093729 0.137474 0.093729 0.937201 0.214587 0.937201 0.214587 0.137474 0.214587 0.137474
0 0.666007 0.379474 0.593790 0.379474 0.593790 0.465370 0.235922 0.465370 0.235922 0.137488 0.666007 0.137488
0 0.922203 0.558773 0.779199 0.558773 0.779199 0.650725 0.672329 0.650725 0.672329 0.137488 0.922203 0.137488
0 0.778943 0.725065 0.791744 0.725065 0.791744 0.977281 0.672329 0.977281 0.672329 0.663285 0.778943 0.663285
0 0.915689 0.951714 0.804545 0.951714 0.804545 0.739802 0.915689 0.739802
0 0.922203 0.714682 0.806216 0.714682 0.806216 0.663285 0.806159 0.663285 0.806159 0.576203 0.922203 0.576203
3 0.235922 0.137488 0.922203 0.137488 0.945671 0.080271 0.214587 0.080271
3 0.235922 1.000000 0.235922 0.137488 0.214587 0.080271 0.214587 0.937201
2 0.235922 0.631815 0.235922 0.518679 0.214587 0.518679 0.214587 0.631815
1 0.235922 0.847705 0.235922 0.640635 0.214587 0.640635 0.214587 0.847705
1 0.235922 0.422373 0.235922 0.209721 0.214587 0.209721 0.214587 0.422373
3 0.214587 0.105377 0.088751 0.105377 0.088751 0.137474 0.214587 0.137474
3 0.235922 1.000000 0.129108 1.000000 0.129108 0.937201 0.214587 0.937201
3 0.129108 0.937201 0.088751 0.937201 0.088751 0.960925 0.129108 0.960925
3 0.672329 1.000000 0.672329 0.080271 0.666007 0.080271 0.666007 1.000000
2 0.672329 0.881044 0.672329 0.776477 0.666007 0.776477 0.666007 0.881044
2 0.672329 0.552870 0.672329 0.445469 0.666007 0.445469 0.666007 0.552870
3 0.214587 0.479325 0.600902 0.479325 0.593790 0.465370 0.214587 0.465370
2 0.320334 0.479325 0.419873 0.479325 0.419873 0.465370 0.320334 0.465370
3 0.600902 0.479325 0.600902 0.393430 0.593790 0.379474 0.593790 0.465370
3 0.593790 0.379474 0.672329 0.379474 0.672329 0.393430 0.600902 0.393430
2 0.603881 0.379474 0.660780 0.379474 0.660780 0.393430 0.603881 0.393430
3 0.672329 0.663285 0.806159 0.663285 0.779199 0.650725 0.672329 0.650725
3 0.779199 0.650725 0.779199 0.558773 0.806159 0.576203 0.806159 0.663285
3 0.806159 0.576203 0.945671 0.576203 0.945671 0.558773 0.779199 0.558773
2 0.828859 0.576203 0.879257 0.576203 0.879257 0.558773 0.828859 0.558773
3 0.804545 0.977281 0.804545 0.739802 0.791744 0.714682 0.791744 1.000000
2 0.804545 0.833638 0.804545 0.744282 0.791744 0.744282 0.791744 0.833638
3 0.791744 0.714682 0.922203 0.714682 0.945671 0.739802 0.804545 0.739802
3 0.778943 0.663285 0.778943 0.725065 0.806216 0.725065 0.806216 0.663285
3 0.945671 1.000000 0.804545 1.000000 0.804545 0.951714 0.915689 0.951714
3 0.804545 1.000000 0.214587 1.000000 0.214587 0.977281 0.804545 0.977281
2 0.635954 1.000000 0.570692 1.000000 0.570692 0.977281 0.635954 0.977281
3 0.945671 0.080271 0.945671 0.714682 0.922203 0.714682 0.922203 0.137488
1 0.945671 0.258216 0.945671 0.468077 0.922203 0.468077 0.922203 0.258216
3 0.945671 0.714682 0.945671 1.000000 0.915689 0.951714 0.915689 0.714682
