0 0.440679 0.353404 0.313022 0.353404 0.313022 0.081422 0.440296 0.081422
0 0.865937 0.631546 0.453459 0.631546 0.453459 0.081422 0.440679 0.081422 0.440679 0.352888 0.440296 0.081422 0.865937 0.081422
0 0.882977 0.630316 0.985422 0.630316 0.985422 0.081422 0.882977 0.081422 0.882977 0.630316
0 0.260248 0.164947 0.306632 0.164947 0.306632 0.473792 0.029096 0.473792 0.029096 0.081422 0.260248 0.081422
0 0.281875 0.772025 0.233311 0.772025 0.233311 0.852156 0.029096 0.852156 0.029096 0.492235 0.281875 0.492235
0 0.440679 0.852156 0.288265 0.852156 0.288265 0.492235 0.328919 0.492235 0.328919 0.473792 0.313022 0.473792 0.313022 0.364470 0.440679 0.364470
3 0.029096 0.852156 0.029096 0.081422 0.012056 0.042076 0.012056 0.876748
1 0.029096 0.423527 0.029096 0.204060 0.012056 0.204060 0.012056 0.423527
1 0.029096 0.770057 0.029096 0.542894 0.012056 0.542894 0.012056 0.770057
3 0.029096 0.081422 0.865937 0.081422 0.882977 0.042076 0.012056 0.042076
3 0.865937 0.081422 0.865937 0.631546 0.882977 0.651219 0.882977 0.042076
2 0.865937 0.466918 0.865937 0.571444 0.882977 0.571444 0.882977 0.466918
1 0.865937 0.160373 0.865937 0.461053 0.882977 0.461053 0.882977 0.160373
3 0.865937 0.631546 0.440679 0.631546 0.452039 0.651219 0.882977 0.651219
3 0.440679 0.631546 0.440679 0.852156 0.452039 0.876748 0.452039 0.651219
3 0.440679 0.852156 0.029096 0.852156 0.012056 0.876748 0.452039 0.876748
2 0.403845 0.852156 0.332675 0.852156 0.332675 0.876748 0.403845 0.876748
3 0.882977 0.651219 0.991812 0.651219 0.991812 0.630316 0.882977 0.630316
3 0.991812 0.081422 0.882977 0.081422 0.882977 0.064208 0.991812 0.064208
3 0.440679 0.631546 0.440679 0.081422 0.453459 0.081422 0.453459 0.631546
2 0.440679 0.630894 0.440679 0.493010 0.453459 0.493010 0.453459 0.630894
3 0.029096 0.492235 0.328919 0.492235 0.328919 0.473792 0.029096 0.473792
3 0.288265 0.492235 0.288265 0.772025 0.281875 0.772025 0.281875 0.492235
2 0.288265 0.504531 0.288265 0.594978 0.281875 0.594978 0.281875 0.504531
3 0.288265 0.772025 0.288265 0.852156 0.233311 0.852156 0.233311 0.772025
3 0.306632 0.473792 0.306632 0.164947 0.313022 0.164947 0.313022 0.473792
2 0.306632 0.468173 0.306632 0.373741 0.313022 0.373741 0.313022 0.468173
3 0.260248 0.164947 0.260248 0.081422 0.313022 0.081422 0.313022 0.164947
3 0.313022 0.364470 0.440679 0.364470 0.440679 0.353404 0.313022 0.353404
2 0.360066 0.364470 0.412549 0.364470 0.412549 0.353404 0.360066 0.353404
