0 0.730275 0.488561 0.773830 0.488561 0.773830 0.878488 0.761995 0.878488 0.728345 0.928692 0.582190 0.928692 0.582190 0.881776 0.582082 0.881776 0.582082 0.598621 0.577353 0.598621 0.577353 0.761433 0.486541 0.761433 0.486541 0.491453 0.563557 0.491453 0.563557 0.482533 0.535207 0.482533 0.535207 0.183588 0.730275 0.183588
0 0.332154 0.414285 0.075489 0.414285 0.075489 0.179434 0.332154 0.179434
0 0.342457 0.183588 0.530479 0.183588 0.530479 0.482533 0.341790 0.482533 0.341790 0.436987 0.341941 0.436987 0.341941 0.179434 0.342457 0.179434
0 0.940992 0.878488 0.779976 0.878488 0.779976 0.598604 0.940992 0.598604
0 0.417369 0.623980 0.481813 0.623980 0.481813 0.881776 0.341790 0.881776 0.341790 0.574751 0.417369 0.574751
0 0.853635 0.330298 0.853517 0.330298 0.853517 0.478270 0.735003 0.478270 0.735003 0.183588 0.852217 0.183588
0 0.940992 0.591054 0.858189 0.591054 0.858189 0.488561 0.858245 0.488561 0.858245 0.338706 0.940992 0.338706
0 0.940992 0.324413 0.900203 0.324413 0.900203 0.330298 0.862496 0.330298 0.861077 0.183588 0.940992 0.183588
0 0.577353 0.881776 0.486541 0.881776 0.486541 0.769841 0.577353 0.769841
0 0.854406 0.591054 0.779976 0.591054 0.779976 0.488561 0.854406 0.488561
0 0.481813 0.615572 0.422097 0.615572 0.422097 0.491453 0.481813 0.491453
0 0.417369 0.566343 0.341790 0.566343 0.341790 0.491453 0.417369 0.491453
0 0.185067 0.158212 0.185067 0.067777 0.110902 0.067777 0.110902 0.156447 0.184084 0.156447 0.186585 0.159011 0.185067 0.158212
0 0.740903 0.156808 0.740903 0.066793 0.961762 0.066793 0.961762 0.158095 0.740899 0.158095 0.740903 0.156808
0 0.458125 0.911675 0.458125 0.999723 0.579032 0.999723 0.579032 0.957817 0.565008 0.957817 0.565169 0.912045 0.458125 0.911675 0.458125 0.911675
0 0.325799 0.890335 0.325799 0.434481 0.063702 0.434481 0.063702 0.891470 0.325799 0.891470 0.325799 0.890335
0 0.580474 0.598621 0.577353 0.598621 0.577353 0.761433 0.486541 0.761433 0.486541 0.491453 0.563557 0.491453 0.563557 0.487569 0.580474 0.487569
3 0.342457 0.183588 0.854364 0.183588 0.854364 0.156682 0.342457 0.156682
2 0.788052 0.183588 0.826250 0.183588 0.826250 0.156682 0.788052 0.156682
1 0.388243 0.183588 0.412163 0.183588 0.412163 0.156682 0.388243 0.156682
1 0.412163 0.183588 0.465349 0.183588 0.465349 0.156682 0.412163 0.156682
1 0.598502 0.183588 0.650261 0.183588 0.650261 0.156682 0.598502 0.156682
1 0.649547 0.183588 0.675963 0.183588 0.675963 0.156682 0.649547 0.156682
1 0.754142 0.183588 0.777702 0.183588 0.777702 0.156682 0.754142 0.156682
3 0.854364 0.183588 0.940992 0.183588 0.961796 0.156682 0.854364 0.156682
1 0.879082 0.183588 0.902642 0.183588 0.902642 0.156682 0.879082 0.156682
3 0.940992 0.183588 0.940992 0.599554 0.961796 0.599554 0.961796 0.156682
1 0.940992 0.434204 0.940992 0.475470 0.961796 0.475470 0.961796 0.434204
3 0.940992 0.599554 0.940992 0.878488 0.961838 0.907075 0.961838 0.599554
1 0.940992 0.632900 0.940992 0.674158 0.961838 0.674158 0.961838 0.632900
3 0.940992 0.878488 0.761995 0.878488 0.770331 0.907075 0.961838 0.907075
1 0.888363 0.878488 0.836959 0.878488 0.836959 0.907075 0.888363 0.907075
3 0.761995 0.878488 0.728345 0.928692 0.735556 0.958961 0.770331 0.907075
1 0.750185 0.896111 0.734010 0.920242 0.745371 0.944323 0.761541 0.920183
3 0.728345 0.928692 0.582190 0.928692 0.565169 0.958961 0.735556 0.958961
1 0.674180 0.928692 0.620989 0.928692 0.620989 0.958961 0.674180 0.958961
1 0.726653 0.928692 0.674535 0.928692 0.674535 0.958961 0.726653 0.958961
3 0.582190 0.928692 0.582190 0.881776 0.565169 0.912045 0.565169 0.958961
3 0.582190 0.881776 0.341790 0.881776 0.324769 0.912045 0.565169 0.912045
2 0.532105 0.881776 0.488196 0.881776 0.488196 0.912045 0.532105 0.912045
1 0.437151 0.881776 0.387530 0.881776 0.387530 0.912045 0.437151 0.912045
3 0.341790 0.881776 0.341790 0.414285 0.324769 0.436987 0.324769 0.912045
3 0.341790 0.414285 0.075489 0.414285 0.061981 0.436987 0.324769 0.436987
2 0.294287 0.414285 0.252641 0.414285 0.252641 0.436987 0.294287 0.436987
3 0.075489 0.414285 0.075489 0.179434 0.061981 0.156733 0.061981 0.436987
3 0.075489 0.179434 0.342457 0.179434 0.342457 0.156733 0.061981 0.156733
2 0.126940 0.179434 0.169417 0.179434 0.169417 0.156733 0.126940 0.156733
1 0.233318 0.179434 0.283653 0.179434 0.283653 0.156733 0.233318 0.156733
3 0.332154 0.157447 0.332154 0.436987 0.341941 0.436987 0.341941 0.157447
3 0.324769 0.482533 0.563557 0.482533 0.563557 0.491453 0.324769 0.491453
2 0.489269 0.482533 0.527822 0.482533 0.527822 0.491453 0.489269 0.491453
2 0.351118 0.482533 0.382891 0.482533 0.382891 0.491453 0.351118 0.491453
3 0.481813 0.482533 0.481813 0.912045 0.486541 0.912045 0.486541 0.482533
2 0.481813 0.631631 0.481813 0.698920 0.486541 0.698920 0.486541 0.631631
2 0.481813 0.542759 0.481813 0.609409 0.486541 0.609409 0.486541 0.542759
3 0.582082 0.912045 0.582082 0.598621 0.577353 0.598621 0.577353 0.912045
3 0.582082 0.761433 0.481813 0.761433 0.481813 0.769841 0.582082 0.769841
2 0.532105 0.761433 0.488910 0.761433 0.488910 0.769841 0.532105 0.769841
3 0.417369 0.482533 0.417369 0.623980 0.422097 0.615572 0.422097 0.482533
3 0.417369 0.623980 0.486541 0.623980 0.486541 0.615572 0.422097 0.615572
3 0.324769 0.574751 0.422097 0.574751 0.422097 0.566343 0.324769 0.566343
3 0.530479 0.156682 0.530479 0.491453 0.535207 0.491453 0.535207 0.156682
3 0.606124 0.490554 0.675079 0.490554 0.675079 0.482146 0.606124 0.482146
3 0.730275 0.156682 0.730275 0.488561 0.735003 0.478270 0.735003 0.156682
2 0.730275 0.352319 0.730275 0.418338 0.735003 0.418338 0.735003 0.352319
3 0.730275 0.488561 0.858245 0.488561 0.853517 0.478270 0.735003 0.478270
3 0.858245 0.488561 0.858245 0.332442 0.853517 0.332442 0.853517 0.478270
2 0.858245 0.417699 0.858245 0.351680 0.853517 0.351680 0.853517 0.417699
3 0.862496 0.332341 0.861054 0.157800 0.852193 0.158028 0.853635 0.332568
3 0.853517 0.338706 0.900203 0.338706 0.900203 0.330298 0.853517 0.330298
2 0.864444 0.338706 0.897645 0.338706 0.897645 0.330298 0.864444 0.330298
3 0.900203 0.338706 0.961796 0.338706 0.961796 0.324413 0.900203 0.324413
3 0.773830 0.480153 0.773830 0.907075 0.779976 0.907075 0.779976 0.480153
2 0.773830 0.608778 0.773830 0.674797 0.779976 0.674797 0.779976 0.608778
3 0.773830 0.598604 0.961796 0.598604 0.961796 0.591054 0.773830 0.591054
2 0.815896 0.598604 0.848382 0.598604 0.848382 0.591054 0.815896 0.591054
3 0.854406 0.480153 0.854406 0.598604 0.858189 0.598604 0.858189 0.480153
