0 0.387138 0.368062 0.387138 0.202613 0.747260 0.202613 0.747260 0.368062 0.387138 0.368062 0.387138 0.368062
0 0.541519 0.915263 0.541695 1.000000 0.169712 1.000000 0.169712 0.915229 0.541519 0.915263 0.541519 0.915263
0 0.543102 0.745451 0.541695 0.745451 0.541695 0.896941 0.403594 0.896941 0.403594 0.648782 0.543102 0.648782
0 0.718915 0.687498 0.790386 0.687498 0.790386 0.896941 0.550178 0.896941 0.550178 0.745451 0.543102 0.745451 0.543102 0.648782 0.403594 0.648782 0.718915 0.648696
0 0.405008 0.386384 0.403594 0.648696 0.403594 0.386384
0 0.718915 0.648696 0.403594 0.648782 0.405008 0.386384 0.718915 0.386384
0 0.394405 0.602990 0.169712 0.602990 0.169712 0.386384 0.394405 0.386384
0 0.291358 0.717333 0.394405 0.717333 0.394405 0.896941 0.169712 0.896941 0.169712 0.683490 0.291358 0.683490
0 0.956253 0.563954 0.728104 0.563954 0.728104 0.386384 0.956253 0.386384
0 0.956253 0.680055 0.728104 0.680055 0.728104 0.570212 0.956253 0.570212
0 0.952309 0.896941 0.798869 0.896941 0.798869 0.798818 0.952309 0.798818
0 0.945459 0.791948 0.798869 0.791948 0.798869 0.687498 0.945459 0.687498
0 0.394405 0.710463 0.299840 0.710463 0.299840 0.609860 0.394405 0.609860
0 0.291358 0.676619 0.169712 0.676619 0.169712 0.609860 0.291358 0.609860
3 0.169712 0.386384 0.956253 0.386384 0.978873 0.368062 0.157696 0.368062
1 0.789383 0.386384 0.893787 0.386384 0.893787 0.368062 0.789383 0.368062
1 0.237148 0.386384 0.340754 0.386384 0.340754 0.368062 0.237148 0.368062
2 0.416615 0.386384 0.474917 0.386384 0.474917 0.368062 0.416615 0.368062
1 0.512141 0.386384 0.590109 0.386384 0.590109 0.368062 0.512141 0.368062
1 0.597489 0.386384 0.676510 0.386384 0.676510 0.368062 0.597489 0.368062
3 0.952309 0.896941 0.169712 0.896941 0.157696 0.915263 0.978873 0.915263
1 0.906624 0.896941 0.863858 0.896941 0.863858 0.915263 0.906624 0.915263
2 0.475589 0.896941 0.409080 0.896941 0.409080 0.915263 0.475589 0.915263
1 0.332879 0.896941 0.228538 0.896941 0.228538 0.915263 0.332879 0.915263
1 0.734409 0.896941 0.605745 0.896941 0.605745 0.915263 0.734409 0.915263
3 0.169712 0.896941 0.169712 0.386384 0.157696 0.368062 0.157696 0.915263
3 0.718915 0.368062 0.718915 0.687498 0.728104 0.680055 0.728104 0.368062
2 0.718915 0.609969 0.718915 0.655962 0.728104 0.655962 0.728104 0.609969
2 0.718915 0.513753 0.718915 0.559390 0.728104 0.559390 0.728104 0.513753
3 0.718915 0.687498 0.978873 0.687498 0.978873 0.680055 0.728104 0.680055
2 0.843896 0.687498 0.901867 0.687498 0.901867 0.680055 0.843896 0.680055
3 0.718915 0.570212 0.978873 0.570212 0.978873 0.563954 0.718915 0.563954
3 0.790386 0.791948 0.978873 0.791948 0.978873 0.798818 0.790386 0.798818
2 0.881049 0.791948 0.939741 0.791948 0.939741 0.798818 0.881049 0.798818
3 0.952309 0.791948 0.952309 0.896941 0.978873 0.915263 0.978873 0.791948
3 0.790386 0.798818 0.790386 0.915263 0.798869 0.915263 0.798869 0.798818
3 0.956253 0.386384 0.956253 0.687498 0.978873 0.687498 0.978873 0.368062
1 0.956253 0.610124 0.956253 0.660714 0.978873 0.660714 0.978873 0.610124
3 0.945459 0.687498 0.945459 0.791948 0.978873 0.791948 0.978873 0.687498
1 0.945459 0.741020 0.945459 0.774857 0.978873 0.774857 0.978873 0.741020
3 0.790386 0.680055 0.790386 0.687498 0.798869 0.687498 0.798869 0.680055
3 0.790386 0.687498 0.790386 0.798818 0.798869 0.798818 0.798869 0.687498
3 0.394405 0.368062 0.394405 0.915263 0.403594 0.915263 0.403594 0.368062
2 0.394405 0.660296 0.394405 0.706741 0.403594 0.706741 0.403594 0.660296
2 0.394405 0.720849 0.394405 0.767368 0.403594 0.767368 0.403594 0.720849
2 0.394405 0.551879 0.394405 0.598639 0.403594 0.598639 0.403594 0.551879
3 0.157696 0.602990 0.403594 0.602990 0.403594 0.609860 0.157696 0.609860
2 0.217688 0.602990 0.276011 0.602990 0.276011 0.609860 0.217688 0.609860
3 0.291358 0.602990 0.291358 0.717333 0.299840 0.710463 0.299840 0.602990
3 0.291358 0.717333 0.403594 0.717333 0.403594 0.710463 0.299840 0.710463
3 0.157696 0.683490 0.299840 0.683490 0.299840 0.676619 0.157696 0.676619
3 0.508791 0.655630 0.644029 0.655630 0.644029 0.648759 0.508791 0.648759
3 0.541695 0.745451 0.541695 0.915263 0.550178 0.915263 0.550178 0.745451
