0 0.627166 0.803403 0.565834 0.803403 0.565834 0.687813 0.627166 0.687813
0 0.210279 0.635493 0.127971 0.635493 0.127971 0.531110 0.210279 0.531110
0 0.527680 0.732212 0.530778 0.732212 0.530778 0.687813 0.561917 0.687813 0.561917 0.803403 0.482176 0.803403 0.482176 0.687813 0.527680 0.687813
0 0.474605 0.831528 0.482176 0.831528 0.482176 0.816504 0.508986 0.816504 0.508986 0.928175 0.401375 0.928175 0.401375 0.816504 0.474605 0.816504
0 0.275142 0.803403 0.127971 0.803403 0.127971 0.648594 0.275142 0.648594
0 0.275142 0.635493 0.215786 0.635493 0.215786 0.531110 0.233018 0.531110 0.233018 0.518009 0.127971 0.518009 0.127971 0.334521 0.275142 0.334521
0 0.627166 0.674712 0.482176 0.674712 0.482176 0.489878 0.627166 0.489878 0.627166 0.476778 0.482176 0.476778 0.482176 0.232913 0.627166 0.232913
0 0.286365 0.493392 0.286365 0.334521 0.291204 0.334521 0.291204 0.321421 0.282714 0.321421 0.282714 0.232913 0.474605 0.232913 0.474605 0.476778 0.468372 0.476778 0.468372 0.489878 0.474605 0.489878 0.474605 0.674712 0.466765 0.674712 0.466765 0.687813 0.474605 0.687813 0.474605 0.803403 0.401375 0.803403 0.401375 0.660521 0.393804 0.660521 0.393804 0.803403 0.282714 0.803403 0.282714 0.493392
0 0.290258 0.635493 0.290258 0.648594 0.282714 0.648594 0.282714 0.635493
0 0.516557 0.816504 0.516557 0.928175 0.627166 0.928175 0.627166 0.816504 0.516557 0.816504 0.516557 0.816504
0 0.393804 0.816504 0.393804 0.928175 0.267044 0.928175 0.267044 0.941276 0.135566 0.941276 0.135566 0.928175 0.067458 0.928175 0.067458 0.306790 0.059887 0.306790 0.059887 0.140112 0.067458 0.140112 0.067458 0.127184 0.634737 0.127184 0.634737 0.219813 0.275142 0.219813 0.275142 0.321421 0.120399 0.321421 0.120399 0.816504 0.393804 0.816504 0.393804 0.816504
3 0.127971 0.321421 0.127971 0.803403 0.120399 0.816504 0.120399 0.334521
1 0.127971 0.353589 0.127971 0.384012 0.120399 0.384012 0.120399 0.353589
1 0.127971 0.467297 0.127971 0.498983 0.120399 0.498983 0.120399 0.467297
1 0.127971 0.656746 0.127971 0.794095 0.120399 0.794095 0.120399 0.656746
1 0.127971 0.545860 0.127971 0.619242 0.120399 0.619242 0.120399 0.545860
3 0.627166 0.803403 0.627166 0.232913 0.634737 0.219813 0.634737 0.816504
1 0.627166 0.408445 0.627166 0.304163 0.634737 0.304163 0.634737 0.408445
1 0.627166 0.635189 0.627166 0.529675 0.634737 0.529675 0.634737 0.635189
1 0.627166 0.790094 0.627166 0.705916 0.634737 0.705916 0.634737 0.790094
3 0.627166 0.232913 0.282714 0.232913 0.282714 0.219813 0.634737 0.219813
1 0.449220 0.232913 0.307035 0.232913 0.307035 0.219813 0.449220 0.219813
1 0.585519 0.232913 0.524556 0.232913 0.524556 0.219813 0.585519 0.219813
3 0.282714 0.219813 0.282714 0.321421 0.275142 0.334521 0.275142 0.232913
2 0.282714 0.249783 0.282714 0.305622 0.275142 0.305622 0.275142 0.249783
3 0.282714 0.334521 0.127971 0.334521 0.127971 0.321421 0.275142 0.321421
1 0.232209 0.334521 0.171018 0.334521 0.171018 0.321421 0.232209 0.321421
3 0.282714 0.334521 0.282714 0.803403 0.275142 0.803403 0.275142 0.334521
2 0.282714 0.688801 0.282714 0.764601 0.275142 0.764601 0.275142 0.688801
2 0.282714 0.549177 0.282714 0.598436 0.275142 0.598436 0.275142 0.549177
3 0.127971 0.635493 0.275142 0.635493 0.275142 0.648594 0.127971 0.648594
3 0.127971 0.518009 0.233018 0.518009 0.233018 0.531110 0.127971 0.531110
2 0.152182 0.518009 0.177784 0.518009 0.177784 0.531110 0.152182 0.531110
3 0.215786 0.531110 0.215786 0.635493 0.210279 0.635493 0.210279 0.531110
3 0.282714 0.635493 0.290258 0.635493 0.290258 0.648594 0.282714 0.648594
3 0.401375 0.660521 0.401375 0.816504 0.393804 0.803403 0.393804 0.660521
3 0.482176 0.232913 0.482176 0.803403 0.474605 0.803403 0.474605 0.232913
2 0.482176 0.719576 0.482176 0.762255 0.474605 0.762255 0.474605 0.719576
2 0.482176 0.585121 0.482176 0.635177 0.474605 0.635177 0.474605 0.585121
2 0.482176 0.277390 0.482176 0.326971 0.474605 0.326971 0.474605 0.277390
3 0.482176 0.476778 0.627166 0.476778 0.627166 0.489878 0.482176 0.489878
3 0.482176 0.674712 0.627166 0.674712 0.627166 0.687813 0.482176 0.687813
3 0.516557 0.816504 0.516557 0.941276 0.508986 0.928175 0.508986 0.803403
2 0.516557 0.837935 0.516557 0.891225 0.508986 0.891225 0.508986 0.837935
3 0.516557 0.941276 0.393804 0.941276 0.401375 0.928175 0.508986 0.928175
1 0.479540 0.941276 0.429500 0.941276 0.429500 0.928175 0.479540 0.928175
3 0.401375 0.928175 0.401375 0.803403 0.393804 0.816504 0.393804 0.941276
2 0.401375 0.890386 0.401375 0.836053 0.393804 0.836053 0.393804 0.890386
3 0.634737 0.816504 0.634737 0.832207 0.627166 0.832207 0.627166 0.816504
3 0.627166 0.816504 0.642563 0.816504 0.642563 0.803403 0.627166 0.803403
3 0.634737 0.687813 0.642563 0.687813 0.642563 0.674712 0.634737 0.674712
3 0.634737 0.489878 0.642563 0.489878 0.642563 0.476778 0.634737 0.476778
3 0.634737 0.219813 0.642563 0.219813 0.642563 0.232913 0.634737 0.232913
3 0.634737 0.232913 0.634737 0.206998 0.627166 0.206998 0.627166 0.232913
3 0.482176 0.219813 0.482176 0.206998 0.474605 0.206998 0.474605 0.219813
3 0.275142 0.219813 0.275142 0.206998 0.282714 0.206998 0.282714 0.219813
3 0.282714 0.219813 0.267096 0.219813 0.267096 0.232913 0.275142 0.232913
3 0.275142 0.334521 0.286365 0.334521 0.286365 0.321421 0.282714 0.321421
3 0.120399 0.321421 0.120399 0.306790 0.127971 0.306790 0.127971 0.321421
3 0.127971 0.321421 0.112353 0.321421 0.112353 0.334521 0.120399 0.334521
3 0.120399 0.531110 0.112353 0.531110 0.112353 0.518009 0.120399 0.518009
3 0.120399 0.648594 0.112353 0.648594 0.112353 0.635493 0.120399 0.635493
3 0.120399 0.816504 0.120399 0.831528 0.127971 0.831528 0.127971 0.816504
3 0.127971 0.816504 0.112353 0.816504 0.112353 0.803403 0.120399 0.803403
3 0.282714 0.816504 0.282714 0.831528 0.275142 0.831528 0.275142 0.816504
3 0.482176 0.816504 0.482176 0.831528 0.474605 0.831528 0.474605 0.816504
3 0.516557 0.941276 0.516557 0.955901 0.508986 0.955901 0.508986 0.928175
3 0.516557 0.941276 0.524645 0.941276 0.524645 0.928175 0.508986 0.928175
3 0.634737 0.913860 0.634737 0.955901 0.627166 0.955901 0.627166 0.913860
3 0.619147 0.928175 0.642563 0.928175 0.642563 0.941276 0.619147 0.941276
3 0.393804 0.928175 0.393804 0.955901 0.401375 0.955901 0.401375 0.941276
3 0.282714 0.909840 0.282714 0.955901 0.275142 0.955901 0.275142 0.909840
3 0.267044 0.928175 0.290258 0.928175 0.290258 0.941276 0.267044 0.941276
3 0.393804 0.928175 0.384814 0.928175 0.384814 0.941276 0.393804 0.941276
3 0.127971 0.909840 0.127971 0.955901 0.120399 0.955901 0.120399 0.909840
3 0.112353 0.928175 0.135566 0.928175 0.135566 0.941276 0.112353 0.941276
3 0.067458 0.306790 0.067458 0.345943 0.059887 0.345943 0.059887 0.306790
3 0.052105 0.321421 0.075491 0.321421 0.075491 0.334521 0.052105 0.334521
3 0.067458 0.503247 0.067458 0.544747 0.059887 0.544747 0.059887 0.503247
3 0.052105 0.518009 0.075491 0.518009 0.075491 0.531110 0.052105 0.531110
3 0.067458 0.618712 0.067458 0.660075 0.059887 0.660075 0.059887 0.618712
3 0.052105 0.635493 0.075491 0.635493 0.075491 0.648594 0.052105 0.648594
3 0.067458 0.786062 0.067458 0.831528 0.059887 0.831528 0.059887 0.786062
3 0.052105 0.803403 0.075491 0.803403 0.075491 0.816504 0.052105 0.816504
3 0.067458 0.909840 0.067458 0.955901 0.059887 0.955901 0.059887 0.909840
3 0.052105 0.928175 0.075491 0.928175 0.075491 0.941276 0.052105 0.941276
3 0.474605 0.687813 0.466765 0.687813 0.466765 0.674712 0.474605 0.674712
3 0.474605 0.489878 0.468372 0.489878 0.468372 0.476778 0.474605 0.476778
3 0.282714 0.100501 0.282714 0.140112 0.275142 0.140112 0.275142 0.100501
3 0.267096 0.114084 0.290258 0.114084 0.290258 0.127184 0.267096 0.127184
3 0.482176 0.100501 0.482176 0.140112 0.474605 0.140112 0.474605 0.100501
3 0.466940 0.114084 0.489631 0.114084 0.489631 0.127184 0.466940 0.127184
3 0.634737 0.100501 0.634737 0.140112 0.627166 0.140112 0.627166 0.100501
3 0.619914 0.114084 0.642563 0.114084 0.642563 0.127184 0.619914 0.127184
3 0.127971 0.100501 0.127971 0.140112 0.120399 0.140112 0.120399 0.100501
3 0.112353 0.114084 0.136582 0.114084 0.136582 0.127184 0.112353 0.127184
3 0.067458 0.100501 0.067458 0.140112 0.059887 0.140112 0.059887 0.100501
3 0.052105 0.114084 0.075491 0.114084 0.075491 0.127184 0.052105 0.127184
3 0.286365 0.321421 0.286365 0.493392 0.282686 0.493392 0.282686 0.334521
3 0.286365 0.321421 0.291204 0.321421 0.291204 0.334521 0.286365 0.334521
3 0.565834 0.687813 0.565834 0.803403 0.561917 0.803403 0.561917 0.687813
2 0.565834 0.758164 0.565834 0.798627 0.561917 0.798627 0.561917 0.758164
3 0.530778 0.687813 0.530778 0.732212 0.527680 0.732212 0.527680 0.687813
1 0.530778 0.688551 0.530778 0.731873 0.527680 0.731873 0.527680 0.688551
3 0.127971 0.803403 0.401375 0.803403 0.393804 0.816504 0.120399 0.816504
1 0.305418 0.803403 0.366667 0.803403 0.366667 0.816504 0.305418 0.816504
1 0.169655 0.803403 0.229717 0.803403 0.229717 0.816504 0.169655 0.816504
3 0.393804 0.803403 0.516557 0.803403 0.508986 0.816504 0.393804 0.816504
2 0.424540 0.803403 0.456203 0.803403 0.456203 0.816504 0.424540 0.816504
3 0.508986 0.803403 0.627166 0.803403 0.634737 0.816504 0.516557 0.816504
0 0.966287 0.670597 0.959920 0.670597 0.959920 0.683698 0.966287 0.683698 0.966287 0.799568 0.893921 0.799568 0.893921 0.618045 0.966287 0.618045
0 0.887038 0.799568 0.775555 0.799568 0.775555 0.646635 0.782999 0.646635 0.782999 0.633534 0.775555 0.633534 0.775555 0.618045 0.887038 0.618045
0 0.966287 0.478076 0.959920 0.478076 0.959920 0.491177 0.966287 0.491177 0.966287 0.606135 0.775555 0.606135 0.775555 0.545288 0.931819 0.545288 0.931819 0.537547 0.775555 0.537547 0.775555 0.341501 0.782999 0.341501 0.782999 0.328400 0.775555 0.328400 0.775555 0.238886 0.966287 0.238886
3 0.775555 0.225785 0.775555 0.812669 0.767984 0.799568 0.767984 0.238886
3 0.775555 0.799568 0.973858 0.799568 0.966335 0.812669 0.775555 0.812669
1 0.816372 0.799568 0.846988 0.799568 0.846988 0.812669 0.816372 0.812669
1 0.852509 0.799568 0.884460 0.799568 0.884460 0.812669 0.852509 0.812669
3 0.966287 0.799568 0.966287 0.238886 0.973858 0.238886 0.973858 0.799568
3 0.973858 0.238886 0.775555 0.238886 0.775555 0.225785 0.966287 0.225785
1 0.942529 0.238886 0.801326 0.238886 0.801326 0.225785 0.942529 0.225785
3 0.775555 0.606135 0.966287 0.606135 0.966287 0.618045 0.775555 0.618045
2 0.854460 0.606135 0.882016 0.606135 0.882016 0.618045 0.854460 0.618045
3 0.893921 0.618045 0.893921 0.799568 0.887038 0.799568 0.887038 0.618045
2 0.893921 0.626870 0.893921 0.675808 0.887038 0.675808 0.887038 0.626870
3 0.973858 0.812669 1.000000 0.812669 1.000000 0.799657 0.973858 0.799657
3 0.973858 0.799568 0.973858 0.828044 0.966335 0.828044 0.966335 0.812669
3 0.893921 0.812669 0.893921 0.828044 0.887038 0.828044 0.887038 0.812669
3 0.775555 0.812669 0.775555 0.828044 0.767946 0.828044 0.767946 0.812669
3 0.959920 0.670597 1.000000 0.670597 1.000000 0.683698 0.959920 0.683698
3 0.959920 0.478076 1.000000 0.478076 1.000000 0.491177 0.959920 0.491177
3 0.973858 0.225785 1.000000 0.225785 1.000000 0.238886 0.973858 0.238886
3 0.973858 0.238886 0.973858 0.212679 0.966287 0.212679 0.966287 0.225785
3 0.767984 0.225785 0.767984 0.212679 0.775555 0.212679 0.775555 0.225785
3 0.775555 0.225785 0.759879 0.225785 0.759879 0.238886 0.767984 0.238886
3 0.782999 0.328400 0.740259 0.328400 0.740259 0.341501 0.782999 0.341501
3 0.767984 0.533933 0.740259 0.533933 0.740259 0.520832 0.767984 0.520832
3 0.782999 0.646635 0.740259 0.646635 0.740259 0.633534 0.782999 0.633534
3 0.775555 0.545288 0.931819 0.545288 0.931819 0.537547 0.775555 0.537547
3 0.775555 0.812669 0.740259 0.812669 0.740259 0.799568 0.767984 0.799568
