0 0.657682 0.909648 0.657682 0.822714 0.466777 0.822714 0.467302 0.911870 0.658144 0.911870 0.657682 0.909648 0.657682 0.909648
0 0.980050 0.428799 0.485394 0.428799 0.485394 0.122651 0.980050 0.122651
0 0.644504 0.757877 0.483651 0.757877 0.483651 0.617879 0.377305 0.617879 0.377305 0.439831 0.485394 0.439831 0.485394 0.428799 0.644504 0.428799
0 0.475944 0.433543 0.377305 0.433543 0.377305 0.391574 0.094418 0.391574 0.084705 0.391560 0.083886 0.122651 0.475944 0.122651
0 0.980050 0.806085 0.653954 0.806085 0.653954 0.538084 0.980050 0.538084
0 0.474201 0.806085 0.085755 0.806085 0.085755 0.624167 0.474201 0.624167
0 0.367855 0.617879 0.085755 0.617879 0.084705 0.511353 0.251491 0.511346 0.367855 0.511339
0 0.251491 0.503661 0.084926 0.503668 0.094418 0.503654 0.094418 0.399259 0.251491 0.399259
0 0.980050 0.531796 0.818514 0.531796 0.818514 0.435087 0.980050 0.435087
0 0.651844 0.995808 0.472762 0.995808 0.473560 0.916062 0.651844 0.916062
0 0.809064 0.531796 0.653954 0.531796 0.653954 0.435087 0.809064 0.435087
0 0.367855 0.505051 0.263041 0.505051 0.263041 0.397862 0.367855 0.397862
0 0.644504 0.806085 0.483651 0.806085 0.483651 0.764165 0.644504 0.764165
3 0.083886 0.122651 0.980050 0.122651 1.000000 0.109376 0.064944 0.109376
1 0.208335 0.122651 0.433744 0.122651 0.433744 0.109376 0.208335 0.109376
1 0.607659 0.122651 0.957075 0.122651 0.957075 0.109376 0.607659 0.109376
2 0.496797 0.122651 0.584012 0.122651 0.584012 0.109376 0.496797 0.109376
3 0.980050 0.122651 0.980050 0.806085 1.000000 0.822853 1.000000 0.109376
3 0.980050 0.806085 0.085755 0.806085 0.066907 0.822853 1.000000 0.822853
2 0.574436 0.806085 0.491537 0.806085 0.491537 0.822853 0.574436 0.822853
1 0.876843 0.806085 0.686957 0.806085 0.686957 0.822853 0.876843 0.822853
1 0.352577 0.806085 0.161504 0.806085 0.161504 0.822853 0.352577 0.822853
3 0.085755 0.806085 0.083886 0.122651 0.064944 0.109376 0.066907 0.822853
3 0.084642 0.399259 0.263041 0.399259 0.263041 0.391574 0.084642 0.391574
3 0.263041 0.399259 0.263041 0.505051 0.251491 0.511339 0.251491 0.399259
3 0.251491 0.511346 0.066046 0.511353 0.066046 0.503668 0.251491 0.503661
2 0.247963 0.511346 0.183219 0.511346 0.183219 0.503661 0.247963 0.503661
3 0.084621 0.391574 0.084926 0.503668 0.094418 0.503654 0.094114 0.391560
3 0.263041 0.391574 0.377305 0.391574 0.367855 0.397862 0.263041 0.397862
3 0.377305 0.391574 0.377305 0.617879 0.367855 0.624167 0.367855 0.397862
2 0.377305 0.442136 0.377305 0.485216 0.367855 0.485216 0.367855 0.442136
2 0.377305 0.535122 0.377305 0.574261 0.367855 0.574261 0.367855 0.535122
3 0.367855 0.624167 0.066361 0.624174 0.066361 0.617886 0.367855 0.617879
3 0.377305 0.617879 0.483651 0.617879 0.474201 0.624167 0.367855 0.624167
3 0.483651 0.617879 0.483651 0.822853 0.474201 0.822853 0.474201 0.624167
2 0.483651 0.671452 0.483651 0.725033 0.474201 0.725033 0.474201 0.671452
3 0.251491 0.511339 0.377305 0.511339 0.377305 0.505051 0.263041 0.505051
3 0.653954 0.822853 0.653954 0.435087 0.644504 0.428799 0.644504 0.822853
2 0.653954 0.508852 0.653954 0.465248 0.644504 0.465248 0.644504 0.508852
2 0.653954 0.661734 0.653954 0.604471 0.644504 0.604471 0.644504 0.661734
3 0.644504 0.428799 1.000000 0.428799 1.000000 0.435087 0.653954 0.435087
3 0.644504 0.531796 0.980050 0.531796 0.980050 0.538084 0.644504 0.538084
2 0.870921 0.531796 0.934479 0.531796 0.934479 0.538084 0.870921 0.538084
3 0.818514 0.428799 0.818514 0.538084 0.809064 0.538084 0.809064 0.428799
3 0.485394 0.439831 0.485394 0.258911 0.475944 0.258911 0.475944 0.433543
3 0.485394 0.258911 0.485394 0.109376 0.475944 0.109376 0.475944 0.258911
2 0.485394 0.258702 0.485394 0.124104 0.475944 0.124104 0.475944 0.258702
3 0.485394 0.439831 0.377305 0.439831 0.377305 0.433543 0.475944 0.433543
2 0.469434 0.439831 0.386135 0.439831 0.386135 0.433543 0.469434 0.433543
3 0.474201 0.757877 0.644504 0.757877 0.644504 0.764165 0.474201 0.764165
2 0.490749 0.757877 0.573649 0.757877 0.573649 0.764165 0.490749 0.764165
3 0.467302 0.911870 0.658144 0.911870 0.651844 0.916062 0.473560 0.916062
3 0.658144 0.911870 0.658144 1.000000 0.651844 0.995808 0.651844 0.916062
3 0.658144 1.000000 0.466420 1.000000 0.472762 0.995808 0.651844 0.995808
3 0.466420 1.000000 0.467302 0.911870 0.473560 0.916062 0.472762 0.995808
2 0.466693 0.972983 0.467229 0.918885 0.473529 0.918913 0.472993 0.973010
