0 0.855936 0.329173 0.944986 0.329173 0.943631 0.909966 0.855942 0.910024 0.855936 0.329173 0.855936 0.329173
0 0.844654 0.329154 0.844654 0.553608 0.598976 0.552763 0.598976 0.543109 0.557675 0.543109 0.557675 0.328280
0 0.599850 0.906139 0.462904 0.906139 0.462904 0.552821 0.598662 0.552821
0 0.844654 0.553608 0.844654 0.906139 0.599850 0.906139 0.598662 0.552821 0.598976 0.552763
0 0.456963 0.328280 0.456963 0.635182 0.202297 0.635182 0.202297 0.328270
0 0.456963 0.906139 0.202297 0.906139 0.202297 0.644895 0.456963 0.644895
0 0.540731 0.543109 0.462904 0.543109 0.462904 0.328280 0.540731 0.328280
0 0.551734 0.543109 0.546672 0.543109 0.546672 0.328280 0.551734 0.328280
3 0.191009 0.298142 0.191009 0.924593 0.202297 0.906139 0.202297 0.328270
1 0.191009 0.420179 0.191009 0.626305 0.202297 0.626305 0.202297 0.420179
1 0.191009 0.693933 0.191009 0.876439 0.202297 0.876439 0.202297 0.693933
3 0.191009 0.924593 0.855942 0.924593 0.844654 0.906139 0.202297 0.906139
2 0.510937 0.924593 0.557063 0.924593 0.557063 0.906139 0.510937 0.906139
3 0.855942 0.924593 0.855942 0.299065 0.844654 0.329154 0.844654 0.906139
1 0.855942 0.549295 0.855942 0.384709 0.844654 0.384709 0.844654 0.549295
2 0.855942 0.636086 0.855942 0.553753 0.844654 0.553753 0.844654 0.636086
1 0.855942 0.902070 0.855942 0.641602 0.844654 0.641602 0.844654 0.902070
3 0.855942 0.299065 0.191009 0.298142 0.202297 0.328270 0.844654 0.329154
3 0.456963 0.298511 0.456963 0.924593 0.462904 0.924593 0.462904 0.298511
2 0.456963 0.557269 0.456963 0.629015 0.462904 0.629015 0.462904 0.557269
2 0.456963 0.653451 0.456963 0.725984 0.462904 0.725984 0.462904 0.653451
3 0.191009 0.644895 0.462904 0.644895 0.462904 0.635182 0.191009 0.635182
3 0.551734 0.298647 0.551734 0.552821 0.557675 0.543109 0.557675 0.298647
3 0.557675 0.552821 0.456963 0.552821 0.456963 0.543109 0.557675 0.543109
2 0.498390 0.552821 0.464894 0.552821 0.464894 0.543109 0.498390 0.543109
3 0.540731 0.298628 0.540731 0.552821 0.553005 0.552821 0.553005 0.298628
3 0.551734 0.552821 0.598976 0.552821 0.598976 0.543109 0.557675 0.543109
2 0.560711 0.552821 0.594212 0.552821 0.594212 0.543109 0.560711 0.543109
3 0.855942 0.299065 0.952709 0.299065 0.952709 0.329173 0.855936 0.329173
3 0.855942 0.924593 0.951354 0.924593 0.951354 0.910024 0.855942 0.910024
