0 0.048688 0.138451 0.492978 0.138451 0.492978 0.266164 0.049030 0.266164 0.048688 0.138451 0.048688 0.138451
0 0.712003 0.611536 0.754261 0.611536 0.754261 0.686837 0.531469 0.686837 0.531469 0.662527 0.531329 0.662527 0.531329 0.545176 0.712003 0.545176
0 0.850875 0.554104 0.981239 0.554104 0.981239 0.686837 0.754261 0.686837 0.754261 0.611536 0.800383 0.611536 0.800383 0.545176 0.850875 0.545176
0 0.292337 0.539936 0.285602 0.539936 0.285907 0.613061 0.285767 0.613061 0.285767 0.619364 0.285907 0.619364 0.285907 0.689593 0.292307 0.689585 0.292307 0.689774 0.068144 0.689774 0.068144 0.564860 0.068376 0.564860 0.068376 0.487899 0.157390 0.487899 0.157390 0.483278 0.292337 0.483278
0 0.398954 0.487677 0.850875 0.487677 0.850875 0.540134 0.524015 0.540134 0.485615 0.539936 0.485554 0.545214 0.524015 0.545407 0.524015 0.613061 0.367216 0.613061 0.367216 0.550037 0.292611 0.550037 0.292337 0.539936 0.292337 0.483278 0.398954 0.483278
0 0.575208 0.482206 0.398954 0.482206 0.398954 0.483278 0.068376 0.483278 0.068376 0.321285 0.575208 0.321285
0 0.292307 0.940757 0.068144 0.940757 0.068144 0.696602 0.292307 0.696602
0 0.858189 0.316738 0.962923 0.316738 0.962923 0.343019 0.981105 0.343019 0.981105 0.437089 0.981239 0.437089 0.981239 0.482236 0.760478 0.482236 0.759612 0.304058 0.759417 0.304058 0.759417 0.238172 0.858189 0.238172
0 0.752554 0.482206 0.582523 0.482206 0.582523 0.321285 0.751774 0.321285
0 0.981105 0.139355 0.759697 0.139355 0.759697 0.037260 0.981105 0.037214
0 0.981105 0.233551 0.759417 0.233551 0.759417 0.162501 0.759697 0.162501 0.759697 0.145657 0.981105 0.145657
0 0.981105 0.310856 0.866723 0.310856 0.866723 0.238172 0.981105 0.238172
0 0.981239 0.549062 0.858189 0.549062 0.858189 0.487677 0.981239 0.487677
0 0.398954 0.689354 0.292611 0.689354 0.292611 0.619364 0.398954 0.619364
0 0.522302 0.662527 0.407030 0.662527 0.407030 0.617263 0.522302 0.617263
0 0.793069 0.606494 0.721536 0.606494 0.721536 0.545176 0.793069 0.545176
0 0.359902 0.613061 0.292611 0.613061 0.292611 0.555079 0.359902 0.555079
3 0.068376 0.321285 0.751774 0.321285 0.759612 0.304058 0.040795 0.304058
2 0.070009 0.321285 0.119715 0.321285 0.119715 0.304058 0.070009 0.304058
1 0.609640 0.321285 0.720341 0.321285 0.720341 0.304058 0.609640 0.304058
1 0.364583 0.321285 0.476704 0.321285 0.476704 0.304058 0.364583 0.304058
1 0.252938 0.321285 0.360798 0.321285 0.360798 0.304058 0.252938 0.304058
1 0.138452 0.321285 0.249622 0.321285 0.249622 0.304058 0.138452 0.304058
3 0.759417 0.321285 0.759417 0.162501 0.743783 0.162501 0.743783 0.304058
2 0.759417 0.297197 0.759417 0.264407 0.743783 0.264407 0.743783 0.297197
1 0.759417 0.225190 0.759417 0.162905 0.743783 0.162905 0.743783 0.225190
3 0.759697 0.162501 0.759697 0.037260 0.743576 0.024235 0.743576 0.162501
2 0.759697 0.133321 0.759697 0.094566 0.743576 0.094566 0.743576 0.133321
3 1.000000 0.437089 1.000000 0.700572 0.981239 0.686837 0.981239 0.437089
1 1.000000 0.496063 1.000000 0.533336 0.981239 0.533336 0.981239 0.496063
3 1.000000 0.700572 0.522241 0.700572 0.531469 0.686837 0.981239 0.686837
1 0.690365 0.700572 0.597724 0.700572 0.597724 0.686837 0.690365 0.686837
1 0.929979 0.700572 0.838075 0.700572 0.838075 0.686837 0.929979 0.686837
3 0.522241 0.700572 0.522241 0.667623 0.531469 0.662527 0.531469 0.686837
3 0.522241 0.667623 0.407012 0.667623 0.398954 0.662527 0.531469 0.662527
2 0.481154 0.667623 0.427022 0.667623 0.427022 0.662527 0.481154 0.662527
2 0.426571 0.667623 0.408688 0.667623 0.408688 0.662527 0.426571 0.662527
3 0.407012 0.667623 0.407012 0.702799 0.398954 0.689354 0.398954 0.662527
3 0.407012 0.702799 0.309983 0.702799 0.292307 0.689354 0.398954 0.689354
1 0.369264 0.702799 0.332285 0.702799 0.332285 0.689354 0.369264 0.689354
3 0.309983 0.702799 0.309983 0.949581 0.292307 0.940757 0.292307 0.689354
3 0.309983 0.949581 0.039576 0.949581 0.068144 0.940757 0.292307 0.940757
2 0.254571 0.949581 0.108293 0.949581 0.108293 0.940757 0.254571 0.940757
3 0.068144 0.940757 0.068144 0.564860 0.039576 0.564860 0.039576 0.949581
1 0.068144 0.628124 0.068144 0.564864 0.039576 0.564864 0.039576 0.628124
1 0.068144 0.884162 0.068144 0.775768 0.039576 0.775768 0.039576 0.884162
3 0.068376 0.564860 0.068376 0.321285 0.040795 0.304058 0.040795 0.564860
3 0.039576 0.696602 0.292307 0.696602 0.292307 0.689774 0.039576 0.689774
3 0.292611 0.689585 0.292307 0.539932 0.285602 0.539936 0.285907 0.689593
3 0.285767 0.619364 0.406994 0.619364 0.406994 0.613061 0.285767 0.613061
3 0.406994 0.613061 0.531329 0.613061 0.522302 0.617263 0.406994 0.617263
2 0.426151 0.613061 0.481154 0.613061 0.481154 0.617263 0.426151 0.617263
2 0.408712 0.613061 0.425523 0.613061 0.425523 0.617263 0.408712 0.617263
3 0.531329 0.613061 0.531329 0.667623 0.522302 0.667623 0.522302 0.617263
3 0.531329 0.617263 0.531329 0.540172 0.524015 0.545407 0.524015 0.617263
3 0.531329 0.545176 0.850875 0.545176 0.858189 0.540134 0.524015 0.540134
2 0.660187 0.545176 0.710418 0.545176 0.710418 0.540134 0.660187 0.540134
2 0.736822 0.545176 0.773850 0.545176 0.773850 0.540134 0.736822 0.540134
2 0.801858 0.545176 0.848870 0.545176 0.848870 0.540134 0.801858 0.540134
3 0.858189 0.540134 0.858189 0.549062 0.850875 0.554104 0.850875 0.540134
3 0.850875 0.554104 1.000000 0.554104 1.000000 0.549062 0.858189 0.549062
3 0.712003 0.540134 0.712003 0.611536 0.721536 0.606494 0.721536 0.540134
3 0.712003 0.611536 0.800383 0.611536 0.793069 0.606494 0.721536 0.606494
3 0.800383 0.611536 0.800383 0.540134 0.793069 0.540134 0.793069 0.606494
3 0.231794 0.487899 0.760478 0.487677 0.752530 0.482210 0.231788 0.482429
2 0.585162 0.487677 0.633137 0.487677 0.633137 0.482206 0.585162 0.482206
2 0.312463 0.487866 0.398552 0.487828 0.398546 0.482357 0.312457 0.482395
3 0.582523 0.487677 0.582523 0.304058 0.575208 0.304058 0.575208 0.487677
3 0.850875 0.482236 0.850875 0.540134 0.858189 0.540134 0.858189 0.482236
2 0.850875 0.489803 0.850875 0.511739 0.858189 0.511739 0.858189 0.489803
3 0.858189 0.233551 0.858189 0.316738 0.866723 0.310856 0.866723 0.233551
3 0.858189 0.316738 1.000000 0.316738 1.000000 0.310856 0.866723 0.310856
3 0.981135 0.316738 0.981135 0.343019 0.962923 0.343019 0.962923 0.316738
3 0.292337 0.555079 0.359902 0.555079 0.367216 0.550037 0.292337 0.550037
3 0.367216 0.550037 0.367216 0.613061 0.359902 0.613061 0.359902 0.555079
2 0.367216 0.575121 0.367216 0.601687 0.359902 0.601687 0.359902 0.575121
3 0.231385 0.471131 0.231385 0.422527 0.241613 0.422527 0.241613 0.471131
3 0.040795 0.304058 0.040795 0.075116 0.048719 0.075116 0.048719 0.304058
3 0.759612 0.304058 0.760478 0.487677 0.752530 0.482210 0.751774 0.321285
3 1.000000 0.437089 1.000000 0.024184 0.981105 0.037214 0.981105 0.437089
1 1.000000 0.436039 1.000000 0.361292 0.981105 0.361292 0.981105 0.436039
1 1.000000 0.286247 1.000000 0.248378 0.981105 0.248378 0.981105 0.286247
3 0.981105 0.037214 0.759697 0.037260 0.743576 0.024235 1.000000 0.024184
3 0.743783 0.233551 1.000000 0.233551 1.000000 0.238172 0.743783 0.238172
2 0.763013 0.233551 0.808063 0.233551 0.808063 0.238172 0.763013 0.238172
2 0.936513 0.233551 0.976345 0.233551 0.976345 0.238172 0.936513 0.238172
3 0.743576 0.145657 1.000000 0.145657 1.000000 0.139355 0.743576 0.139355
3 0.398954 0.671388 0.398954 0.613061 0.407030 0.613061 0.407030 0.671388
2 0.398954 0.661523 0.398954 0.632779 0.407030 0.632779 0.407030 0.661523
3 0.531329 0.540172 0.485615 0.539936 0.485554 0.545214 0.524015 0.545407
3 0.760478 0.487677 1.000000 0.487677 1.000000 0.482236 0.760453 0.482236
2 0.763763 0.487677 0.812957 0.487677 0.812957 0.482236 0.763763 0.482236
3 0.231672 0.487899 0.231398 0.471097 0.289582 0.470643 0.289856 0.487446
3 0.157390 0.487899 0.040795 0.487899 0.040795 0.483278 0.157390 0.483278
