0 0.446324 0.327688 0.446324 0.291131 0.432077 0.291131 0.432077 0.087798 0.694933 0.087798 0.694933 0.291538 0.678136 0.291538 0.678136 0.327688 0.446324 0.327688 0.446324 0.327688
0 0.963083 0.852779 0.758271 0.852779 0.758271 0.852711 0.668873 0.852711 0.668873 0.770898 0.661322 0.770898 0.661322 0.852711 0.553626 0.852711 0.553626 0.377897 0.963083 0.377897
0 0.272546 0.852711 0.016755 0.852711 0.016755 0.375183 0.272546 0.375183
0 0.539363 0.588856 0.465084 0.588856 0.465084 0.630733 0.280098 0.630733 0.280098 0.386039 0.539363 0.386039
0 0.539363 0.852711 0.280098 0.852711 0.280098 0.642946 0.539363 0.642946
3 0.001653 0.875780 0.001653 0.327688 0.016755 0.375183 0.016755 0.852711
3 0.001653 0.327688 0.280098 0.327688 0.272546 0.375183 0.016755 0.375183
1 0.091428 0.327688 0.216534 0.327688 0.216534 0.375183 0.091428 0.375183
3 0.272546 0.327688 0.553626 0.327688 0.539363 0.386039 0.272546 0.386039
1 0.281524 0.327688 0.330388 0.327688 0.330388 0.386039 0.281524 0.386039
1 0.487260 0.327688 0.537592 0.327688 0.537592 0.386039 0.487260 0.386039
3 0.553626 0.327688 1.000000 0.327688 0.963083 0.377897 0.553626 0.377897
2 0.606006 0.327688 0.673446 0.327688 0.673446 0.377897 0.606006 0.377897
1 0.802680 0.327688 0.962781 0.327688 0.962781 0.377897 0.802680 0.377897
3 1.000000 0.327688 1.000000 0.904345 0.963083 0.852779 0.963083 0.377897
1 1.000000 0.385049 1.000000 0.499742 0.963083 0.499742 0.963083 0.385049
3 1.000000 0.904345 0.758271 0.904345 0.758271 0.852779 0.963083 0.852779
3 0.001653 0.875780 0.758271 0.875780 0.758271 0.852711 0.016755 0.852711
2 0.286474 0.875780 0.363278 0.875780 0.363278 0.852711 0.286474 0.852711
3 0.553626 0.875780 0.553626 0.327688 0.539363 0.386039 0.539363 0.875780
2 0.553626 0.770708 0.553626 0.643367 0.539363 0.643367 0.539363 0.770708
3 0.272546 0.875780 0.272546 0.375183 0.280098 0.327688 0.280098 0.875780
2 0.272546 0.764913 0.272546 0.660804 0.280098 0.660804 0.280098 0.764913
2 0.272546 0.630353 0.272546 0.513461 0.280098 0.513461 0.280098 0.630353
3 0.280098 0.630733 0.539363 0.630733 0.539363 0.642946 0.280098 0.642946
2 0.392694 0.630733 0.459698 0.630733 0.459698 0.642946 0.392694 0.642946
3 0.539363 0.630733 0.465084 0.630733 0.465084 0.588856 0.539363 0.588856
3 0.668873 0.875780 0.668873 0.770898 0.661322 0.770898 0.661322 0.875780
3 0.409315 0.087798 0.476822 0.087798 0.476822 0.071514 0.409315 0.071514
3 0.714348 0.087798 0.648829 0.087798 0.648829 0.071514 0.714348 0.071514
3 0.432077 0.327688 0.432077 0.291131 0.446097 0.291131 0.446097 0.327688
3 0.694933 0.327688 0.694933 0.291538 0.678446 0.291538 0.678446 0.327688
