0 0.368644 0.693483 0.460783 0.693483 0.460783 0.873742 0.275838 0.873742 0.275838 0.558717 0.368644 0.558717
0 0.368644 0.558717 0.035930 0.558717 0.035930 0.163388 0.368644 0.163388
0 0.275838 0.696593 0.267172 0.696593 0.267172 0.742639 0.035930 0.742639 0.035930 0.558717 0.275838 0.558717
0 0.578427 0.685804 0.488501 0.685804 0.488501 0.556190 0.578427 0.556190
0 0.480842 0.685804 0.375310 0.685804 0.375310 0.556190 0.480842 0.556190
0 0.700071 0.285429 0.579194 0.285429 0.579194 0.163388 0.700071 0.163388
0 0.700071 0.410327 0.537730 0.410327 0.537730 0.293108 0.700071 0.293108
0 0.991681 0.387258 0.720869 0.387258 0.720869 0.276306 0.991681 0.276306
0 0.267172 0.951404 0.035930 0.951404 0.035930 0.750879 0.267172 0.750879
0 0.570694 0.285429 0.531064 0.285429 0.531064 0.410327 0.375310 0.410327 0.375310 0.163388 0.570694 0.163388
0 0.700071 0.685804 0.585093 0.685804 0.585093 0.547658 0.375310 0.547658 0.375310 0.418007 0.700071 0.418007
0 0.700071 0.951404 0.467449 0.951404 0.467449 0.693483 0.700071 0.693483
0 0.278958 0.004677 0.522718 0.004784 0.522718 0.136794 0.278951 0.136794 0.278958 0.004677 0.278958 0.004677
0 0.289177 0.901519 0.443638 0.901519 0.443638 0.977369 0.289177 0.977369 0.289177 0.901519 0.289177 0.901519
0 0.720869 0.407271 0.986214 0.407271 0.986214 0.858084 0.720876 0.858084 0.720869 0.407271 0.720869 0.407271
3 0.035930 0.163388 0.700071 0.163388 0.720869 0.136932 0.012732 0.136932
2 0.305729 0.163388 0.360531 0.163388 0.360531 0.136932 0.305729 0.136932
1 0.050923 0.163388 0.145428 0.163388 0.145428 0.136932 0.050923 0.136932
1 0.149241 0.163388 0.244187 0.163388 0.244187 0.136932 0.149241 0.136932
1 0.402441 0.163388 0.496800 0.163388 0.496800 0.136932 0.402441 0.136932
1 0.621350 0.163388 0.655934 0.163388 0.655934 0.136932 0.621350 0.136932
3 0.035930 0.951404 0.035930 0.163388 0.012732 0.136932 0.012732 0.977369
1 0.035930 0.797355 0.035930 0.754005 0.012732 0.754005 0.012732 0.797355
1 0.035930 0.514161 0.035930 0.403769 0.012732 0.403769 0.012732 0.514161
1 0.035930 0.229907 0.035930 0.191656 0.012732 0.191656 0.012732 0.229907
3 0.700071 0.276306 0.991681 0.276306 1.000000 0.255909 0.720869 0.255909
2 0.830247 0.276306 0.884689 0.276306 0.884689 0.255909 0.830247 0.255909
3 0.991681 0.276306 0.991681 0.407271 1.000000 0.407271 1.000000 0.255909
3 0.991681 0.387258 0.700071 0.387258 0.720869 0.407271 1.000000 0.407271
2 0.884349 0.387258 0.830247 0.387258 0.830247 0.407271 0.884349 0.407271
3 0.700071 0.163388 0.700071 0.276306 0.720869 0.255909 0.720869 0.136932
3 0.700071 0.255909 0.700071 0.407271 0.720869 0.387258 0.720869 0.255909
3 0.700071 0.387258 0.700071 0.951404 0.720869 0.977369 0.720869 0.407271
2 0.700071 0.431776 0.700071 0.494171 0.720869 0.494171 0.720869 0.431776
3 1.000000 0.407271 1.000000 0.858084 0.986214 0.858084 0.986214 0.407271
3 0.267172 0.951404 0.267172 0.873742 0.289177 0.901519 0.289177 0.977369
3 0.267172 0.873742 0.467449 0.873742 0.443638 0.901519 0.289177 0.901519
2 0.303909 0.873742 0.366144 0.873742 0.366144 0.901519 0.303909 0.901519
1 0.374970 0.873742 0.414960 0.873742 0.414960 0.901519 0.374970 0.901519
3 0.467449 0.873742 0.467449 0.951404 0.443638 0.977369 0.443638 0.901519
3 0.267172 0.951404 0.035930 0.951404 0.012732 0.977369 0.289177 0.977369
1 0.197944 0.951404 0.103038 0.951404 0.103038 0.977369 0.197944 0.977369
3 0.700071 0.951404 0.467449 0.951404 0.443638 0.977369 0.720869 0.977369
1 0.628950 0.951404 0.536177 0.951404 0.536177 0.977369 0.628950 0.977369
3 0.267172 0.873742 0.267172 0.696593 0.275838 0.696593 0.275838 0.873742
2 0.267172 0.823081 0.267172 0.759357 0.275838 0.759357 0.275838 0.823081
3 0.012732 0.750879 0.275838 0.750879 0.275838 0.742639 0.012732 0.742639
3 0.368644 0.136932 0.368644 0.693483 0.375310 0.685804 0.375310 0.136932
2 0.368644 0.477799 0.368644 0.540586 0.375310 0.540586 0.375310 0.477799
2 0.368644 0.221713 0.368644 0.334716 0.375310 0.334716 0.375310 0.221713
3 0.368644 0.693483 0.720869 0.693483 0.720869 0.685804 0.375310 0.685804
2 0.382789 0.693483 0.437338 0.693483 0.437338 0.685804 0.382789 0.685804
3 0.467449 0.873742 0.467449 0.693483 0.460783 0.693483 0.460783 0.873742
2 0.467449 0.766138 0.467449 0.703297 0.460783 0.703297 0.460783 0.766138
3 0.368644 0.556190 0.578427 0.556190 0.585093 0.547658 0.368644 0.547658
2 0.496394 0.556190 0.544083 0.556190 0.544083 0.547658 0.496394 0.547658
3 0.578427 0.556190 0.578427 0.693483 0.585093 0.693483 0.585093 0.547658
3 0.480842 0.547658 0.480842 0.693483 0.488501 0.693483 0.488501 0.547658
3 0.368644 0.418007 0.720869 0.418007 0.720869 0.410327 0.368644 0.410327
2 0.582300 0.418007 0.637689 0.418007 0.637689 0.410327 0.582300 0.410327
3 0.537730 0.418007 0.537730 0.293108 0.531064 0.285429 0.531064 0.418007
3 0.537730 0.293108 0.720869 0.293108 0.720869 0.285429 0.531064 0.285429
2 0.582300 0.293108 0.637876 0.293108 0.637876 0.285429 0.582300 0.285429
3 0.570694 0.136932 0.570694 0.293108 0.579194 0.293108 0.579194 0.136932
