0 1.000000 0.433127 1.000000 0.208701 0.420176 0.208701 0.420176 0.432869 1.000000 0.433127 1.000000 0.433127
0 0.526777 0.828887 0.526777 0.997989 0.698099 1.000000 0.701792 0.828456 0.526777 0.828887 0.526777 0.828887
0 0.976462 0.805491 0.225507 0.805491 0.225163 0.460066 0.976462 0.460066
3 0.204572 0.433127 1.000000 0.433127 0.976462 0.460066 0.225163 0.460066
2 0.546928 0.433127 0.641244 0.433127 0.641244 0.460066 0.546928 0.460066
1 0.331889 0.433127 0.419659 0.433127 0.419659 0.460066 0.331889 0.460066
1 0.759145 0.433127 0.931902 0.433127 0.931902 0.460066 0.759145 0.460066
3 1.000000 0.433127 1.000000 0.829040 0.976462 0.805491 0.976462 0.460066
3 1.000000 0.829040 0.204964 0.829040 0.225507 0.805491 0.976462 0.805491
2 0.678933 0.829040 0.586120 0.829040 0.586120 0.805491 0.678933 0.805491
1 0.870550 0.829040 0.808853 0.829040 0.808853 0.805491 0.870550 0.805491
1 0.408225 0.829040 0.323813 0.829040 0.323813 0.805491 0.408225 0.805491
3 0.204572 0.433127 0.204964 0.829040 0.225507 0.805491 0.225163 0.460066
1 0.204744 0.607650 0.204782 0.644175 0.225345 0.644155 0.225306 0.607631
