0 0.537280 0.734302 0.537280 0.873346 0.798716 0.873346 0.798716 0.733929 0.537280 0.734302
0 0.537280 0.651628 0.537280 0.734302 0.245956 0.732914 0.246274 0.651628 0.537280 0.651628
0 0.692559 0.120147 0.595972 0.120147 0.595972 0.009518 0.692662 0.009518 0.692559 0.120147
0 0.741536 0.463592 0.665970 0.463592 0.665970 0.470935 0.563052 0.470935 0.563052 0.462578 0.553602 0.462578 0.553602 0.583345 0.404646 0.583345 0.404629 0.421848 0.452754 0.369010 0.741536 0.369010
0 0.906196 0.712276 0.563052 0.712276 0.563052 0.470935 0.906196 0.470935
0 0.443236 0.366447 0.395196 0.419605 0.125022 0.419605 0.125022 0.142841 0.443236 0.142841
0 0.741536 0.363003 0.452686 0.363003 0.452686 0.142841 0.741536 0.142841
0 0.395196 0.630269 0.125022 0.630269 0.125022 0.426948 0.395196 0.426948
0 0.906196 0.463592 0.750985 0.463592 0.750985 0.262587 0.906196 0.262587
0 0.902751 0.255245 0.755410 0.255245 0.755410 0.148581 0.902751 0.148581
0 0.232528 0.765100 0.125022 0.765100 0.125022 0.646288 0.232528 0.646288
0 0.553602 0.630269 0.404646 0.630269 0.404646 0.590020 0.553602 0.590020
3 0.935405 0.560090 0.935405 0.734302 0.906196 0.712276 0.906196 0.560090
3 0.906196 0.712276 0.563052 0.712276 0.537280 0.734302 0.935405 0.734302
1 0.794584 0.712276 0.616376 0.712276 0.616376 0.734302 0.794584 0.734302
3 0.537280 0.734302 0.537280 0.651628 0.563052 0.630269 0.563052 0.712276
3 0.563052 0.630269 0.232528 0.630269 0.246274 0.651628 0.537280 0.651628
1 0.376863 0.630269 0.247708 0.630269 0.247708 0.651628 0.376863 0.651628
2 0.497135 0.630269 0.419516 0.630269 0.419516 0.651628 0.497135 0.651628
3 0.232528 0.630269 0.232528 0.765100 0.246274 0.775780 0.246274 0.651628
2 0.232528 0.679396 0.232528 0.728202 0.246274 0.728202 0.246274 0.679396
3 0.246274 0.775780 0.106123 0.775780 0.125022 0.765100 0.232528 0.765100
3 0.125022 0.765100 0.125022 0.142841 0.106123 0.120147 0.106123 0.775780
3 0.232528 0.630269 0.125022 0.630269 0.125022 0.646288 0.232528 0.646288
3 0.563052 0.630269 0.563052 0.462578 0.553602 0.462578 0.553602 0.630269
3 0.404646 0.630269 0.404646 0.419605 0.395196 0.426948 0.395196 0.630269
2 0.404646 0.519621 0.404646 0.467524 0.395196 0.467524 0.395196 0.519621
3 0.452686 0.363003 0.452686 0.142841 0.443236 0.142841 0.443236 0.369010
3 0.404646 0.421935 0.458132 0.363003 0.446569 0.363003 0.395196 0.419605
2 0.408632 0.417543 0.449163 0.372888 0.441440 0.368656 0.400909 0.413311
3 0.404646 0.419605 0.125022 0.419605 0.125022 0.426948 0.395196 0.426948
3 0.443236 0.369010 0.741536 0.369010 0.750985 0.363003 0.452686 0.363003
2 0.458064 0.369010 0.524213 0.369010 0.524213 0.363003 0.458064 0.363003
3 0.125022 0.142841 0.750985 0.142841 0.750985 0.120147 0.106123 0.120147
2 0.608833 0.142841 0.678908 0.142841 0.678908 0.120147 0.608833 0.120147
1 0.496946 0.142841 0.601092 0.142841 0.601092 0.120147 0.496946 0.120147
1 0.207744 0.142841 0.363762 0.142841 0.363762 0.120147 0.207744 0.120147
3 0.750985 0.148581 0.902751 0.148581 0.935405 0.120147 0.750985 0.120147
1 0.757884 0.148581 0.807822 0.148581 0.807822 0.120147 0.757884 0.120147
3 0.935405 0.120147 0.935405 0.262587 0.902751 0.262587 0.902751 0.148581
3 0.935405 0.262587 0.935405 0.560090 0.906196 0.560090 0.906196 0.262587
3 0.750985 0.369010 0.750985 0.255245 0.741536 0.255245 0.741536 0.369010
3 0.755410 0.255245 0.755410 0.142841 0.741536 0.142841 0.741536 0.255245
3 0.741536 0.262587 0.906196 0.262587 0.906196 0.255245 0.741536 0.255245
2 0.760538 0.262587 0.812582 0.262587 0.812582 0.255245 0.760538 0.255245
3 0.665970 0.470935 0.906196 0.470935 0.906196 0.463592 0.665970 0.463592
3 0.750985 0.363003 0.750985 0.463592 0.741536 0.463592 0.741536 0.369010
2 0.750985 0.372147 0.750985 0.417870 0.741536 0.417870 0.741536 0.372147
3 0.935405 0.734302 0.935405 0.851559 0.907914 0.851559 0.907914 0.734302
3 0.404646 0.590020 0.553602 0.590020 0.553602 0.583345 0.404646 0.583345
2 0.419516 0.590020 0.498105 0.590020 0.498105 0.583345 0.419516 0.583345
