0 0.494954 0.035462 0.494954 0.373749 0.993082 0.373749 0.993082 0.293013 0.631590 0.289014 0.631590 0.035462 0.494954 0.035462 0.494954 0.035462
0 0.474893 0.209966 0.305605 0.209966 0.305605 0.049003 0.474893 0.049003
0 0.474893 0.527711 0.313906 0.527711 0.313906 0.327383 0.305605 0.327383 0.305605 0.209966 0.474893 0.209966
0 0.305605 0.535271 0.182472 0.535271 0.182472 0.534880 0.232763 0.534880 0.232763 0.526118 0.048568 0.526118 0.048568 0.049003 0.305605 0.049003
0 0.305605 0.587738 0.311831 0.587738 0.311831 0.535271 0.474893 0.535271 0.474893 0.587738 0.602059 0.587738 0.602059 0.675660 0.182472 0.675660 0.182472 0.535271 0.305758 0.535271
0 0.474893 0.535271 0.311831 0.535271 0.311831 0.534880 0.474893 0.534880
0 0.806169 0.675660 0.602059 0.675660 0.602059 0.396849 0.806169 0.396849
0 0.979939 0.976901 0.742112 0.976901 0.742112 0.684421 0.979939 0.684421
0 0.530794 0.976901 0.297470 0.976901 0.297470 0.684421 0.530794 0.684421
0 0.735195 0.976901 0.537711 0.976901 0.537711 0.684421 0.735195 0.684421
0 0.979939 0.532339 0.815854 0.532339 0.815854 0.396849 0.979939 0.396849
0 0.979939 0.675660 0.815854 0.675660 0.815854 0.541898 0.979939 0.541898
0 0.595833 0.580569 0.482502 0.580569 0.482502 0.396849 0.595833 0.396849
0 0.289861 0.778333 0.133779 0.778333 0.133779 0.684421 0.289861 0.684421
0 0.174863 0.675660 0.048568 0.675660 0.048568 0.534880 0.174863 0.534880
0 0.126170 0.778333 0.048568 0.778333 0.048568 0.684421 0.126170 0.684421
3 0.048568 0.049003 0.474893 0.049003 0.494954 0.025903 0.028507 0.025903
1 0.094923 0.049003 0.473184 0.049003 0.473184 0.025903 0.094923 0.025903
3 0.474893 0.049003 0.474893 0.396849 0.494954 0.373749 0.494954 0.025903
1 0.474893 0.288560 0.474893 0.351462 0.494954 0.351462 0.494954 0.288560
3 0.474893 0.396849 0.979939 0.396849 1.000000 0.373749 0.494954 0.373749
2 0.726983 0.396849 0.779011 0.396849 0.779011 0.373749 0.726983 0.373749
1 0.497368 0.396849 0.580676 0.396849 0.580676 0.373749 0.497368 0.373749
1 0.638459 0.396849 0.726472 0.396849 0.726472 0.373749 0.638459 0.373749
1 0.900152 0.396849 0.978839 0.396849 0.978839 0.373749 0.900152 0.373749
3 0.297470 0.778333 0.048568 0.778333 0.028507 0.801432 0.277409 0.801432
2 0.272152 0.778333 0.209354 0.778333 0.209354 0.801432 0.272152 0.801432
1 0.208669 0.778333 0.184790 0.778333 0.184790 0.801432 0.208669 0.801432
3 0.048568 0.778333 0.048568 0.049003 0.028507 0.025903 0.028507 0.801432
3 0.806169 0.373749 0.806169 0.675660 0.815854 0.684421 0.815854 0.373749
2 0.806169 0.452853 0.806169 0.501633 0.815854 0.501633 0.815854 0.452853
3 0.806169 0.684421 1.000000 0.684421 1.000000 0.675660 0.806169 0.675660
3 0.815854 0.684421 0.028507 0.684421 0.028507 0.675660 0.806169 0.675660
2 0.275867 0.684421 0.212329 0.684421 0.212329 0.675660 0.275867 0.675660
2 0.526325 0.684421 0.478760 0.684421 0.478760 0.675660 0.526325 0.675660
2 0.588009 0.684421 0.541191 0.684421 0.541191 0.675660 0.588009 0.675660
2 0.790895 0.684421 0.744824 0.684421 0.744824 0.675660 0.790895 0.675660
1 0.210897 0.684421 0.183835 0.684421 0.183835 0.675660 0.210897 0.675660
3 0.126170 0.675660 0.126170 0.778333 0.133779 0.778333 0.133779 0.675660
2 0.126170 0.685807 0.126170 0.731520 0.133779 0.731520 0.133779 0.685807
3 0.297470 0.778333 0.297470 0.675660 0.289861 0.675660 0.289861 0.778333
3 0.028507 0.534880 0.232763 0.534880 0.232763 0.526118 0.028507 0.526118
3 0.174863 0.526118 0.174863 0.684421 0.182472 0.684421 0.182472 0.526118
2 0.174863 0.614159 0.174863 0.663791 0.182472 0.663791 0.182472 0.614159
3 0.474893 0.396849 0.474893 0.587738 0.482502 0.580569 0.482502 0.396849
3 0.474893 0.587738 0.602059 0.587738 0.595833 0.580569 0.482502 0.580569
2 0.520777 0.587738 0.564323 0.587738 0.564323 0.580569 0.520777 0.580569
3 0.602059 0.587738 0.602059 0.373749 0.595833 0.373749 0.595833 0.580569
3 0.482502 0.534880 0.305605 0.534880 0.313906 0.527711 0.482502 0.527711
3 0.305605 0.527711 0.305605 0.587738 0.311831 0.587738 0.311831 0.527711
3 0.806169 0.541898 1.000000 0.541898 1.000000 0.532339 0.806169 0.532339
2 0.882685 0.541898 0.925788 0.541898 0.925788 0.532339 0.882685 0.532339
3 0.305605 0.534880 0.305605 0.327383 0.313906 0.327383 0.313906 0.527711
