0 0.089793 0.093137 0.288067 0.093137 0.288067 0.100111 0.089568 0.100111 0.089793 0.093137 0.089793 0.093137
0 0.055104 0.679757 0.272218 0.679757 0.272218 1.000000 0.055104 1.000000 0.055104 0.679757 0.055104 0.679757
0 0.552248 0.354214 0.484359 0.354214 0.484359 0.418566 0.485345 0.418566 0.485345 0.496892 0.484359 0.496892 0.484359 0.649447 0.089793 0.649447 0.089793 0.114355 0.552248 0.114355
0 0.973595 0.496892 0.485345 0.496892 0.485345 0.418566 0.500434 0.418566 0.500434 0.364858 0.973595 0.364858
0 0.973595 0.354214 0.566179 0.354214 0.566179 0.114355 0.973595 0.114355
0 0.783604 0.639492 0.500434 0.639492 0.500434 0.507214 0.783604 0.507214
3 1.000000 0.514745 1.000000 0.085291 0.973595 0.114059 0.973595 0.496892
3 0.818829 0.667570 0.818829 0.514745 0.783604 0.496892 0.783604 0.639492
3 0.818829 0.514745 1.000000 0.514745 0.973595 0.496892 0.783604 0.496892
2 0.826244 0.514745 0.924128 0.514745 0.924128 0.496892 0.826244 0.496892
3 0.272218 0.679757 0.272218 1.000000 0.309479 1.000000 0.309479 0.649447
3 0.055104 0.679757 0.272218 0.679757 0.309479 0.649447 0.089793 0.649447
2 0.180003 0.679757 0.266613 0.679757 0.266613 0.649447 0.180003 0.649447
1 0.093404 0.679757 0.169244 0.679757 0.169244 0.649447 0.093404 0.649447
3 0.484359 0.649447 0.484359 0.496892 0.500434 0.507214 0.500434 0.667570
3 0.484359 0.496892 0.783604 0.496892 0.783604 0.507214 0.500434 0.507214
2 0.628945 0.496892 0.724471 0.496892 0.724471 0.507214 0.628945 0.507214
3 0.272218 0.667570 0.484359 0.667570 0.484359 0.649447 0.272218 0.649447
3 0.484359 0.667570 0.818829 0.667570 0.783604 0.639492 0.484359 0.639492
3 0.484359 0.418566 0.484359 0.354214 0.500434 0.364858 0.500434 0.418566
3 0.484359 0.354214 1.000000 0.354214 1.000000 0.364858 0.500434 0.364858
2 0.817286 0.354214 0.904453 0.354214 0.904453 0.364858 0.817286 0.364858
3 0.552248 0.085291 0.552248 0.364858 0.566179 0.364858 0.566179 0.085291
3 0.288067 0.085291 1.000000 0.085291 0.973595 0.114059 0.288067 0.114059
3 0.055104 0.085291 0.055104 0.679757 0.089793 0.649447 0.089793 0.085291
3 0.288067 0.114059 0.055104 0.114059 0.055104 0.100111 0.288067 0.100111
2 0.281562 0.114059 0.095472 0.114059 0.095472 0.100111 0.281562 0.100111
