0 0.257952 0.807849 0.116485 0.807849 0.116485 0.565325 0.257952 0.565325 0.257904 0.557286 0.257952 0.557286
0 0.329809 0.807849 0.261720 0.807849 0.261720 0.663521 0.329809 0.663521
0 0.227004 0.394940 0.257952 0.394940 0.257904 0.556995 0.227004 0.556995
0 0.442225 0.573205 0.474506 0.573205 0.474540 0.807849 0.333234 0.807849 0.333234 0.654357 0.329569 0.654357 0.329569 0.314863 0.442225 0.314863
0 0.474735 0.317045 0.520720 0.317045 0.520720 0.573205 0.442225 0.573205 0.442225 0.314863 0.474735 0.314863
0 0.474735 0.314863 0.329569 0.314863 0.329569 0.308665 0.333337 0.308665 0.333337 0.073647 0.474735 0.073647
0 0.329569 0.654357 0.261720 0.654357 0.261720 0.073647 0.329569 0.073647
0 0.528470 0.686670 0.486178 0.686670 0.486185 0.601528 0.528470 0.601528
0 0.358942 0.836171 0.358942 0.939382 0.326367 0.939382 0.326367 0.948545 0.265638 0.948553 0.265638 0.939390 0.233131 0.939382 0.233131 0.836171 0.358942 0.836171
0 0.105528 0.241816 0.055030 0.241816 0.055026 0.336371 0.051259 0.336371 0.051262 0.540826 0.055030 0.540826 0.055030 0.636723 0.105525 0.636714 0.105528 0.241816
0 0.182776 0.291796 0.258295 0.291796 0.258295 0.385777 0.223236 0.385777 0.223236 0.436874 0.116485 0.436874 0.116485 0.239891 0.182776 0.239891
0 0.258295 0.282633 0.186544 0.282633 0.186544 0.079911 0.258295 0.079911
0 0.182776 0.230728 0.116485 0.230728 0.116485 0.073647 0.182776 0.073647
0 0.223315 0.556995 0.168710 0.556995 0.168710 0.446037 0.223315 0.446037
0 0.165285 0.556995 0.116485 0.556995 0.116485 0.446037 0.165285 0.446037
3 0.116485 0.807849 0.474540 0.807849 0.486185 0.836171 0.105525 0.836171
1 0.144878 0.807849 0.189037 0.807849 0.189037 0.836171 0.144878 0.836171
1 0.263096 0.807849 0.275331 0.807849 0.275331 0.836171 0.263096 0.836171
2 0.280287 0.807849 0.312557 0.807849 0.312557 0.836171 0.280287 0.836171
1 0.317832 0.807849 0.329747 0.807849 0.329747 0.836171 0.317832 0.836171
1 0.367923 0.807849 0.401245 0.807849 0.401245 0.836171 0.367923 0.836171
1 0.404622 0.807849 0.437101 0.807849 0.437101 0.836171 0.404622 0.836171
1 0.440900 0.807849 0.473906 0.807849 0.473906 0.836171 0.440900 0.836171
3 0.474540 0.807849 0.474540 0.573205 0.486185 0.601528 0.486185 0.836171
3 0.474540 0.573205 0.520720 0.573205 0.532022 0.601528 0.486185 0.601528
2 0.489090 0.573205 0.517391 0.573205 0.517391 0.601528 0.489090 0.601528
3 0.520720 0.573205 0.520720 0.317045 0.532022 0.289556 0.532022 0.601528
1 0.520720 0.569598 0.520720 0.491578 0.532022 0.491578 0.532022 0.569598
1 0.520720 0.484456 0.520720 0.407910 0.532022 0.407910 0.532022 0.484456
1 0.520720 0.399014 0.520720 0.320394 0.532022 0.320394 0.532022 0.399014
3 0.520720 0.317045 0.474735 0.317045 0.485695 0.289556 0.532022 0.289556
1 0.520072 0.317045 0.486651 0.317045 0.486651 0.289556 0.520072 0.289556
3 0.474735 0.317045 0.474735 0.073647 0.485695 0.047823 0.485695 0.289556
3 0.116485 0.073647 0.116485 0.807849 0.105525 0.836171 0.105525 0.047823
1 0.116485 0.380113 0.116485 0.433459 0.105525 0.433459 0.105525 0.380113
2 0.116485 0.297936 0.116485 0.367193 0.105525 0.367193 0.105525 0.297936
2 0.116485 0.458283 0.116485 0.526748 0.105525 0.526748 0.105525 0.458283
3 0.257952 0.807849 0.257952 0.385777 0.261720 0.385777 0.261720 0.807849
2 0.257952 0.507822 0.257952 0.437507 0.261720 0.437507 0.261720 0.507822
2 0.257952 0.644486 0.257952 0.575438 0.261720 0.575438 0.261720 0.644486
3 0.257952 0.385777 0.223236 0.385777 0.227004 0.394940 0.257952 0.394940
3 0.223236 0.385777 0.223236 0.446037 0.227004 0.446037 0.227004 0.394940
3 0.227004 0.446037 0.116485 0.446037 0.116485 0.436874 0.227004 0.436874
3 0.168710 0.446037 0.168710 0.556995 0.165285 0.565325 0.165285 0.446037
3 0.168710 0.556995 0.116485 0.556995 0.116485 0.565325 0.168710 0.565325
3 0.165285 0.565325 0.227004 0.565325 0.223315 0.556995 0.168710 0.556995
2 0.193349 0.565325 0.218355 0.565325 0.218355 0.556995 0.193349 0.556995
3 0.227004 0.565325 0.227004 0.446037 0.223315 0.446037 0.223315 0.556995
3 0.227004 0.565325 0.257952 0.565325 0.257952 0.556995 0.227004 0.556995
3 0.261720 0.385777 0.261720 0.047823 0.258295 0.047823 0.258295 0.385777
2 0.261720 0.381779 0.261720 0.311722 0.258295 0.311722 0.258295 0.381779
3 0.116485 0.073647 0.182776 0.073647 0.186544 0.047823 0.105525 0.047823
1 0.155770 0.073647 0.177796 0.073647 0.177796 0.047823 0.155770 0.047823
3 0.182776 0.079911 0.261720 0.079911 0.261720 0.047823 0.182776 0.047823
1 0.229226 0.079911 0.252085 0.079911 0.252085 0.047823 0.229226 0.047823
3 0.261720 0.047823 0.485695 0.047823 0.474735 0.073647 0.261720 0.073647
1 0.396816 0.047823 0.441283 0.047823 0.441283 0.073647 0.396816 0.073647
1 0.302892 0.047823 0.322010 0.047823 0.322010 0.073647 0.302892 0.073647
3 0.182776 0.073647 0.182776 0.291796 0.186544 0.282633 0.186544 0.047823
2 0.182776 0.170793 0.182776 0.222848 0.186544 0.222848 0.186544 0.170793
3 0.186544 0.282633 0.258295 0.282633 0.258295 0.291796 0.182776 0.291796
2 0.225384 0.282633 0.254058 0.282633 0.254058 0.291796 0.225384 0.291796
3 0.182776 0.239891 0.116485 0.239891 0.116485 0.230728 0.182776 0.230728
3 0.333337 0.073647 0.333337 0.308665 0.329569 0.308665 0.329569 0.073647
3 0.261720 0.654357 0.333234 0.654357 0.329809 0.663521 0.261720 0.663521
2 0.280136 0.654357 0.312376 0.654357 0.312376 0.663521 0.280136 0.663521
1 0.317547 0.654357 0.327692 0.654357 0.327692 0.663521 0.317547 0.663521
3 0.333234 0.654357 0.333234 0.807849 0.329809 0.807849 0.329809 0.663521
3 0.336430 0.414183 0.336430 0.515511 0.329237 0.515511 0.329237 0.414183
3 0.365912 0.515511 0.365912 0.549681 0.329237 0.549681 0.329237 0.515511
0 0.989040 0.308540 0.905168 0.308540 0.905117 0.331640 0.903161 0.351282 0.901445 0.360812 0.899486 0.370341 0.897897 0.379271 0.895324 0.387601 0.892632 0.395940 0.890184 0.402787 0.887491 0.409635 0.884433 0.417073 0.880453 0.424037 0.876302 0.429969 0.871836 0.435150 0.866955 0.440706 0.862232 0.444996 0.857612 0.447012 0.852786 0.448403 0.845501 0.448403 0.845501 0.589349 0.775730 0.589349 0.775730 0.073872 0.843179 0.073872 0.843179 0.249754 0.846604 0.249754 0.846604 0.073872 0.989040 0.073872
0 0.989040 0.813030 0.848583 0.813030 0.848583 0.589349 0.845501 0.589349 0.845501 0.448403 0.852786 0.448403 0.857612 0.447012 0.862232 0.444996 0.866955 0.440706 0.871836 0.435150 0.876302 0.429969 0.880453 0.424037 0.884433 0.417073 0.887491 0.409635 0.890184 0.402787 0.892632 0.395940 0.895324 0.387601 0.897897 0.379271 0.899486 0.370341 0.901445 0.360812 0.903161 0.351282 0.905117 0.331640 0.905168 0.308540 0.989040 0.308540
0 0.620100 0.246222 0.570150 0.246222 0.570153 0.642379 0.620104 0.642387 0.620100 0.246222
0 0.772305 0.439956 0.631064 0.439956 0.631064 0.073872 0.772305 0.073872
0 0.772647 0.813030 0.631064 0.813030 0.631064 0.449120 0.772647 0.449120
0 0.845501 0.813030 0.775730 0.813030 0.775730 0.596846 0.845501 0.596846
3 0.631064 0.813030 0.989040 0.813030 1.000000 0.839686 0.620104 0.839686
1 0.889951 0.813030 0.908463 0.813030 0.908463 0.839686 0.889951 0.839686
1 0.925992 0.813030 0.944830 0.813030 0.944830 0.839686 0.925992 0.839686
1 0.962852 0.813030 0.982101 0.813030 0.982101 0.839686 0.962852 0.839686
1 0.660300 0.813030 0.678281 0.813030 0.678281 0.839686 0.660300 0.839686
1 0.685545 0.813030 0.703890 0.813030 0.703890 0.839686 0.685545 0.839686
3 0.989040 0.813030 0.989040 0.073872 1.000000 0.047215 1.000000 0.839686
1 0.989040 0.496226 0.989040 0.389984 1.000000 0.389984 1.000000 0.496226
3 0.989040 0.073872 0.631064 0.073872 0.620104 0.047215 1.000000 0.047215
1 0.834986 0.073872 0.815703 0.073872 0.815703 0.047215 0.834986 0.047215
1 0.928653 0.073872 0.909922 0.073872 0.909922 0.047215 0.928653 0.047215
1 0.954947 0.073872 0.935887 0.073872 0.935887 0.047215 0.954947 0.047215
3 0.631064 0.073872 0.631064 0.813030 0.620104 0.839686 0.620104 0.047215
1 0.631064 0.540859 0.631064 0.617846 0.620104 0.617846 0.620104 0.540859
2 0.631064 0.458874 0.631064 0.526540 0.620104 0.526540 0.620104 0.458874
1 0.631064 0.358896 0.631064 0.436108 0.620104 0.436108 0.620104 0.358896
1 0.631064 0.270405 0.631064 0.348050 0.620104 0.348050 0.620104 0.270405
3 0.631064 0.449120 0.772647 0.449120 0.775730 0.439956 0.631064 0.439956
3 0.775730 0.449120 0.775730 0.073872 0.772305 0.073872 0.772305 0.449120
2 0.775730 0.379488 0.775730 0.310431 0.772305 0.310431 0.772305 0.379488
3 0.846604 0.073872 0.846604 0.249754 0.843179 0.249754 0.843179 0.073872
3 0.845501 0.596846 0.845501 0.813030 0.848583 0.813030 0.848583 0.589349
3 0.848583 0.589349 0.772647 0.589349 0.772647 0.596846 0.845501 0.596846
2 0.840973 0.589349 0.812679 0.589349 0.812679 0.596846 0.840973 0.596846
3 0.775730 0.439956 0.775730 0.813030 0.772647 0.813030 0.772647 0.449120
2 0.775730 0.509105 0.775730 0.579228 0.772647 0.579228 0.772647 0.509105
3 0.850703 0.517143 0.879001 0.517143 0.879001 0.550905 0.850703 0.550905
