0 0.806313 0.288252 0.957024 0.288252 0.957024 0.888587 0.806313 0.888587 0.806313 0.288252 0.806313 0.288252
0 0.388890 0.592083 0.432017 0.592083 0.432017 0.888587 0.302523 0.888587 0.302523 0.284658 0.388890 0.284658
0 0.790809 0.888587 0.437654 0.888587 0.437654 0.582837 0.388890 0.582837 0.388890 0.423750 0.790809 0.423750
0 0.790809 0.411037 0.495530 0.411037 0.495530 0.082993 0.790809 0.082993
0 0.296181 0.600301 0.053141 0.600301 0.053141 0.284658 0.296181 0.284658
0 0.296181 0.888587 0.053141 0.888587 0.053141 0.610702 0.296181 0.610702
0 0.388890 0.271945 0.176511 0.271945 0.176511 0.082993 0.388890 0.082993
0 0.165236 0.266466 0.062006 0.266466 0.062006 0.092135 0.165236 0.092135
0 0.489893 0.411037 0.396641 0.411037 0.396641 0.284658 0.396740 0.284311 0.396641 0.251315 0.489893 0.251315
0 0.489893 0.242069 0.396641 0.242069 0.396641 0.082993 0.489893 0.082993
3 0.790809 0.082993 0.790809 0.888587 0.806313 0.910546 0.806313 0.061034
1 0.790809 0.111008 0.790809 0.251604 0.806313 0.251604 0.806313 0.111008
1 0.790809 0.306524 0.790809 0.408310 0.806313 0.408310 0.806313 0.306524
2 0.790809 0.484923 0.790809 0.582132 0.806313 0.582132 0.806313 0.484923
1 0.790809 0.591621 0.790809 0.835643 0.806313 0.835643 0.806313 0.591621
3 0.806313 0.910546 0.034819 0.910546 0.053141 0.888587 0.790809 0.888587
2 0.359744 0.910546 0.305201 0.910546 0.305201 0.888587 0.359744 0.888587
3 0.396641 0.284658 0.396641 0.061034 0.388890 0.061034 0.388890 0.271945
3 0.396641 0.271945 0.396641 0.411037 0.388890 0.423750 0.388890 0.271945
2 0.396641 0.335025 0.396641 0.405871 0.388890 0.405871 0.388890 0.335025
3 0.388890 0.423750 0.806313 0.423750 0.806313 0.411037 0.396641 0.411037
2 0.620683 0.423750 0.732045 0.423750 0.732045 0.411037 0.620683 0.411037
3 0.495530 0.423750 0.495530 0.061034 0.489893 0.061034 0.489893 0.423750
2 0.495530 0.196429 0.495530 0.123710 0.489893 0.123710 0.489893 0.196429
3 0.388890 0.251315 0.495530 0.251315 0.495530 0.242069 0.388890 0.242069
3 0.302523 0.910546 0.302523 0.271945 0.296181 0.271945 0.296181 0.910546
2 0.302523 0.713274 0.302523 0.617509 0.296181 0.617509 0.296181 0.713274
2 0.302523 0.448287 0.302523 0.361271 0.296181 0.361271 0.296181 0.448287
3 0.034819 0.610702 0.302523 0.610702 0.302523 0.600301 0.034819 0.600301
3 0.176511 0.061034 0.176511 0.284658 0.165236 0.266466 0.165236 0.061034
2 0.176511 0.195747 0.176511 0.263461 0.165236 0.263461 0.165236 0.195747
3 0.062006 0.092135 0.176511 0.092135 0.176511 0.061034 0.034819 0.061034
3 0.176511 0.082993 0.790809 0.082993 0.806313 0.061034 0.176511 0.061034
3 0.053141 0.888587 0.053141 0.284658 0.034819 0.266466 0.034819 0.910546
1 0.053141 0.759653 0.053141 0.618700 0.034819 0.618700 0.034819 0.759653
1 0.053141 0.512118 0.053141 0.363259 0.034819 0.363259 0.034819 0.512118
3 0.062006 0.284658 0.062006 0.092135 0.034819 0.061034 0.034819 0.284658
1 0.062006 0.264097 0.062006 0.214412 0.034819 0.214412 0.034819 0.264097
3 0.437654 0.910546 0.437654 0.582837 0.432017 0.592083 0.432017 0.910546
3 0.437654 0.582837 0.388890 0.582837 0.388890 0.592083 0.432017 0.592083
3 0.053141 0.284658 0.176511 0.284658 0.165236 0.266466 0.034819 0.266466
3 0.165236 0.284658 0.396641 0.284658 0.388890 0.271945 0.176511 0.271945
2 0.306730 0.284658 0.357447 0.284658 0.357447 0.271945 0.306730 0.271945
3 0.806313 0.288252 0.847537 0.288252 0.847537 0.265600 0.806313 0.265600
3 0.913757 0.288252 0.965481 0.288252 0.965481 0.265137 0.913757 0.265137
3 0.965481 0.888587 0.806313 0.888587 0.806313 0.910546 0.965481 0.910546
