0 0.584891 0.528139 0.584891 0.497314 0.542605 0.497314 0.542605 0.528139 0.584891 0.528139 0.584891 0.528139
0 0.464062 0.694455 0.328334 0.694455 0.328334 0.537935 0.464062 0.537935
0 0.613048 0.694455 0.469161 0.694455 0.469161 0.537935 0.613048 0.537935
0 0.427036 0.827350 0.616186 0.827350 0.616186 0.989141 0.325196 0.989141 0.325196 0.699171 0.427036 0.699171
0 0.533226 0.822633 0.432135 0.822633 0.432135 0.699171 0.533226 0.699171
0 0.616186 0.758660 0.538326 0.758660 0.538326 0.699171 0.616186 0.699171
0 0.616186 0.822633 0.538326 0.822633 0.538326 0.763377 0.616186 0.763377
3 0.317743 0.528139 0.317743 0.699171 0.328334 0.694455 0.328334 0.537935
3 0.317743 0.528139 0.623639 0.528139 0.613048 0.537935 0.328334 0.537935
2 0.547509 0.528139 0.574092 0.528139 0.574092 0.537935 0.547509 0.537935
1 0.382941 0.528139 0.414166 0.528139 0.414166 0.537935 0.382941 0.537935
3 0.623639 0.528139 0.623639 0.699171 0.613048 0.694455 0.613048 0.537935
1 0.623639 0.636849 0.623639 0.665342 0.613048 0.665342 0.613048 0.636849
3 0.623639 0.699171 0.623639 0.996035 0.616186 0.989141 0.616186 0.699171
3 0.623639 0.996035 0.317743 0.996035 0.325196 0.989141 0.616186 0.989141
3 0.317743 0.996035 0.317743 0.699171 0.325196 0.699171 0.325196 0.989141
3 0.317743 0.699171 0.623639 0.699171 0.613048 0.694455 0.328334 0.694455
2 0.485060 0.699171 0.511644 0.699171 0.511644 0.694455 0.485060 0.694455
2 0.331861 0.699171 0.355004 0.699171 0.355004 0.694455 0.331861 0.694455
2 0.542044 0.699171 0.566482 0.699171 0.566482 0.694455 0.542044 0.694455
3 0.469161 0.694455 0.469161 0.537935 0.464062 0.537935 0.464062 0.694455
2 0.469161 0.627481 0.469161 0.601720 0.464062 0.601720 0.464062 0.627481
3 0.432135 0.699171 0.432135 0.822633 0.427036 0.827350 0.427036 0.699171
3 0.432135 0.822633 0.616186 0.822633 0.616186 0.827350 0.427036 0.827350
2 0.542044 0.822633 0.568134 0.822633 0.568134 0.827350 0.542044 0.827350
3 0.538326 0.699171 0.538326 0.822633 0.533226 0.822633 0.533226 0.699171
3 0.538326 0.758660 0.616186 0.758660 0.616186 0.763377 0.538326 0.763377
0 0.096580 0.250553 0.065457 0.250553 0.065457 0.200494 0.096580 0.200494 0.096580 0.250553 0.096580 0.250553
0 0.177751 0.339383 0.177751 0.373282 0.310878 0.373282 0.310878 0.339383 0.177751 0.339383 0.177751 0.339383
0 0.241145 0.194485 0.297761 0.194485 0.316370 0.179598 0.316370 0.276139 0.108740 0.276139 0.108740 0.107639 0.241145 0.107639
0 0.463709 0.186986 0.356538 0.186986 0.356538 0.192065 0.361041 0.192065 0.361041 0.230913 0.442723 0.230913 0.442723 0.305183 0.316370 0.305183 0.316370 0.179598 0.318586 0.177723 0.318586 0.154306 0.463709 0.154306
0 0.442723 0.323684 0.476960 0.323684 0.476960 0.487223 0.316370 0.487223 0.316370 0.309537 0.442723 0.309537
0 0.617100 0.487223 0.482451 0.487223 0.482451 0.355587 0.512350 0.355587 0.512350 0.372487 0.517841 0.372487 0.517841 0.350507 0.482451 0.350507 0.482451 0.322958 0.617100 0.322958
0 0.613280 0.186289 0.617100 0.186289 0.617100 0.186986 0.468416 0.186986 0.468416 0.031373 0.613280 0.031373
0 0.617100 0.318604 0.448214 0.318604 0.448214 0.192065 0.617100 0.192065
0 0.463709 0.149952 0.318586 0.149952 0.318586 0.031373 0.463709 0.031373
0 0.247535 0.328135 0.108740 0.328135 0.108740 0.280493 0.247535 0.280493
0 0.313879 0.104011 0.286801 0.104011 0.286801 0.068926 0.280525 0.068926 0.280525 0.104011 0.245852 0.104011 0.245852 0.101471 0.192426 0.101471 0.192426 0.031373 0.313879 0.031373
0 0.313879 0.175738 0.296000 0.190131 0.245852 0.190131 0.245852 0.107639 0.313879 0.107639
0 0.188111 0.101471 0.108740 0.101471 0.108740 0.031373 0.188111 0.031373
0 0.442723 0.228010 0.364179 0.228010 0.364179 0.192065 0.442723 0.192065
0 0.310878 0.328135 0.252242 0.328135 0.252242 0.280493 0.310878 0.280493
3 0.108740 0.031373 0.108740 0.328135 0.096580 0.339383 0.096580 0.019879
1 0.108740 0.148239 0.108740 0.202964 0.096580 0.202964 0.096580 0.148239
2 0.108740 0.211665 0.108740 0.239254 0.096580 0.239254 0.096580 0.211665
3 0.108740 0.328135 0.316370 0.328135 0.310878 0.339383 0.096580 0.339383
2 0.187840 0.328135 0.222493 0.328135 0.222493 0.339383 0.187840 0.339383
1 0.132146 0.328135 0.151948 0.328135 0.151948 0.339383 0.132146 0.339383
1 0.275712 0.328135 0.294482 0.328135 0.294482 0.339383 0.275712 0.339383
3 0.316370 0.328135 0.316370 0.487223 0.310878 0.492303 0.310878 0.339383
1 0.316370 0.365797 0.316370 0.441351 0.310878 0.441351 0.310878 0.365797
3 0.316370 0.487223 0.617100 0.487223 0.622592 0.492303 0.310878 0.492303
1 0.404426 0.487223 0.443617 0.487223 0.443617 0.492303 0.404426 0.492303
3 0.617100 0.487223 0.617100 0.186289 0.622592 0.186289 0.622592 0.492303
1 0.617100 0.446884 0.617100 0.397849 0.622592 0.397849 0.622592 0.446884
1 0.617100 0.282797 0.617100 0.232818 0.622592 0.232818 0.622592 0.282797
3 0.622592 0.186289 0.622592 0.019879 0.613280 0.031373 0.613280 0.186289
1 0.622592 0.108223 0.622592 0.065664 0.613280 0.065664 0.613280 0.108223
3 0.613280 0.031373 0.108740 0.031373 0.096580 0.019879 0.622592 0.019879
1 0.575834 0.031373 0.517441 0.031373 0.517441 0.019879 0.575834 0.019879
1 0.420669 0.031373 0.361865 0.031373 0.361865 0.019879 0.420669 0.019879
1 0.256404 0.031373 0.217539 0.031373 0.217539 0.019879 0.256404 0.019879
1 0.173707 0.031373 0.151469 0.031373 0.151469 0.019879 0.173707 0.019879
3 0.316370 0.328135 0.316370 0.276139 0.310878 0.280493 0.310878 0.328135
3 0.482451 0.487223 0.482451 0.322958 0.476960 0.318604 0.476960 0.487223
2 0.482451 0.441732 0.482451 0.388502 0.476960 0.388502 0.476960 0.441732
3 0.482451 0.318604 0.448214 0.318604 0.442723 0.323684 0.482451 0.323684
3 0.448214 0.318604 0.448214 0.192065 0.442723 0.192065 0.442723 0.323684
2 0.448214 0.287666 0.448214 0.258868 0.442723 0.258868 0.442723 0.287666
3 0.356538 0.192065 0.617100 0.192065 0.617100 0.186986 0.356538 0.186986
2 0.478995 0.192065 0.515213 0.192065 0.515213 0.186986 0.478995 0.186986
3 0.482451 0.355587 0.512350 0.355587 0.517841 0.350507 0.482451 0.350507
3 0.512350 0.355587 0.512350 0.372487 0.517841 0.372487 0.517841 0.350507
3 0.476960 0.318604 0.617100 0.318604 0.617100 0.322958 0.482451 0.322958
2 0.565317 0.318604 0.592752 0.318604 0.592752 0.322958 0.565317 0.322958
3 0.442723 0.309537 0.316370 0.309537 0.316370 0.305183 0.442723 0.305183
2 0.396871 0.309537 0.366164 0.309537 0.366164 0.305183 0.396871 0.305183
3 0.316370 0.276139 0.108740 0.276139 0.108740 0.280493 0.310878 0.280493
2 0.308603 0.276139 0.277014 0.276139 0.277014 0.280493 0.308603 0.280493
2 0.222356 0.276139 0.187393 0.276139 0.187393 0.280493 0.222356 0.280493
3 0.252242 0.280493 0.252242 0.328135 0.247535 0.328135 0.247535 0.280493
3 0.468416 0.031373 0.468416 0.186986 0.463709 0.186986 0.463709 0.031373
2 0.468416 0.120248 0.468416 0.149636 0.463709 0.149636 0.463709 0.120248
3 0.313879 0.031373 0.313879 0.154306 0.318586 0.154306 0.318586 0.031373
3 0.313879 0.154306 0.463709 0.154306 0.463709 0.149952 0.318586 0.149952
2 0.319979 0.154306 0.350721 0.154306 0.350721 0.149952 0.319979 0.149952
3 0.241145 0.107639 0.241145 0.194485 0.245852 0.190131 0.245852 0.101471
3 0.241145 0.194485 0.297761 0.194485 0.296000 0.190131 0.245852 0.190131
2 0.247676 0.194485 0.278767 0.194485 0.278767 0.190131 0.247676 0.190131
3 0.313879 0.154306 0.313879 0.175738 0.318586 0.177723 0.318586 0.154306
3 0.313879 0.175738 0.296000 0.190131 0.297761 0.194485 0.318586 0.177723
3 0.241145 0.107639 0.108740 0.107639 0.108740 0.101471 0.245852 0.101471
3 0.245852 0.107639 0.313879 0.107639 0.313879 0.104011 0.245852 0.104011
2 0.247555 0.107639 0.278505 0.107639 0.278505 0.104011 0.247555 0.104011
3 0.286801 0.104011 0.286801 0.068926 0.280525 0.068926 0.280525 0.104011
1 0.286801 0.103507 0.286801 0.069216 0.280525 0.069216 0.280525 0.103507
3 0.192426 0.101471 0.192426 0.031373 0.188111 0.031373 0.188111 0.101471
2 0.192426 0.053575 0.192426 0.032803 0.188111 0.032803 0.188111 0.053575
3 0.364179 0.192065 0.364179 0.228010 0.361041 0.230913 0.361041 0.192065
3 0.364179 0.228010 0.442723 0.228010 0.442723 0.230913 0.361041 0.230913
2 0.401335 0.228010 0.421156 0.228010 0.421156 0.230913 0.401335 0.230913
3 0.167140 0.107639 0.213847 0.107639 0.213847 0.110542 0.167140 0.110542
0 0.994115 0.151828 0.831379 0.151828 0.831379 0.025510 0.994115 0.025510
0 0.825495 0.151828 0.663682 0.151828 0.663682 0.025510 0.825495 0.025510
3 0.657798 0.020068 0.657798 0.157270 0.663682 0.151828 0.663682 0.025510
3 0.657798 0.157270 0.999999 0.157270 0.994115 0.151828 0.663682 0.151828
3 0.999999 0.157270 0.999999 0.020068 0.994115 0.025510 0.994115 0.151828
1 0.999999 0.122399 0.999999 0.081712 0.994115 0.081712 0.994115 0.122399
3 0.999999 0.020068 0.657798 0.020068 0.663682 0.025510 0.994115 0.025510
3 0.831379 0.025510 0.831379 0.151828 0.825495 0.151828 0.825495 0.025510
2 0.831379 0.081338 0.831379 0.125037 0.825495 0.125037 0.825495 0.081338
