0 0.442523 0.520932 0.231841 0.520932 0.231841 0.492914 0.235514 0.492914 0.235514 0.199681 0.442523 0.199681
0 0.578146 0.514774 0.509459 0.514774 0.509459 0.520932 0.442523 0.520932 0.442523 0.199681 0.578146 0.199681
0 0.231841 0.520932 0.383220 0.520932 0.383220 0.603347 0.346701 0.603347 0.346701 0.612743 0.379387 0.612743 0.379387 0.792068 0.264444 0.792068 0.264351 0.600511 0.264444 0.600357 0.091135 0.600357 0.091135 0.492914 0.231841 0.492914
0 0.509459 0.526997 0.561954 0.526997 0.561954 0.691595 0.698850 0.691595 0.698850 0.901937 0.385445 0.901937 0.385445 0.612743 0.444396 0.612743 0.444396 0.603347 0.383220 0.603347 0.383220 0.520932 0.509459 0.520932
0 0.694928 0.019784 0.440045 0.019784 0.438337 0.175353 0.694928 0.174908 0.694928 0.019784 0.694928 0.019784
0 0.990087 0.732299 0.804816 0.732299 0.804816 0.250634 0.990087 0.250634
0 0.256734 0.901937 0.025290 0.901937 0.025290 0.612316 0.256734 0.612316
0 0.926450 0.241238 0.798758 0.241238 0.798758 0.332510 0.714116 0.332510 0.714116 0.199681 0.714050 0.199681 0.714050 0.044556 0.926450 0.044556
0 0.228906 0.482664 0.025290 0.482664 0.025290 0.199681 0.228906 0.199681
0 0.798758 0.732299 0.714116 0.732299 0.714116 0.344469 0.798758 0.344469
0 0.698850 0.503472 0.587508 0.503472 0.587508 0.199681 0.698850 0.199681
0 0.698850 0.677074 0.587508 0.677074 0.587508 0.513962 0.698850 0.513962
0 0.990087 0.241238 0.934160 0.241238 0.934160 0.044556 0.990087 0.044556
0 0.379387 0.901937 0.264444 0.901937 0.264444 0.801464 0.379387 0.801464
0 0.085077 0.600357 0.025290 0.600357 0.025290 0.492914 0.085077 0.492914
3 0.009318 0.926709 0.714821 0.926709 0.698850 0.901937 0.025290 0.901937
1 0.050265 0.926709 0.066644 0.926709 0.066644 0.901937 0.050265 0.901937
1 0.066644 0.926709 0.131614 0.926709 0.131614 0.901937 0.066644 0.901937
1 0.146918 0.926709 0.219675 0.926709 0.219675 0.901937 0.146918 0.901937
2 0.277937 0.926709 0.325190 0.926709 0.325190 0.901937 0.277937 0.901937
1 0.455939 0.926709 0.474196 0.926709 0.474196 0.901937 0.455939 0.901937
1 0.474196 0.926709 0.536213 0.926709 0.536213 0.901937 0.474196 0.901937
3 0.009318 0.174908 0.009318 0.926709 0.025290 0.901937 0.025290 0.199681
3 0.714050 0.199681 0.714050 0.044556 0.694928 0.019784 0.694928 0.174908
2 0.714050 0.128755 0.714050 0.062024 0.694928 0.062024 0.694928 0.128755
3 0.714050 0.044556 0.990087 0.044556 1.000000 0.019784 0.694928 0.019784
1 0.794589 0.044556 0.844463 0.044556 0.844463 0.019784 0.794589 0.019784
3 0.714821 0.926709 0.714821 0.749383 0.698850 0.732299 0.698850 0.901937
1 0.714821 0.831404 0.714821 0.786430 0.698850 0.786430 0.698850 0.831404
3 0.009318 0.612316 0.256734 0.612316 0.264444 0.600357 0.009318 0.600357
2 0.155460 0.612316 0.204712 0.612316 0.204712 0.600357 0.155460 0.600357
3 0.256734 0.612316 0.256734 0.926709 0.264444 0.926709 0.264444 0.600357
2 0.256734 0.715419 0.256734 0.777589 0.264444 0.777589 0.264444 0.715419
3 0.009318 0.492914 0.235514 0.492914 0.228906 0.482664 0.009318 0.482664
2 0.147023 0.492914 0.187601 0.492914 0.187601 0.482664 0.147023 0.482664
3 0.235514 0.492914 0.235514 0.174908 0.228906 0.174908 0.228906 0.482664
3 0.694928 0.174908 0.578146 0.174908 0.578146 0.199681 0.714050 0.199681
1 0.671919 0.174908 0.653205 0.174908 0.653205 0.199681 0.671919 0.199681
1 0.653205 0.174908 0.605479 0.174908 0.605479 0.199681 0.653205 0.199681
3 0.578146 0.174908 0.009318 0.174908 0.025290 0.199681 0.578146 0.199681
1 0.572159 0.174908 0.506281 0.174908 0.506281 0.199681 0.572159 0.199681
2 0.501413 0.174908 0.459491 0.174908 0.459491 0.199681 0.501413 0.199681
1 0.409529 0.174908 0.344190 0.174908 0.344190 0.199681 0.409529 0.199681
1 0.344190 0.174908 0.282431 0.174908 0.282431 0.199681 0.344190 0.199681
1 0.282431 0.174908 0.262522 0.174908 0.262522 0.199681 0.282431 0.199681
1 0.151076 0.174908 0.135254 0.174908 0.135254 0.199681 0.151076 0.199681
1 0.134912 0.174908 0.071958 0.174908 0.071958 0.199681 0.134912 0.199681
3 0.714116 0.749383 0.714116 0.677074 0.698850 0.677074 0.698850 0.749383
3 0.714116 0.677074 0.714116 0.199681 0.698850 0.199681 0.698850 0.677074
3 0.561954 0.691595 0.698850 0.691595 0.714116 0.677074 0.587508 0.677074
3 0.578146 0.174908 0.578146 0.526997 0.587508 0.526997 0.587508 0.174908
2 0.578146 0.337192 0.578146 0.394185 0.587508 0.394185 0.587508 0.337192
3 0.561954 0.526997 0.561954 0.691595 0.587508 0.677074 0.587508 0.526997
3 0.509459 0.526997 0.587508 0.526997 0.587508 0.514774 0.509459 0.514774
3 0.578146 0.513962 0.714116 0.513962 0.714116 0.503472 0.578146 0.503472
2 0.619434 0.513962 0.656944 0.513962 0.656944 0.503472 0.619434 0.503472
3 0.990087 0.732299 0.804816 0.732299 0.804816 0.749383 1.000000 0.749383
2 0.962501 0.732299 0.825380 0.732299 0.825380 0.749383 0.962501 0.749383
3 0.804816 0.732299 0.698850 0.732299 0.714821 0.749383 0.804816 0.749383
2 0.786702 0.732299 0.744285 0.732299 0.744285 0.749383 0.786702 0.749383
3 0.804816 0.749383 0.804816 0.250634 0.798758 0.241238 0.798758 0.749383
3 0.990087 0.044556 0.990087 0.250634 1.000000 0.250634 1.000000 0.019784
3 0.990087 0.250634 0.990087 0.732299 1.000000 0.749383 1.000000 0.250634
3 0.804816 0.250634 1.000000 0.250634 1.000000 0.241238 0.798758 0.241238
3 0.934160 0.250634 0.934160 0.019784 0.926450 0.019784 0.926450 0.250634
2 0.934160 0.116438 0.934160 0.053696 0.926450 0.053696 0.926450 0.116438
3 0.698850 0.344469 0.804816 0.344469 0.804816 0.332510 0.698850 0.332510
3 0.346701 0.612743 0.444396 0.612743 0.444396 0.603347 0.346701 0.603347
3 0.379387 0.603347 0.379387 0.926709 0.385445 0.926709 0.385445 0.603347
3 0.256734 0.801464 0.385445 0.801464 0.385445 0.792068 0.256734 0.792068
2 0.279248 0.801464 0.326936 0.801464 0.326936 0.792068 0.279248 0.792068
3 0.091135 0.612316 0.091135 0.482664 0.085077 0.482664 0.085077 0.612316
2 0.091135 0.555545 0.091135 0.501943 0.085077 0.501943 0.085077 0.555545
