0 0.769694 0.048065 0.988436 0.048143 0.988436 0.345773 0.767150 0.345773 0.767150 0.045487 0.769694 0.048065
0 0.183875 0.209886 0.248635 0.209886 0.248578 0.322380 0.054827 0.322380 0.053671 0.209094
0 0.258986 0.193339 0.053671 0.192547 0.053624 0.072363 0.258986 0.072363
0 0.730179 0.330941 0.271706 0.330889 0.271706 0.072363 0.730179 0.072363
0 0.269833 0.657815 0.054827 0.657815 0.054827 0.654950 0.269833 0.654950
0 0.248578 0.339824 0.269833 0.339824 0.269833 0.626176 0.251411 0.339833 0.256673 0.638403 0.054827 0.638403 0.054353 0.543440 0.054839 0.543588 0.086063 0.543536 0.085912 0.481903 0.054827 0.481903 0.054827 0.338927 0.248578 0.338927
0 0.730179 0.743695 0.406929 0.743695 0.406929 0.743007 0.318103 0.743007 0.318103 0.743695 0.268411 0.743695 0.268411 0.657815 0.269833 0.657815 0.269833 0.654950 0.271706 0.654950 0.269833 0.626176 0.269833 0.339824 0.730179 0.339824
0 0.730179 0.981711 0.363204 0.981711 0.363204 0.930276 0.329667 0.930276 0.329667 0.751716 0.406929 0.751716 0.406929 0.743695 0.730179 0.743695
0 0.268411 0.743695 0.318103 0.743695 0.318103 0.981711 0.055983 0.981711 0.054827 0.657815 0.268411 0.657815
3 0.032750 0.038398 0.767185 0.038398 0.730179 0.072363 0.053624 0.072363
3 0.767185 0.038398 0.767185 1.000000 0.730179 0.981711 0.730179 0.072363
2 0.767185 0.246429 0.767185 0.315021 0.730179 0.315021 0.730179 0.246429
1 0.767185 0.085714 0.767185 0.242397 0.730179 0.242397 0.730179 0.085714
1 0.767185 0.403801 0.767185 0.563288 0.730179 0.563288 0.730179 0.403801
1 0.767185 0.725188 0.767185 0.887175 0.730179 0.887175 0.730179 0.725188
3 0.767185 1.000000 0.035237 1.000000 0.055983 0.981711 0.730179 0.981711
2 0.228004 1.000000 0.132644 1.000000 0.132644 0.981711 0.228004 0.981711
3 0.035237 1.000000 0.032750 0.038398 0.053624 0.072363 0.055983 0.981711
3 0.271706 0.038398 0.271706 0.193383 0.258986 0.193383 0.258986 0.038398
2 0.271706 0.132847 0.271706 0.184813 0.258986 0.184813 0.258986 0.132847
3 0.271706 0.193383 0.271706 0.330889 0.248578 0.339824 0.248578 0.193383
3 0.271706 0.654950 0.034346 0.654950 0.034346 0.638403 0.256673 0.638403
2 0.215746 0.654950 0.122502 0.654950 0.122502 0.638403 0.215746 0.638403
3 0.033479 0.322380 0.248578 0.322380 0.248578 0.338927 0.033479 0.338927
2 0.170298 0.322380 0.240159 0.322380 0.240159 0.338927 0.170298 0.338927
3 0.033144 0.192547 0.258986 0.193339 0.271706 0.209930 0.033040 0.209094
3 0.248578 0.339824 0.767185 0.340033 0.767185 0.331089 0.271706 0.330889
2 0.623774 0.339981 0.714995 0.340016 0.715006 0.331063 0.623786 0.331028
3 0.318103 1.000000 0.318103 0.930276 0.363204 0.930276 0.363204 1.000000
3 0.318103 0.930276 0.318103 0.743007 0.329667 0.751716 0.329667 0.930276
3 0.318103 0.743007 0.406929 0.743007 0.406929 0.751716 0.329667 0.751716
3 0.054839 0.543588 0.054688 0.481946 0.085912 0.481903 0.086063 0.543536
3 0.271706 0.339833 0.271706 0.654950 0.256673 0.638403 0.256673 0.339833
