0 0.843883 0.191183 0.843883 0.173245 0.946618 0.173245 0.946618 0.190674 0.843883 0.191183 0.843883 0.191183
0 0.623097 0.190638 0.623097 0.062270 0.354042 0.062270 0.354042 0.190985 0.623097 0.190638 0.623097 0.190638
0 0.364070 0.869735 0.364070 1.000000 0.628290 1.000000 0.628290 0.869325 0.364070 0.869735 0.364070 0.869735
0 0.537972 0.742747 0.364070 0.742747 0.364070 0.529019 0.538286 0.529019
0 0.364070 0.452802 0.276671 0.452802 0.276671 0.215872 0.831337 0.215872 0.831337 0.291332 0.885531 0.291332 0.885531 0.529019 0.364070 0.529019
0 0.885531 0.844969 0.549612 0.844969 0.549612 0.638268 0.885531 0.638268
0 0.352744 0.844969 0.089125 0.844969 0.089125 0.604486 0.352744 0.604486
0 0.352744 0.596703 0.089125 0.596703 0.089125 0.462001 0.352744 0.462001
0 0.267087 0.328375 0.089125 0.328375 0.089125 0.215872 0.267087 0.215872
0 0.885531 0.629069 0.692566 0.629069 0.692566 0.538218 0.885531 0.538218
0 0.267087 0.452802 0.094605 0.452802 0.094605 0.338282 0.267087 0.338282
0 0.538286 0.844969 0.364070 0.844969 0.364070 0.750531 0.538286 0.750531
0 0.681239 0.629069 0.549612 0.629069 0.549612 0.538218 0.681239 0.538218
0 0.942662 0.282133 0.841034 0.282133 0.841034 0.215872 0.942662 0.215872
3 0.089125 0.215872 0.942662 0.215872 0.953989 0.191105 0.058629 0.191105
2 0.365813 0.215872 0.436440 0.215872 0.436440 0.191105 0.365813 0.191105
1 0.451313 0.215872 0.521635 0.215872 0.521635 0.191105 0.451313 0.191105
1 0.529695 0.215872 0.600017 0.215872 0.600017 0.191105 0.529695 0.191105
1 0.637186 0.215872 0.797356 0.215872 0.797356 0.191105 0.637186 0.191105
2 0.861701 0.215872 0.931701 0.215872 0.931701 0.191105 0.861701 0.191105
1 0.136148 0.215872 0.213415 0.215872 0.213415 0.191105 0.136148 0.191105
3 0.942662 0.215872 0.942662 0.282133 0.953989 0.291332 0.953989 0.191105
3 0.942662 0.282133 0.885531 0.282133 0.903828 0.291332 0.953989 0.291332
3 0.885531 0.282133 0.885531 0.844969 0.903828 0.869735 0.903828 0.291332
3 0.903828 0.529019 0.538286 0.529019 0.549612 0.538218 0.903828 0.538218
3 0.538286 0.529019 0.538286 0.869735 0.549612 0.869735 0.549612 0.538218
2 0.538286 0.564358 0.538286 0.621327 0.549612 0.621327 0.549612 0.564358
2 0.538286 0.643808 0.538286 0.700262 0.549612 0.700262 0.549612 0.643808
3 0.538286 0.638268 0.903828 0.638268 0.903828 0.629069 0.538286 0.629069
2 0.752284 0.638268 0.824000 0.638268 0.824000 0.629069 0.752284 0.629069
3 0.681239 0.529019 0.681239 0.638268 0.692566 0.638268 0.692566 0.529019
3 0.089125 0.844969 0.089125 0.462001 0.058629 0.462001 0.058629 0.869735
3 0.089125 0.462001 0.352744 0.462001 0.364070 0.452802 0.058629 0.452802
2 0.189393 0.462001 0.258696 0.462001 0.258696 0.452802 0.189393 0.452802
3 0.352744 0.462001 0.352744 0.869735 0.364070 0.869735 0.364070 0.452802
2 0.352744 0.465568 0.352744 0.522771 0.364070 0.522771 0.364070 0.465568
2 0.352744 0.681821 0.352744 0.738544 0.364070 0.738544 0.364070 0.681821
3 0.885531 0.844969 0.352744 0.844969 0.352744 0.869735 0.903828 0.869735
2 0.528144 0.844969 0.450738 0.844969 0.450738 0.869735 0.528144 0.869735
1 0.792834 0.844969 0.666941 0.844969 0.666941 0.869735 0.792834 0.869735
3 0.352744 0.844969 0.089125 0.844969 0.058629 0.869735 0.352744 0.869735
1 0.287597 0.844969 0.165903 0.844969 0.165903 0.869735 0.287597 0.869735
3 0.058629 0.604486 0.364070 0.604486 0.364070 0.596703 0.058629 0.596703
3 0.352744 0.750531 0.549612 0.750531 0.549612 0.742747 0.352744 0.742747
2 0.460967 0.750531 0.530810 0.750531 0.530810 0.742747 0.460967 0.742747
3 0.058629 0.328375 0.267087 0.328375 0.276671 0.338282 0.058629 0.338282
2 0.174363 0.328375 0.243570 0.328375 0.243570 0.338282 0.174363 0.338282
3 0.276671 0.191105 0.276671 0.338282 0.267087 0.328375 0.267087 0.191105
3 0.276671 0.328375 0.276671 0.462001 0.267087 0.462001 0.267087 0.328375
3 0.094605 0.462001 0.094605 0.328375 0.058629 0.328375 0.058629 0.462001
3 0.089125 0.328375 0.089125 0.215872 0.058629 0.191105 0.058629 0.328375
3 0.903828 0.291332 0.831337 0.291332 0.841034 0.282133 0.903828 0.282133
3 0.831337 0.291332 0.831337 0.191105 0.841034 0.191105 0.841034 0.282133
