0 0.599872 0.265008 0.301488 0.265008 0.301488 0.036339 0.599872 0.036339 0.599872 0.265008
0 0.269613 0.294044 0.288601 0.294044 0.288601 0.671746 0.288502 0.671746 0.288502 0.294044 0.279477 0.294044 0.279477 0.424774 0.042876 0.424774 0.042876 0.090196 0.269613 0.090196
0 0.708818 0.671746 0.288601 0.671746 0.288601 0.294044 0.708818 0.294044
0 0.268828 0.447304 0.279477 0.447304 0.279477 0.662455 0.188436 0.662455 0.188436 0.671746 0.042876 0.671746 0.042876 0.435528 0.268828 0.435528
0 0.188436 0.686297 0.288502 0.686297 0.288502 0.671746 0.708818 0.671746 0.708818 0.672198 0.398007 0.672198 0.398007 0.837986 0.271842 0.837986 0.271842 0.877724 0.042876 0.877724 0.042876 0.671746 0.188436 0.671746
0 0.970219 0.672198 0.718745 0.672198 0.718745 0.294044 0.970219 0.294044
0 0.671988 0.877724 0.416057 0.877724 0.416057 0.684028 0.671988 0.684028
0 0.970219 0.877724 0.821103 0.877724 0.821103 0.684028 0.970219 0.684028
0 0.806402 0.867378 0.687330 0.867378 0.687330 0.787258 0.681915 0.787258 0.681915 0.684028 0.806402 0.684028
3 0.269613 0.090196 0.269613 0.294044 0.301488 0.265008 0.301488 0.057933
1 0.269613 0.121825 0.269613 0.198879 0.301488 0.198879 0.301488 0.121825
1 0.782234 0.294044 0.918281 0.294044 0.918281 0.265008 0.782234 0.265008
1 0.452092 0.294044 0.587743 0.294044 0.587743 0.265008 0.452092 0.265008
2 0.356539 0.294044 0.438664 0.294044 0.438664 0.265008 0.356539 0.265008
3 0.821103 0.867378 0.687330 0.867378 0.681915 0.898157 0.821103 0.898157
3 0.671988 0.877724 0.416057 0.877724 0.398910 0.898157 0.671988 0.898157
3 0.416057 0.877724 0.416057 0.837986 0.398910 0.861646 0.398910 0.898157
3 0.416057 0.837986 0.271842 0.837986 0.291696 0.861646 0.398910 0.861646
3 0.271842 0.837986 0.271842 0.877724 0.291696 0.899232 0.291696 0.861646
3 0.271842 0.877724 0.042876 0.877724 0.024827 0.899232 0.291696 0.899232
2 0.219670 0.877724 0.135109 0.877724 0.135109 0.899232 0.219670 0.899232
3 0.042876 0.877724 0.042876 0.090196 0.024827 0.057933 0.024827 0.899232
3 0.042876 0.090196 0.269613 0.090196 0.301488 0.057933 0.024827 0.057933
1 0.101907 0.090196 0.241663 0.090196 0.241663 0.057933 0.101907 0.057933
3 0.288502 0.294044 0.288502 0.686297 0.279477 0.662455 0.279477 0.294044
2 0.288502 0.320683 0.288502 0.419461 0.279477 0.419461 0.279477 0.320683
3 0.279477 0.662455 0.188436 0.662455 0.188436 0.686297 0.288502 0.686297
3 0.288502 0.424774 0.024827 0.424774 0.024827 0.435528 0.288502 0.435528
3 0.279486 0.447304 0.279486 0.435528 0.268828 0.435528 0.268828 0.447304
3 0.416057 0.837986 0.416057 0.684028 0.398007 0.672198 0.398007 0.837986
2 0.416057 0.786183 0.416057 0.698449 0.398007 0.698449 0.398007 0.786183
3 0.416057 0.684028 0.821103 0.684028 0.821103 0.672198 0.398007 0.672198
3 0.821103 0.672198 0.821103 0.877724 0.806402 0.877724 0.806402 0.684028
3 0.671988 0.898157 0.671988 0.684028 0.681915 0.684028 0.681915 0.898157
2 0.671988 0.781085 0.671988 0.695051 0.681915 0.695051 0.681915 0.781085
3 0.681915 0.787258 0.681915 0.898157 0.687330 0.867378 0.687330 0.787258
3 0.718745 0.672198 0.718745 0.294044 0.708818 0.294044 0.708818 0.672198
2 0.718745 0.654873 0.718745 0.558084 0.708818 0.558084 0.708818 0.654873
3 0.821103 0.672198 0.970219 0.672198 0.970219 0.684028 0.821103 0.684028
2 0.821645 0.672198 0.969298 0.672198 0.969298 0.684028 0.821645 0.684028
