0 0.403797 0.889662 0.403797 0.990755 0.804739 0.990755 0.804739 1.000000 0.851406 1.000000 0.851406 0.889662 0.403797 0.889662 0.403797 0.889662
0 0.409423 0.250379 0.409423 0.148052 0.815505 0.148052 0.815505 0.139351 0.989758 0.139351 0.989758 0.682740 0.999999 0.682740 0.999999 0.687716 0.999999 0.703031 0.815140 0.703031 0.815505 0.250379 0.409423 0.250379 0.409423 0.250379
0 0.793102 0.428973 0.531357 0.428973 0.531357 0.269413 0.793102 0.269413
0 0.793102 0.712015 0.528630 0.712015 0.528630 0.429006 0.531357 0.428973 0.793102 0.428973
0 0.528630 0.712015 0.388435 0.712015 0.388435 0.429006 0.528630 0.429006
0 0.479389 0.717997 0.522895 0.717997 0.522895 0.870628 0.388435 0.870628 0.388435 0.712015 0.479389 0.712015
0 0.793102 0.870628 0.528553 0.870628 0.528553 0.717997 0.793102 0.717997
0 0.381394 0.980966 0.169677 0.980966 0.169677 0.811916 0.381394 0.811916
0 0.524316 0.269413 0.524316 0.423024 0.303184 0.423024 0.303184 0.269413
0 0.381394 0.590344 0.169677 0.590344 0.169677 0.429006 0.381394 0.429006
0 0.381394 0.730543 0.169677 0.730543 0.169677 0.596326 0.381394 0.596326
0 0.296015 0.321665 0.169677 0.321665 0.169677 0.158385 0.296015 0.158385
0 0.296015 0.423024 0.169677 0.423024 0.169677 0.327647 0.296015 0.327647
0 0.387020 0.262887 0.303184 0.262887 0.303184 0.158385 0.387020 0.158385
0 0.381394 0.805934 0.277286 0.805934 0.277286 0.736525 0.381394 0.736525
0 0.270245 0.805934 0.169677 0.805934 0.169677 0.736525 0.270245 0.736525
3 0.174420 0.161284 0.387020 0.161284 0.409423 0.139351 0.147274 0.139351
3 0.387020 0.161284 0.387020 0.269413 0.409423 0.248193 0.409423 0.139351
2 0.387020 0.166412 0.387020 0.218397 0.409423 0.218397 0.409423 0.166412
3 0.387020 0.269413 0.793102 0.269413 0.815505 0.248193 0.409423 0.248193
1 0.577289 0.269413 0.611405 0.269413 0.611405 0.248193 0.577289 0.248193
2 0.412937 0.269413 0.471689 0.269413 0.471689 0.248193 0.412937 0.248193
3 0.793102 0.269413 0.793102 0.869209 0.815505 0.889662 0.815505 0.248193
1 0.793102 0.315035 0.793102 0.393069 0.815505 0.393069 0.815505 0.315035
1 0.793102 0.521424 0.793102 0.570690 0.815505 0.570690 0.815505 0.521424
1 0.793102 0.574208 0.793102 0.622734 0.815505 0.622734 0.815505 0.574208
1 0.793102 0.626253 0.793102 0.676813 0.815505 0.676813 0.815505 0.626253
1 0.793102 0.742671 0.793102 0.822298 0.815505 0.822298 0.815505 0.742671
2 0.793102 0.469222 0.793102 0.518150 0.815505 0.518150 0.815505 0.469222
3 0.793102 0.869209 0.381394 0.869209 0.403797 0.889662 0.815505 0.889662
1 0.632783 0.869209 0.597355 0.869209 0.597355 0.889662 0.632783 0.889662
2 0.473283 0.869209 0.414448 0.869209 0.414448 0.889662 0.473283 0.889662
3 0.381394 0.869209 0.381394 0.980966 0.403797 1.000000 0.403797 0.889662
3 0.381394 0.980966 0.174420 0.980966 0.147274 1.000000 0.403797 1.000000
1 0.370660 0.980966 0.336429 0.980966 0.336429 1.000000 0.370660 1.000000
3 0.174420 0.980966 0.174420 0.161284 0.147274 0.139351 0.147274 1.000000
1 0.174420 0.934789 0.174420 0.857843 0.147274 0.857843 0.147274 0.934789
1 0.174420 0.700839 0.174420 0.624257 0.147274 0.624257 0.147274 0.700839
1 0.174420 0.561494 0.174420 0.486037 0.147274 0.486037 0.147274 0.561494
1 0.174420 0.387805 0.174420 0.348856 0.147274 0.348856 0.147274 0.387805
3 0.147274 0.429006 0.531357 0.429006 0.524316 0.423024 0.147274 0.423024
2 0.418762 0.429006 0.470544 0.429006 0.470544 0.423024 0.418762 0.423024
3 0.531357 0.429006 0.531357 0.250379 0.524316 0.250379 0.524316 0.423024
3 0.381394 0.869209 0.381394 0.423024 0.388435 0.423024 0.388435 0.869209
2 0.381394 0.854754 0.381394 0.814554 0.388435 0.814554 0.388435 0.854754
2 0.381394 0.783724 0.381394 0.738929 0.388435 0.738929 0.388435 0.783724
2 0.381394 0.644428 0.381394 0.599094 0.388435 0.599094 0.388435 0.644428
2 0.381394 0.480278 0.381394 0.435793 0.388435 0.435793 0.388435 0.480278
3 0.147274 0.596326 0.388435 0.596326 0.388435 0.590344 0.147274 0.590344
3 0.147274 0.736525 0.388435 0.736525 0.388435 0.730543 0.147274 0.730543
3 0.147274 0.811916 0.388435 0.811916 0.388435 0.805934 0.147274 0.805934
2 0.208101 0.811916 0.248560 0.811916 0.248560 0.805934 0.208101 0.805934
3 0.277286 0.730543 0.277286 0.811916 0.270245 0.811916 0.270245 0.730543
3 0.815505 0.717997 0.479389 0.717997 0.479389 0.712015 0.815505 0.712015
2 0.627509 0.717997 0.574715 0.717997 0.574715 0.712015 0.627509 0.712015
3 0.522895 0.712015 0.522895 0.889662 0.528553 0.889662 0.528553 0.712015
3 0.303184 0.139351 0.303184 0.429006 0.296015 0.429006 0.296015 0.139351
2 0.303184 0.271801 0.303184 0.317390 0.296015 0.317390 0.296015 0.271801
3 0.403797 0.269413 0.296015 0.269413 0.296015 0.262887 0.403797 0.262887
3 0.303184 0.327647 0.147274 0.327647 0.147274 0.321665 0.303184 0.321665
2 0.229428 0.327647 0.177486 0.327647 0.177486 0.321665 0.229428 0.321665
