0 0.990467 0.333211 0.859800 0.333211 0.859800 0.153615 0.990467 0.153615
0 0.990467 0.535161 0.859800 0.535161 0.859800 0.350092 0.990467 0.350092
0 0.990467 0.981698 0.859800 0.981698 0.859800 0.552042 0.990467 0.552042
0 0.851000 0.638851 0.652524 0.638851 0.652524 0.153615 0.851000 0.153615
0 0.851000 0.981698 0.645337 0.981698 0.645337 0.849987 0.699770 0.849987 0.699770 0.840336 0.652524 0.840336 0.652524 0.655732 0.851000 0.655732
0 0.645337 0.840336 0.600437 0.840336 0.600437 0.849987 0.645337 0.849987 0.645337 0.981698 0.402650 0.980714 0.402650 0.153615 0.645337 0.153615
0 0.402650 0.980714 0.183443 0.980714 0.183443 0.917706 0.157521 0.745917 0.184059 0.728685 0.183927 0.493578 0.402650 0.493578
0 0.365560 0.100468 0.039452 0.100468 0.040625 0.430177 0.147453 0.430177 0.147453 0.423242 0.191810 0.423242 0.191810 0.430191 0.369651 0.430191 0.369651 0.165797 0.365560 0.165797 0.365560 0.100468 0.365560 0.100468
3 0.147512 0.999001 0.147512 0.927483 0.183443 0.917706 0.183443 0.980756
3 0.147512 0.927483 0.114036 0.705656 0.157521 0.745917 0.183443 0.917706
1 0.147746 0.929045 0.123078 0.765569 0.157587 0.746395 0.182263 0.909885
3 0.114036 0.705656 0.147453 0.683965 0.183927 0.728783 0.157521 0.745917
3 0.183927 0.728783 0.183927 0.493578 0.147453 0.423242 0.147453 0.683965
3 0.183927 0.493578 0.191810 0.493578 0.191810 0.423242 0.147453 0.423242
3 0.191810 0.493578 0.402650 0.493578 0.369651 0.430191 0.191810 0.430191
2 0.284889 0.493578 0.351187 0.493578 0.351187 0.430191 0.284889 0.430191
1 0.204900 0.493578 0.250497 0.493578 0.250497 0.430191 0.204900 0.430191
1 0.250680 0.493578 0.281384 0.493578 0.281384 0.430191 0.250680 0.430191
3 0.402650 0.493578 0.402650 0.165797 0.369651 0.165797 0.369651 0.430191
1 0.402650 0.320973 0.402650 0.211628 0.369651 0.211628 0.369651 0.320973
1 0.402650 0.388482 0.402650 0.320973 0.369651 0.320973 0.369651 0.388482
3 0.402650 0.165797 0.402650 0.153615 0.365560 0.084685 0.365560 0.165797
3 0.365560 0.084685 1.000000 0.084685 0.990467 0.153615 0.402650 0.153615
1 0.502607 0.084685 0.588294 0.084685 0.588294 0.153615 0.502607 0.153615
1 0.654746 0.084685 0.743512 0.084685 0.743512 0.153615 0.654746 0.153615
3 1.000000 0.084685 1.000000 1.000000 0.990467 0.981698 0.990467 0.153615
3 1.000000 1.000000 0.147512 0.999001 0.183443 0.980756 0.990467 0.981698
2 0.839766 0.999803 0.772214 0.999733 0.772221 0.981445 0.839773 0.981516
3 0.039452 0.090621 0.040647 0.445764 0.014857 0.446073 0.013654 0.090945
3 0.859800 0.999831 0.859800 0.084685 0.851000 0.084685 0.851000 0.999831
2 0.859800 0.857878 0.859800 0.728713 0.851000 0.728713 0.851000 0.857878
2 0.859800 0.282372 0.859800 0.195296 0.851000 0.195296 0.851000 0.282372
3 0.851000 0.350092 1.000000 0.350092 1.000000 0.333211 0.851000 0.333211
3 0.851000 0.552042 1.000000 0.552042 1.000000 0.535161 0.851000 0.535161
2 0.861325 0.552042 0.920466 0.552042 0.920466 0.535161 0.861325 0.535161
3 0.645337 0.084685 0.645337 0.849987 0.652524 0.840336 0.652524 0.084685
3 0.645337 0.655732 0.859800 0.655732 0.859800 0.638851 0.645337 0.638851
2 0.708167 0.655732 0.773350 0.655732 0.773350 0.638851 0.708167 0.638851
3 0.645337 0.849987 0.699770 0.849987 0.699770 0.840336 0.652524 0.840336
3 0.645337 0.849987 0.600437 0.849987 0.600437 0.840336 0.645337 0.840336
3 0.499395 0.599350 0.499395 0.851618 0.507476 0.851618 0.507476 0.599350
