0 0.432146 0.604855 0.269993 0.604855 0.269993 0.517313 0.432146 0.517313
0 0.806019 0.554185 0.579063 0.554185 0.579063 0.488596 0.578776 0.488596 0.579063 0.382801 0.806019 0.382801
0 0.971316 0.554185 0.806019 0.554185 0.806019 0.382801 0.971316 0.382801
0 0.971316 0.382801 0.444281 0.382801 0.444281 0.104250 0.971316 0.104250
0 0.578776 0.488596 0.571340 0.488596 0.571340 0.561038 0.578776 0.561038 0.578776 0.697987 0.444281 0.697987 0.444281 0.382801 0.579063 0.382801
0 0.637060 0.697987 0.578776 0.697987 0.578776 0.561038 0.637060 0.561038
0 0.508820 1.000000 0.796079 1.000000 0.796079 0.817193 0.508820 0.817193 0.508820 1.000000 0.508820 1.000000
0 0.455578 0.082928 0.587083 0.082928 0.587083 0.023858 0.456262 0.023858 0.455578 0.082928 0.455578 0.082928
0 0.432146 0.374820 0.267787 0.374820 0.267787 0.332930 0.261167 0.332930 0.261167 0.354960 0.082400 0.354960 0.082400 0.104250 0.432146 0.104250
0 0.971316 0.797394 0.646989 0.797394 0.646989 0.561038 0.971316 0.561038
0 0.432146 0.797394 0.082400 0.797394 0.082400 0.611100 0.432146 0.611100
0 0.497788 0.992385 0.343689 0.992385 0.343689 0.817193 0.497788 0.817193
0 0.432146 0.510459 0.269993 0.510459 0.270291 0.480509 0.269993 0.480288 0.269993 0.380912 0.432146 0.380912
0 0.261167 0.480288 0.082400 0.480288 0.082400 0.362575 0.261167 0.362575
0 0.257858 0.600591 0.082400 0.600591 0.082400 0.489427 0.257858 0.489427
0 0.637060 0.797394 0.444281 0.797394 0.444281 0.706364 0.637060 0.706364
3 0.082400 0.104250 0.971316 0.104250 1.000000 0.082928 0.053716 0.082928
1 0.201560 0.104250 0.360425 0.104250 0.360425 0.082928 0.201560 0.082928
1 0.360425 0.104250 0.393809 0.104250 0.393809 0.082928 0.360425 0.082928
2 0.488488 0.104250 0.572521 0.104250 0.572521 0.082928 0.488488 0.082928
1 0.576250 0.104250 0.708803 0.104250 0.708803 0.082928 0.576250 0.082928
1 0.716503 0.104250 0.841896 0.104250 0.841896 0.082928 0.716503 0.082928
3 0.971316 0.104250 0.971316 0.797394 1.000000 0.817193 1.000000 0.082928
3 0.971316 0.797394 0.796079 0.797394 0.796079 0.817193 1.000000 0.817193
3 0.796079 0.797394 0.796079 1.000000 0.824763 1.000000 0.824763 0.817193
3 0.053716 0.817193 0.053716 0.082928 0.082400 0.104250 0.082400 0.797394
1 0.053716 0.409590 0.053716 0.366459 0.082400 0.366459 0.082400 0.409590
1 0.053716 0.537287 0.053716 0.490744 0.082400 0.490744 0.082400 0.537287
3 0.796079 0.797394 0.497788 0.797394 0.508820 0.817193 0.796079 0.817193
1 0.788776 0.797394 0.662919 0.797394 0.662919 0.817193 0.788776 0.817193
2 0.621405 0.797394 0.515517 0.797394 0.515517 0.817193 0.621405 0.817193
3 0.508820 0.797394 0.332657 0.797394 0.332657 0.817193 0.508820 0.817193
3 0.343689 0.797394 0.082400 0.797394 0.053716 0.817193 0.332657 0.817193
1 0.291219 0.797394 0.168607 0.797394 0.168607 0.817193 0.291219 0.817193
1 0.323367 0.797394 0.291550 0.797394 0.291550 0.817193 0.323367 0.817193
3 0.332657 0.817193 0.332657 1.000000 0.343689 0.992385 0.343689 0.797394
3 0.332657 1.000000 0.508820 1.000000 0.497788 0.992385 0.343689 0.992385
3 0.508820 1.000000 0.508820 0.817193 0.497788 0.797394 0.497788 0.992385
2 0.508820 0.958681 0.508820 0.896854 0.497788 0.896854 0.497788 0.958681
3 0.432146 0.082928 0.432146 0.817193 0.444281 0.817193 0.444281 0.082928
2 0.432146 0.620040 0.432146 0.680191 0.444281 0.680191 0.444281 0.620040
2 0.432146 0.554246 0.432146 0.601528 0.444281 0.601528 0.444281 0.554246
2 0.432146 0.412286 0.432146 0.461807 0.444281 0.461807 0.444281 0.412286
2 0.432146 0.267136 0.432146 0.326472 0.444281 0.326472 0.444281 0.267136
3 0.053716 0.611100 0.269993 0.611100 0.269993 0.600591 0.053716 0.600591
3 0.269993 0.611100 0.444281 0.611100 0.444281 0.604855 0.269993 0.604855
3 0.269993 0.609295 0.269993 0.480288 0.257858 0.480288 0.257858 0.609295
3 0.269993 0.480288 0.053716 0.480288 0.053716 0.489427 0.257858 0.489427
2 0.254901 0.480288 0.187439 0.480288 0.187439 0.489427 0.254901 0.489427
3 0.269993 0.480288 0.269993 0.374820 0.261167 0.374820 0.261167 0.480288
2 0.269993 0.461373 0.269993 0.412629 0.261167 0.412629 0.261167 0.461373
3 0.261167 0.380912 0.444281 0.380912 0.444281 0.374820 0.261167 0.374820
3 0.261167 0.374820 0.261167 0.332930 0.267787 0.332930 0.267787 0.374820
3 0.267787 0.354960 0.053716 0.354960 0.053716 0.362575 0.267787 0.362575
2 0.257251 0.354960 0.178778 0.354960 0.178778 0.362575 0.257251 0.362575
3 0.571340 0.488596 0.571340 0.561038 0.579063 0.554185 0.579063 0.488596
3 0.571340 0.561038 1.000000 0.561038 1.000000 0.554185 0.579063 0.554185
3 0.637060 0.554185 0.637060 0.817193 0.646989 0.817193 0.646989 0.554185
2 0.637060 0.637943 0.637060 0.696137 0.646989 0.696137 0.646989 0.637943
3 0.432146 0.706364 0.646989 0.706364 0.646989 0.697987 0.432146 0.697987
2 0.519433 0.706364 0.618945 0.706364 0.618945 0.697987 0.519433 0.697987
3 0.571340 0.431263 0.571340 0.377447 0.579063 0.377447 0.579063 0.431263
3 0.549772 0.382778 0.737729 0.382778 0.737729 0.377447 0.549772 0.377447
3 0.257858 0.517313 0.444281 0.517313 0.444281 0.510459 0.257858 0.510459
