0 0.635540 0.351660 0.131099 0.351660 0.131099 0.132126 0.635579 0.131940
0 0.635540 0.737563 0.333166 0.737563 0.333166 0.352342 0.131099 0.352342 0.131099 0.351660 0.635540 0.351660
0 0.982281 0.464075 0.643013 0.464075 0.643283 0.131940 0.982281 0.131444
0 0.982281 0.737563 0.643013 0.737563 0.643013 0.472930 0.982281 0.472930
0 0.205180 0.530320 0.247259 0.586124 0.247259 0.586275 0.204387 0.645905 0.204387 0.737563 0.131099 0.737563 0.131099 0.363854 0.205180 0.363854
0 0.443564 0.905959 0.131099 0.905959 0.131099 0.755273 0.443564 0.755273
0 0.284901 0.417568 0.323922 0.417568 0.323922 0.582662 0.257120 0.582662 0.214425 0.526362 0.214425 0.363854 0.284901 0.363854
0 0.323922 0.737563 0.213631 0.737563 0.213631 0.649730 0.254231 0.593288 0.323922 0.593288
3 0.131099 0.132126 0.131099 0.905959 0.114920 0.927212 0.114920 0.114425
1 0.131099 0.790189 0.131099 0.880298 0.114920 0.880298 0.114920 0.790189
1 0.131099 0.185513 0.131099 0.258355 0.114920 0.258355 0.114920 0.185513
1 0.131099 0.434358 0.131099 0.534057 0.114920 0.534057 0.114920 0.434358
3 0.114920 0.927212 0.462054 0.927212 0.443564 0.905959 0.131099 0.905959
1 0.199895 0.927212 0.294292 0.927212 0.294292 0.905959 0.199895 0.905959
2 0.362465 0.927212 0.425791 0.927212 0.425791 0.905959 0.362465 0.905959
3 0.462054 0.927212 0.462054 0.758815 0.443564 0.737563 0.443564 0.905959
1 0.462054 0.835234 0.462054 0.788214 0.443564 0.788214 0.443564 0.835234
1 0.462054 0.899008 0.462054 0.849827 0.443564 0.849827 0.443564 0.899008
3 0.443564 0.737563 0.982281 0.737563 1.000000 0.758815 0.462054 0.758815
1 0.471723 0.737563 0.523424 0.737563 0.523424 0.758815 0.471723 0.758815
1 0.522592 0.737563 0.603484 0.737563 0.603484 0.758815 0.522592 0.758815
1 0.674360 0.737563 0.758588 0.737563 0.758588 0.758815 0.674360 0.758815
1 0.829881 0.737563 0.912437 0.737563 0.912437 0.758815 0.829881 0.758815
3 0.982281 0.737563 0.982281 0.131444 1.000000 0.113725 1.000000 0.758815
1 0.982281 0.328239 0.982281 0.231781 1.000000 0.231781 1.000000 0.328239
3 0.982281 0.131444 0.131099 0.132126 0.114920 0.114425 1.000000 0.113725
1 0.563500 0.131781 0.501776 0.131825 0.501768 0.114115 0.563485 0.114071
1 0.390900 0.131914 0.329176 0.131967 0.329168 0.114257 0.390892 0.114203
1 0.245734 0.132029 0.186683 0.132082 0.186667 0.114372 0.245726 0.114319
3 0.462054 0.737563 0.114920 0.737563 0.114920 0.755273 0.462054 0.755273
2 0.421562 0.737563 0.356194 0.737563 0.356194 0.755273 0.421562 0.755273
1 0.302243 0.737563 0.238508 0.737563 0.238508 0.755273 0.302243 0.755273
3 0.635540 0.758815 0.635548 0.114018 0.643013 0.114018 0.643013 0.758815
2 0.635540 0.550589 0.635540 0.485788 0.643013 0.485788 0.643013 0.550589
2 0.635548 0.255530 0.635548 0.194988 0.643013 0.194988 0.643013 0.255530
3 0.635540 0.472930 1.000000 0.472930 1.000000 0.464075 0.635540 0.464075
3 0.114920 0.352342 0.333166 0.352342 0.284901 0.363854 0.114920 0.363854
3 0.333166 0.352342 0.333166 0.417568 0.284901 0.417568 0.284901 0.363854
3 0.333166 0.417568 0.333166 0.755273 0.323922 0.755273 0.323922 0.417568
2 0.333166 0.662472 0.333166 0.723572 0.323922 0.723572 0.323922 0.662472
3 0.205180 0.352342 0.205180 0.530320 0.214425 0.526362 0.214425 0.352342
3 0.205180 0.530320 0.247321 0.586275 0.259432 0.586124 0.214425 0.526362
2 0.206852 0.532533 0.241566 0.578633 0.248554 0.571682 0.213839 0.525582
3 0.247321 0.586275 0.204387 0.645905 0.213631 0.649730 0.259432 0.586124
2 0.243307 0.591845 0.211012 0.636704 0.218131 0.643478 0.250433 0.598619
3 0.204387 0.645905 0.204387 0.755273 0.213631 0.755273 0.213631 0.649730
3 0.247259 0.593341 0.333174 0.593279 0.333166 0.582653 0.247252 0.582715
