0 0.459513 0.565341 0.443496 0.565341 0.443496 0.678954 0.079088 0.678954 0.079088 0.490778 0.459513 0.490778
0 0.648516 0.703533 0.664582 0.703533 0.664582 0.857036 0.620271 0.857036 0.620271 0.866212 0.461239 0.866212 0.461239 0.565341 0.459513 0.565341 0.459513 0.490778 0.648516 0.490778
0 0.648516 0.135728 0.664582 0.135728 0.664582 0.286754 0.648516 0.286754 0.648516 0.490778 0.079088 0.490778 0.079088 0.081563 0.648516 0.081274
0 0.911139 0.488169 0.666260 0.488169 0.666260 0.286754 0.664582 0.286754 0.664582 0.135728 0.666260 0.135728 0.666260 0.081274 0.911139 0.081038
0 0.693762 0.857036 0.664582 0.857036 0.664582 0.703533 0.693762 0.703533
0 0.732782 0.587940 0.911139 0.587940 0.911139 0.857036 0.711506 0.857036 0.711506 0.689113 0.666260 0.689113 0.666260 0.507780 0.732782 0.507780
0 0.443496 0.857036 0.163936 0.857036 0.163936 0.788700 0.079088 0.788700 0.079088 0.693374 0.443496 0.693374
3 0.038762 0.020790 0.038762 0.884564 0.079088 0.857036 0.079088 0.081563
3 0.038762 0.884564 0.459175 0.884564 0.459175 0.857036 0.079088 0.857036
3 0.459175 0.884564 0.620271 0.884564 0.620271 0.866212 0.459175 0.866212
2 0.469660 0.884564 0.611690 0.884564 0.611690 0.866212 0.469660 0.866212
3 0.620271 0.884564 0.948239 0.884564 0.911139 0.857036 0.620271 0.857036
3 0.948239 0.884564 0.948239 0.020214 0.911139 0.081038 0.911139 0.857036
3 0.948239 0.020214 0.038762 0.020790 0.079088 0.081563 0.911139 0.081038
1 0.214618 0.020672 0.125238 0.020738 0.125287 0.081536 0.214666 0.081471
1 0.521955 0.020489 0.214618 0.020672 0.214666 0.081471 0.522003 0.081287
1 0.865425 0.020266 0.716781 0.020358 0.716845 0.081169 0.865489 0.081064
3 0.648516 0.020410 0.648516 0.135728 0.666260 0.135728 0.666260 0.020410
3 0.648516 0.286754 0.648516 0.703533 0.666260 0.689113 0.666260 0.286754
2 0.648516 0.592462 0.648516 0.682493 0.666260 0.682493 0.666260 0.592462
3 0.648516 0.703533 0.693762 0.703533 0.711506 0.689113 0.666260 0.689113
3 0.711506 0.689113 0.711506 0.884564 0.693762 0.884564 0.693762 0.703533
3 0.648516 0.488169 0.948239 0.488169 0.948239 0.507780 0.648516 0.507780
3 0.750526 0.488169 0.750526 0.496821 0.732782 0.587940 0.732782 0.488169
3 0.732782 0.587940 0.948239 0.587940 0.948239 0.496821 0.750526 0.496821
3 0.443496 0.565341 0.443496 0.884564 0.461239 0.884564 0.461239 0.565341
2 0.443496 0.699010 0.443496 0.796500 0.461239 0.796500 0.461239 0.699010
3 0.038762 0.693374 0.461239 0.693374 0.461239 0.678954 0.038762 0.678954
3 0.038762 0.874680 0.163936 0.874680 0.163936 0.788700 0.038762 0.788700
