0 0.571987 0.656812 0.126865 0.656812 0.126865 0.459156 0.571987 0.459156
0 0.908442 0.882108 0.701999 0.882108 0.701999 0.837342 0.679110 0.837342 0.679110 0.882108 0.594877 0.882108 0.594877 0.751970 0.706119 0.751970 0.706119 0.740922 0.594877 0.740922 0.594877 0.471816 0.705528 0.471816 0.705528 0.460767 0.571987 0.460767 0.571987 0.459156 0.908442 0.459156
0 0.571987 0.882108 0.126865 0.882108 0.126865 0.667861 0.571987 0.667861
0 0.908442 0.459156 0.126865 0.459156 0.126865 0.119614 0.908442 0.119614
3 0.126865 0.119614 0.908442 0.119614 1.000000 0.075418 0.035307 0.075418
1 0.355263 0.119614 0.532331 0.119614 0.532331 0.075418 0.355263 0.075418
1 0.591119 0.119614 0.761187 0.119614 0.761187 0.075418 0.591119 0.075418
3 0.908442 0.119614 0.908442 0.882108 1.000000 0.926304 1.000000 0.075418
3 0.908442 0.882108 0.126865 0.882108 0.035307 0.926304 1.000000 0.926304
2 0.900679 0.882108 0.748007 0.882108 0.748007 0.926304 0.900679 0.926304
3 0.126865 0.882108 0.126865 0.119614 0.035307 0.075418 0.035307 0.926304
3 0.035307 0.656812 0.594877 0.656812 0.594877 0.667861 0.035307 0.667861
3 0.594877 0.926304 0.594877 0.471816 0.571987 0.460767 0.571987 0.926304
2 0.594877 0.825998 0.594877 0.762366 0.571987 0.762366 0.571987 0.825998
3 0.571987 0.460767 0.705528 0.460767 0.705528 0.471816 0.594877 0.471816
3 0.571987 0.751970 0.706119 0.751970 0.706119 0.740922 0.571987 0.740922
3 0.701999 0.926304 0.701999 0.837342 0.679110 0.837342 0.679110 0.926304
