0 0.297470 0.980136 0.161628 0.980136 0.161628 0.767376 0.297470 0.767376
0 0.307138 0.687071 0.297470 0.687071 0.297470 0.767376 0.161628 0.767376 0.161628 0.767313 0.297470 0.767313 0.297470 0.755813 0.161628 0.755813 0.161628 0.755855 0.065504 0.755855 0.065504 0.212864 0.307138 0.212864
0 0.662290 0.741092 0.307138 0.741092 0.307138 0.212864 0.662290 0.212864
0 0.396040 0.751547 0.514382 0.751547 0.514382 0.980136 0.307138 0.980136 0.307138 0.741092 0.396040 0.741092
0 0.703864 0.308203 0.703864 0.066661 0.978729 0.066661 0.978729 0.308203 0.703864 0.308203
0 0.975191 0.741354 0.839455 0.741354 0.839455 0.804021 0.672925 0.804021 0.672925 0.340613 0.975191 0.340613
0 0.662290 0.815522 0.690802 0.815522 0.690802 0.980136 0.594079 0.980136 0.594079 0.955702 0.527918 0.955702 0.527918 0.751547 0.662290 0.751547
0 0.975191 0.980136 0.849123 0.980136 0.849123 0.751809 0.975191 0.751809
0 0.839455 0.973998 0.700471 0.973998 0.700471 0.815522 0.839455 0.815522
3 0.975191 0.980136 0.975191 0.340613 1.000000 0.308203 1.000000 1.000000
3 0.975191 0.340613 0.662290 0.340613 0.703864 0.308203 1.000000 0.308203
2 0.813321 0.340613 0.736205 0.340613 0.736205 0.308203 0.813321 0.308203
1 0.937300 0.340613 0.818484 0.340613 0.818484 0.308203 0.937300 0.308203
3 0.662290 0.340613 0.662290 0.212864 0.703864 0.182544 0.703864 0.308203
3 0.662290 0.212864 0.065504 0.212864 0.047134 0.182544 0.703864 0.182544
1 0.260730 0.212864 0.113634 0.212864 0.113634 0.182544 0.260730 0.182544
1 0.596738 0.212864 0.359261 0.212864 0.359261 0.182544 0.596738 0.182544
3 0.065504 0.212864 0.065504 0.755855 0.047134 0.803091 0.047134 0.182544
3 0.065504 0.755855 0.161628 0.755855 0.143258 0.803091 0.047134 0.803091
3 0.161628 0.755855 0.161628 0.980136 0.143258 1.000000 0.143258 0.803091
3 0.161628 0.980136 0.690802 0.980136 0.700471 1.000000 0.143258 1.000000
2 0.313664 0.980136 0.403049 0.980136 0.403049 1.000000 0.313664 1.000000
3 0.690802 0.973998 0.849123 0.973998 0.849123 1.000000 0.690802 1.000000
3 0.849123 0.980136 0.975191 0.980136 1.000000 1.000000 0.839455 1.000000
3 1.000000 0.308203 1.000000 0.041998 0.978729 0.041998 0.978729 0.308203
3 0.662290 0.340613 0.662290 0.815522 0.672925 0.804021 0.672925 0.340613
2 0.662290 0.538610 0.662290 0.666214 0.672925 0.666214 0.672925 0.538610
3 0.662290 0.815522 0.839455 0.815522 0.839455 0.804021 0.672925 0.804021
3 0.849123 0.980136 0.849123 0.751809 0.839455 0.741354 0.839455 1.000000
3 0.839455 0.741354 0.975191 0.741354 0.975191 0.751809 0.849123 0.751809
2 0.883756 0.741354 0.942018 0.741354 0.942018 0.751809 0.883756 0.751809
3 0.690802 0.980136 0.690802 0.804021 0.700471 0.804021 0.700471 1.000000
2 0.690802 0.883333 0.690802 0.820969 0.700471 0.820969 0.700471 0.883333
3 0.662290 0.751547 0.514382 0.751547 0.514382 0.741092 0.662290 0.741092
3 0.527918 0.751547 0.527918 0.955702 0.514382 0.955702 0.514382 0.741092
2 0.527918 0.824617 0.527918 0.909230 0.514382 0.909230 0.514382 0.824617
3 0.594079 0.955702 0.594079 0.980136 0.514382 0.980136 0.514382 0.955702
3 0.514382 0.741092 0.396040 0.741092 0.396040 0.751547 0.514382 0.751547
3 0.307138 0.980136 0.307138 0.687071 0.297470 0.687071 0.297470 0.980136
2 0.307138 0.916893 0.307138 0.833002 0.297470 0.833002 0.297470 0.916893
3 0.297470 0.755813 0.161628 0.755813 0.161628 0.767313 0.297470 0.767313
3 0.307138 0.602867 0.307138 0.464673 0.296503 0.464673 0.296503 0.602867
