0 0.483353 0.659782 0.997950 0.659782 0.997950 0.857948 0.483353 0.857948 0.483353 0.658287 0.483353 0.659782
0 0.787986 0.441974 0.727139 0.441974 0.727139 0.448314 0.781708 0.448314 0.781708 0.648866 0.483309 0.648866 0.483309 0.342139 0.481173 0.342139 0.481173 0.244352 0.485411 0.244352 0.485411 0.153012 0.787986 0.153012
0 0.987028 0.648866 0.788159 0.648866 0.788159 0.441974 0.787986 0.441974 0.787986 0.153012 0.987028 0.153012
0 0.474168 0.244352 0.481173 0.244352 0.481173 0.342139 0.408539 0.342139 0.408539 0.385966 0.226741 0.385966 0.226741 0.153012 0.474168 0.153012
0 0.472067 0.648866 0.471661 0.649088 0.226741 0.649088 0.226741 0.401762 0.472067 0.401762
0 0.471661 0.846630 0.226741 0.846630 0.226741 0.662445 0.471661 0.662445
3 0.226741 0.153012 0.987028 0.153012 1.000000 0.139655 0.213769 0.139655
3 0.987028 0.153012 0.987028 0.648866 1.000000 0.662222 1.000000 0.139655
1 0.987028 0.451422 0.987028 0.638474 1.000000 0.638474 1.000000 0.451422
3 0.987028 0.648866 0.471661 0.648866 0.484633 0.662222 1.000000 0.662222
2 0.715144 0.648866 0.636707 0.648866 0.636707 0.662222 0.715144 0.662222
1 0.982713 0.648866 0.795891 0.648866 0.795891 0.662222 0.982713 0.662222
3 0.471661 0.648866 0.471661 0.846630 0.484633 0.859987 0.484633 0.662222
2 0.471661 0.713867 0.471661 0.798494 0.484633 0.798494 0.484633 0.713867
3 0.471661 0.846630 0.226741 0.846630 0.213769 0.859987 0.484633 0.859987
3 0.226741 0.846630 0.226741 0.153012 0.213769 0.139655 0.213769 0.859987
1 0.226741 0.689719 0.226741 0.566848 0.213769 0.566848 0.213769 0.689719
1 0.226741 0.334820 0.226741 0.210480 0.213769 0.210480 0.213769 0.334820
3 0.484633 0.649088 0.226741 0.649088 0.226741 0.662445 0.484633 0.662445
2 0.465114 0.649088 0.383719 0.649088 0.383719 0.662445 0.465114 0.662445
3 0.474168 0.139655 0.474168 0.244352 0.485411 0.244352 0.485411 0.139655
3 0.472067 0.662222 0.472067 0.342139 0.483309 0.342139 0.483309 0.662222
3 0.213769 0.401762 0.483309 0.401762 0.483309 0.385966 0.213769 0.385966
3 0.472318 0.401762 0.472318 0.342139 0.408539 0.342139 0.408539 0.401762
3 0.788159 0.662222 0.788159 0.441974 0.781708 0.448314 0.781708 0.662222
3 0.788159 0.441974 0.727139 0.441974 0.727139 0.448314 0.781708 0.448314
