0 0.306226 0.590770 0.225006 0.590770 0.225006 0.537605 0.306226 0.537605
0 0.294339 0.706998 0.225006 0.706357 0.225006 0.598638 0.294339 0.598638
0 0.435533 0.708066 0.376268 0.708066 0.376268 0.537605 0.435533 0.537605
0 0.370874 0.708066 0.363665 0.708066 0.363665 0.708122 0.355936 0.708066 0.299733 0.707560 0.299733 0.598638 0.311620 0.598638 0.311620 0.537605 0.370874 0.537605
0 0.520852 0.529737 0.441467 0.529737 0.441467 0.350976 0.520852 0.350976
0 0.145837 0.949783 0.070242 0.949783 0.070242 0.721621 0.145837 0.721621
0 0.436458 0.359248 0.283979 0.359248 0.283979 0.163245 0.436458 0.163245
0 0.278585 0.381723 0.121455 0.381723 0.122326 0.163245 0.278585 0.163245
0 0.294339 0.722661 0.299591 0.722661 0.363665 0.723296 0.363665 0.949783 0.151231 0.949783 0.151231 0.721621 0.219612 0.721621
0 0.436458 0.529737 0.225214 0.529737 0.225214 0.514271 0.224182 0.514271 0.224182 0.389591 0.283979 0.389591 0.283979 0.367116 0.436458 0.367116
0 0.224182 0.514271 0.219612 0.514271 0.219612 0.710921 0.070242 0.710921 0.070242 0.389591 0.224182 0.389591
0 0.509917 0.608738 0.509917 0.546429 0.445501 0.546429 0.445501 0.608665 0.509917 0.608738 0.509917 0.608738
0 0.410917 0.725488 0.410917 0.778226 0.375401 0.778226 0.375401 0.724639 0.411445 0.724639 0.410917 0.725488
3 0.110448 0.145823 0.448402 0.145823 0.436458 0.163245 0.122326 0.163245
1 0.155569 0.145823 0.202528 0.145823 0.202528 0.163245 0.155569 0.163245
1 0.310313 0.145823 0.325791 0.145823 0.325791 0.163245 0.310313 0.163245
3 0.448402 0.145823 0.448402 0.333554 0.436458 0.350976 0.436458 0.163245
1 0.448402 0.208536 0.448402 0.296490 0.436458 0.296490 0.436458 0.208536
3 0.448402 0.333554 0.532796 0.333554 0.520852 0.350976 0.436458 0.350976
3 0.532796 0.333554 0.532796 0.547159 0.520852 0.529737 0.520852 0.350976
1 0.532796 0.457368 0.532796 0.514035 0.520852 0.514035 0.520852 0.457368
1 0.532796 0.393547 0.532796 0.450579 0.520852 0.450579 0.520852 0.393547
3 0.532796 0.547159 0.447477 0.547159 0.435533 0.529737 0.520852 0.529737
2 0.494144 0.547159 0.459726 0.547159 0.459726 0.529737 0.494144 0.529737
3 0.447477 0.547159 0.447477 0.725488 0.435533 0.708066 0.435533 0.529737
1 0.447477 0.621444 0.447477 0.706672 0.435533 0.706672 0.435533 0.621444
3 0.447477 0.725488 0.375609 0.725488 0.363665 0.708066 0.435533 0.708066
2 0.409453 0.725488 0.379103 0.725488 0.379103 0.708066 0.409453 0.708066
3 0.375609 0.725488 0.375609 0.967205 0.363665 0.949783 0.363665 0.708066
2 0.375609 0.779052 0.375609 0.914568 0.363665 0.914568 0.363665 0.779052
3 0.375609 0.967205 0.058298 0.967205 0.070242 0.949783 0.363665 0.949783
1 0.270590 0.967205 0.231633 0.967205 0.231633 0.949783 0.270590 0.949783
1 0.313484 0.967205 0.275179 0.967205 0.275179 0.949783 0.313484 0.949783
3 0.058298 0.967205 0.058298 0.372169 0.070242 0.389591 0.070242 0.949783
2 0.058298 0.914337 0.058298 0.861779 0.070242 0.861779 0.070242 0.914337
1 0.058298 0.577018 0.058298 0.519649 0.070242 0.519649 0.070242 0.577018
1 0.058298 0.514153 0.058298 0.457863 0.070242 0.457863 0.070242 0.514153
1 0.058298 0.853782 0.058298 0.796868 0.070242 0.796868 0.070242 0.853782
1 0.058298 0.452529 0.058298 0.394935 0.070242 0.394935 0.070242 0.452529
3 0.058298 0.372169 0.109577 0.372169 0.121455 0.389591 0.070242 0.389591
2 0.076265 0.372169 0.108772 0.372169 0.108772 0.389591 0.076265 0.389591
3 0.109577 0.372169 0.110448 0.145823 0.122326 0.163245 0.121455 0.389591
1 0.109677 0.346626 0.109769 0.322713 0.121713 0.322808 0.121621 0.346721
1 0.109789 0.317486 0.110001 0.261853 0.121945 0.261955 0.121733 0.317587
1 0.110024 0.255756 0.110112 0.232787 0.122056 0.232888 0.121972 0.255851
3 0.436458 0.350976 0.436458 0.529737 0.441467 0.529737 0.441467 0.350976
2 0.436458 0.456435 0.436458 0.510140 0.441467 0.510140 0.441467 0.456435
3 0.435533 0.529737 0.225214 0.529737 0.219612 0.537605 0.435533 0.537605
2 0.409214 0.529737 0.379508 0.529737 0.379508 0.537605 0.409214 0.537605
2 0.348164 0.529737 0.317002 0.529737 0.317002 0.537605 0.348164 0.537605
2 0.275271 0.529737 0.244294 0.529737 0.244294 0.537605 0.275271 0.537605
3 0.219612 0.529737 0.219612 0.598638 0.225006 0.598638 0.225006 0.537605
3 0.219612 0.598638 0.311620 0.598638 0.306226 0.590770 0.225006 0.590770
3 0.311620 0.598638 0.311620 0.529737 0.306226 0.529737 0.306226 0.590770
3 0.219612 0.598638 0.219612 0.710921 0.225006 0.721621 0.225006 0.598638
3 0.219612 0.721621 0.374337 0.723633 0.374430 0.708302 0.225006 0.706357
3 0.299733 0.722661 0.299733 0.590770 0.294339 0.590770 0.294339 0.722661
2 0.299733 0.650691 0.299733 0.604444 0.294339 0.604444 0.294339 0.650691
3 0.376268 0.725488 0.376268 0.529737 0.370874 0.529737 0.370874 0.725488
3 0.121455 0.389591 0.283979 0.389591 0.278585 0.381723 0.121455 0.381723
2 0.223400 0.389591 0.267673 0.389591 0.267673 0.381723 0.223400 0.381723
3 0.283979 0.389591 0.283979 0.145823 0.278585 0.145823 0.278585 0.381723
3 0.278585 0.367116 0.441467 0.367116 0.441467 0.359248 0.278585 0.359248
2 0.288652 0.367116 0.324388 0.367116 0.324388 0.359248 0.288652 0.359248
3 0.225006 0.721621 0.058298 0.721621 0.058298 0.710921 0.219612 0.710921
3 0.145837 0.967205 0.145837 0.710921 0.151231 0.710921 0.151231 0.967205
3 0.219612 0.537605 0.219612 0.514271 0.225214 0.514271 0.225214 0.529737
0 0.612359 0.401741 0.584074 0.401741 0.584074 0.514091 0.612359 0.514091 0.612359 0.401741
0 0.988441 0.712000 0.957633 0.712000 0.957633 0.546305 0.988441 0.546305
0 0.988441 0.539561 0.870770 0.539561 0.870770 0.443931 0.988441 0.443931
0 0.988441 0.363570 0.954220 0.363570 0.954220 0.162261 0.988441 0.162261
0 0.801294 0.363570 0.674533 0.363570 0.674333 0.162261 0.801294 0.162261
0 0.773403 0.585319 0.760472 0.585319 0.760472 0.631510 0.773403 0.631510 0.773403 0.712000 0.623917 0.712000 0.623917 0.546305 0.773403 0.546305
0 0.949596 0.363570 0.805917 0.363570 0.805917 0.162261 0.949596 0.162261
0 0.953010 0.712000 0.778026 0.712000 0.778026 0.546305 0.953010 0.546305
0 0.988441 0.437187 0.866146 0.437187 0.866146 0.539561 0.623917 0.539561 0.623917 0.392985 0.674533 0.392985 0.674533 0.370314 0.988441 0.370314
3 0.662759 0.145401 1.000000 0.145401 0.988441 0.162261 0.674333 0.162261
1 0.708327 0.145401 0.766664 0.145401 0.766664 0.162261 0.708327 0.162261
1 0.862120 0.145401 0.922899 0.145401 0.922899 0.162261 0.862120 0.162261
3 1.000000 0.145401 1.000000 0.728860 0.988441 0.712000 0.988441 0.162261
1 1.000000 0.180009 1.000000 0.239598 0.988441 0.239598 0.988441 0.180009
1 1.000000 0.652321 1.000000 0.710404 0.988441 0.710404 0.988441 0.652321
3 1.000000 0.728860 0.612359 0.728860 0.623917 0.712000 0.988441 0.712000
1 0.919987 0.728860 0.862678 0.728860 0.862678 0.712000 0.919987 0.712000
1 0.746178 0.728860 0.687791 0.728860 0.687791 0.712000 0.746178 0.712000
3 0.612359 0.728860 0.612359 0.376125 0.623917 0.392985 0.623917 0.712000
2 0.612359 0.452394 0.612359 0.399431 0.623917 0.399431 0.623917 0.452394
1 0.612359 0.518194 0.612359 0.454637 0.623917 0.454637 0.623917 0.518194
1 0.612359 0.657491 0.612359 0.600431 0.623917 0.600431 0.623917 0.657491
3 0.612359 0.376125 0.662963 0.376125 0.674533 0.392985 0.623917 0.392985
1 0.628822 0.376125 0.662188 0.376125 0.662188 0.392985 0.628822 0.392985
3 0.662963 0.376125 0.662759 0.145401 0.674333 0.162261 0.674533 0.392985
1 0.662909 0.317486 0.662863 0.263938 0.674421 0.263916 0.674468 0.317463
3 0.662955 0.370314 1.000000 0.370314 1.000000 0.363570 0.662955 0.363570
2 0.763555 0.370314 0.795938 0.370314 0.795938 0.363570 0.763555 0.363570
2 0.811465 0.370314 0.841711 0.370314 0.841711 0.363570 0.811465 0.363570
3 0.805917 0.370314 0.805917 0.145401 0.801294 0.145401 0.801294 0.370314
3 0.612359 0.546305 1.000000 0.546305 1.000000 0.539561 0.612359 0.539561
2 0.820242 0.546305 0.850345 0.546305 0.850345 0.539561 0.820242 0.539561
2 0.710492 0.546305 0.740811 0.546305 0.740811 0.539561 0.710492 0.539561
3 0.778026 0.728860 0.778026 0.539561 0.773403 0.539561 0.773403 0.728860
3 0.870770 0.546305 0.870770 0.443931 0.866146 0.437187 0.866146 0.546305
2 0.870770 0.503750 0.870770 0.457851 0.866146 0.457851 0.866146 0.503750
3 0.870770 0.443931 1.000000 0.443931 1.000000 0.437187 0.866146 0.437187
3 0.778026 0.585319 0.760472 0.585319 0.774042 0.592063 0.778026 0.592063
3 0.760472 0.585319 0.760472 0.631510 0.774042 0.624766 0.774042 0.592063
3 0.760472 0.631510 0.778026 0.631510 0.778026 0.624766 0.774042 0.624766
3 0.954220 0.370314 0.954220 0.145401 0.949596 0.145401 0.949596 0.370314
2 0.954220 0.218697 0.954220 0.171691 0.949596 0.171691 0.949596 0.218697
3 0.957633 0.728860 0.957633 0.539561 0.953010 0.539561 0.953010 0.728860
2 0.957633 0.702946 0.957633 0.663308 0.953010 0.663308 0.953010 0.702946
