0 0.807122 0.708363 0.682303 0.708363 0.682303 0.616857 0.807122 0.616857
0 0.807122 0.616857 0.682303 0.616857 0.682303 0.528957 0.807122 0.528957
0 0.458039 0.664241 0.458196 0.664241 0.369515 0.708363 0.211112 0.708363 0.211112 0.456030 0.458039 0.456030
0 0.673005 0.708363 0.553085 0.708363 0.553085 0.714017 0.591705 0.714017 0.591705 0.798613 0.451810 0.798613 0.451810 0.757648 0.371067 0.708363 0.369515 0.708363 0.458196 0.664241 0.673005 0.664241
0 0.453247 0.442983 0.453247 0.341508 0.256096 0.341508 0.256096 0.419241 0.381809 0.419241 0.381809 0.442983 0.453247 0.442983
0 0.935002 0.661197 0.934601 0.738751 0.828277 0.738751 0.828577 0.661197 0.935002 0.661197
0 0.437821 0.867512 0.437821 0.924225 0.561682 0.924225 0.561682 0.867512 0.437821 0.867512
0 0.442513 0.759983 0.442513 0.854464 0.211112 0.854464 0.211112 0.714017 0.367205 0.714017
0 0.673005 0.604201 0.467336 0.604201 0.467336 0.456030 0.673005 0.456030
0 0.807122 0.854464 0.601002 0.854464 0.601002 0.714017 0.807122 0.714017
0 0.262540 0.993476 0.135125 0.993476 0.135125 0.915435 0.262540 0.915435
0 0.807122 0.523303 0.682303 0.523303 0.682303 0.456030 0.807122 0.456030
0 0.591705 0.854464 0.451810 0.854464 0.451810 0.804266 0.591705 0.804266
0 0.925704 0.655543 0.828577 0.655543 0.828577 0.579063 0.925704 0.579063
0 0.673005 0.658587 0.569820 0.658587 0.569820 0.609855 0.673005 0.609855
0 0.560523 0.658587 0.467336 0.658587 0.467336 0.609855 0.560523 0.609855
3 0.211112 0.854464 0.211112 0.456030 0.196093 0.442983 0.196093 0.867512
3 0.211112 0.456030 0.807122 0.456030 0.828577 0.442983 0.196093 0.442983
2 0.385149 0.456030 0.446031 0.456030 0.446031 0.442983 0.385149 0.442983
1 0.483535 0.456030 0.601095 0.456030 0.601095 0.442983 0.483535 0.442983
1 0.250718 0.456030 0.377918 0.456030 0.377918 0.442983 0.250718 0.442983
3 0.807122 0.456030 0.807122 0.854464 0.828577 0.867512 0.828577 0.442983
2 0.807122 0.668151 0.807122 0.702048 0.828577 0.702048 0.828577 0.668151
1 0.807122 0.536507 0.807122 0.559244 0.828577 0.559244 0.828577 0.536507
1 0.807122 0.497360 0.807122 0.520567 0.828577 0.520567 0.828577 0.497360
3 0.807122 0.854464 0.211112 0.854464 0.196093 0.867512 0.828577 0.867512
2 0.524092 0.854464 0.459848 0.854464 0.459848 0.867512 0.524092 0.867512
1 0.407598 0.854464 0.278860 0.854464 0.278860 0.867512 0.407598 0.867512
1 0.547521 0.854464 0.526317 0.854464 0.526317 0.867512 0.547521 0.867512
1 0.740246 0.854464 0.611122 0.854464 0.611122 0.867512 0.740246 0.867512
3 0.196093 0.867512 0.196093 0.915435 0.206821 0.908911 0.206821 0.867512
3 0.196093 0.908911 0.124397 0.908911 0.135125 0.915435 0.196093 0.915435
3 0.135125 0.915435 0.135125 0.993476 0.124397 1.000000 0.124397 0.908911
3 0.135125 0.993476 0.262540 0.993476 0.273267 1.000000 0.124397 1.000000
3 0.262540 0.993476 0.262540 0.915435 0.273267 0.908911 0.273267 1.000000
2 0.262540 0.969373 0.262540 0.937933 0.273267 0.937933 0.273267 0.969373
3 0.273267 0.908911 0.206821 0.908911 0.196093 0.915435 0.262540 0.915435
3 0.451810 0.854464 0.451810 0.757648 0.442513 0.759983 0.442513 0.854464
3 0.451810 0.757648 0.371067 0.708363 0.367205 0.714017 0.442513 0.759983
2 0.442177 0.751772 0.399946 0.725991 0.393359 0.729979 0.435590 0.755760
3 0.371067 0.708363 0.211112 0.708363 0.211112 0.714017 0.367205 0.714017
3 0.451810 0.804266 0.591705 0.804266 0.601002 0.798613 0.451810 0.798613
2 0.460027 0.804266 0.522912 0.804266 0.522912 0.798613 0.460027 0.798613
1 0.526317 0.804266 0.548673 0.804266 0.548673 0.798613 0.526317 0.798613
3 0.591705 0.798613 0.591705 0.854464 0.601002 0.854464 0.601002 0.798613
3 0.601002 0.798613 0.601002 0.708363 0.591705 0.714017 0.591705 0.798613
3 0.601002 0.714017 0.807122 0.714017 0.807122 0.708363 0.591705 0.708363
2 0.606187 0.714017 0.665668 0.714017 0.665668 0.708363 0.606187 0.708363
3 0.601002 0.708363 0.553085 0.708363 0.553085 0.714017 0.591705 0.714017
3 0.682303 0.708363 0.682303 0.456030 0.673005 0.456030 0.673005 0.708363
2 0.682303 0.701431 0.682303 0.670839 0.673005 0.670839 0.673005 0.701431
3 0.682303 0.528957 0.807122 0.528957 0.807122 0.523303 0.682303 0.523303
2 0.756895 0.528957 0.800370 0.528957 0.800370 0.523303 0.756895 0.523303
3 0.673005 0.664241 0.458039 0.664241 0.467336 0.658587 0.673005 0.658587
2 0.625561 0.664241 0.581034 0.664241 0.581034 0.658587 0.625561 0.658587
3 0.467336 0.658587 0.467336 0.456030 0.458039 0.456030 0.458039 0.664241
2 0.467336 0.598695 0.467336 0.564267 0.458039 0.564267 0.458039 0.598695
3 0.467336 0.609855 0.673005 0.609855 0.673005 0.604201 0.467336 0.604201
2 0.493605 0.609855 0.537995 0.609855 0.537995 0.604201 0.493605 0.604201
3 0.569820 0.658587 0.569820 0.609855 0.560523 0.609855 0.560523 0.658587
3 0.828577 0.579063 0.925704 0.579063 0.935002 0.573409 0.828577 0.573409
3 0.925704 0.579063 0.925704 0.655543 0.935002 0.661197 0.935002 0.573409
3 0.925704 0.655543 0.828577 0.655543 0.828577 0.661197 0.935002 0.661197
2 0.902569 0.655543 0.851248 0.655543 0.851248 0.661197 0.902569 0.661197
