0 0.635313 0.037848 0.816740 0.037848 0.816740 0.061156 0.635313 0.061156 0.635313 0.037848 0.635313 0.037848
0 0.617734 0.599385 0.124105 0.599385 0.124105 0.132178 0.617734 0.132178
0 0.907169 0.599385 0.617734 0.599385 0.617734 0.132178 0.907169 0.132178
0 0.907169 0.851900 0.617252 0.851900 0.617252 0.599385 0.907169 0.599385
0 0.593123 0.851900 0.124105 0.851900 0.124105 0.617464 0.593123 0.617464
3 0.089636 0.061156 0.089636 0.877726 0.124105 0.851900 0.124105 0.132178
3 0.089636 0.877726 0.941638 0.877726 0.907169 0.851900 0.124105 0.851900
2 0.639760 0.877726 0.802970 0.877726 0.802970 0.851900 0.639760 0.851900
3 0.941638 0.877726 0.941638 0.061156 0.907169 0.132178 0.907169 0.851900
3 0.941638 0.061156 0.089636 0.061156 0.124105 0.132178 0.907169 0.132178
2 0.790406 0.061156 0.641707 0.061156 0.641707 0.132178 0.790406 0.132178
1 0.601844 0.061156 0.282111 0.061156 0.282111 0.132178 0.601844 0.132178
3 0.124105 0.617464 0.593123 0.617464 0.617252 0.599385 0.124105 0.599385
3 0.593123 0.617464 0.593123 0.851900 0.617252 0.851900 0.617252 0.599385
2 0.593123 0.636188 0.593123 0.752689 0.617252 0.752689 0.617252 0.636188
