0 0.052926 0.254348 0.052926 0.145326 0.464683 0.145617 0.464683 0.254383 0.053723 0.254383 0.052926 0.254348
0 0.057517 0.920136 0.057517 1.000000 0.450430 0.999953 0.450430 0.919970 0.057517 0.920136 0.057517 0.920136
0 0.745553 0.643221 1.000000 0.643221 0.999487 0.919953 0.745427 0.920136 0.745553 0.643221 0.745553 0.643221
0 0.483708 0.635830 0.356796 0.635830 0.356796 0.601210 0.346542 0.601210 0.346542 0.635830 0.058881 0.635830 0.059670 0.457948 0.483708 0.457948
0 0.483708 0.457948 0.059670 0.457948 0.059914 0.275107 0.483708 0.275107
0 0.483708 0.896412 0.356796 0.896412 0.356796 0.635830 0.483708 0.635830
0 0.717032 0.456394 0.580497 0.456394 0.580497 0.489674 0.495540 0.489674 0.495540 0.275107 0.717032 0.275107
0 0.346542 0.896412 0.058092 0.896412 0.058881 0.744733 0.346542 0.744733
0 0.717032 0.896412 0.495540 0.896412 0.495540 0.744834 0.717032 0.744834
0 0.985290 0.633280 0.745427 0.633280 0.745427 0.517835 0.985290 0.517835
0 0.717032 0.737123 0.495540 0.737123 0.495540 0.646773 0.717032 0.646773
0 0.580497 0.535534 0.632532 0.575326 0.632532 0.639063 0.495540 0.639063 0.495540 0.498571 0.580497 0.498571
0 0.346542 0.737023 0.204976 0.737023 0.204976 0.643541 0.346542 0.643541
0 0.717032 0.568808 0.638652 0.568808 0.590751 0.532367 0.590751 0.464104 0.717032 0.464104
0 0.193933 0.737023 0.058881 0.737023 0.058881 0.643541 0.193933 0.643541
0 0.717032 0.639063 0.642786 0.639063 0.642786 0.576518 0.717032 0.576518
3 0.038681 0.254348 0.745427 0.254348 0.717032 0.275107 0.059914 0.275107
2 0.361513 0.254348 0.428116 0.254348 0.428116 0.275107 0.361513 0.275107
1 0.117107 0.254348 0.226099 0.254348 0.226099 0.275107 0.117107 0.275107
1 0.236834 0.254348 0.349406 0.254348 0.349406 0.275107 0.236834 0.275107
1 0.508467 0.254348 0.640616 0.254348 0.640616 0.275107 0.508467 0.275107
3 0.745427 0.254348 0.745427 0.920136 0.717032 0.896412 0.717032 0.275107
3 0.745427 0.920136 0.036725 0.920136 0.058092 0.896412 0.717032 0.896412
2 0.434016 0.920136 0.364763 0.920136 0.364763 0.896412 0.434016 0.896412
1 0.678240 0.920136 0.547472 0.920136 0.547472 0.896412 0.678240 0.896412
1 0.318092 0.920136 0.186992 0.920136 0.186992 0.896412 0.318092 0.896412
3 0.036725 0.920136 0.038681 0.254348 0.059914 0.275107 0.058092 0.896412
3 0.495540 0.920136 0.495540 0.254348 0.483708 0.254348 0.483708 0.920136
2 0.495540 0.792165 0.495540 0.747135 0.483708 0.747135 0.483708 0.792165
2 0.495540 0.701323 0.495540 0.649021 0.483708 0.649021 0.483708 0.701323
2 0.495540 0.449686 0.495540 0.396945 0.483708 0.396945 0.483708 0.449686
3 0.483708 0.498571 0.580497 0.498571 0.590751 0.489674 0.483708 0.489674
3 0.590751 0.498571 0.590751 0.464104 0.580497 0.456394 0.580497 0.498571
3 0.580497 0.456394 0.745427 0.456394 0.745427 0.464104 0.590751 0.464104
3 0.590751 0.489674 0.590751 0.532367 0.580497 0.535534 0.580497 0.498571
3 0.590751 0.532367 0.638652 0.568808 0.634369 0.576518 0.580497 0.535534
2 0.592975 0.534057 0.634346 0.565528 0.627050 0.570949 0.585687 0.539478
3 0.638652 0.568808 0.745427 0.568808 0.745427 0.576518 0.634369 0.576518
3 0.642786 0.568808 0.642786 0.646773 0.632532 0.639063 0.632532 0.568808
3 0.632532 0.646773 0.745427 0.646773 0.745427 0.639063 0.632532 0.639063
2 0.651123 0.646773 0.714011 0.646773 0.714011 0.639063 0.651123 0.639063
3 0.642786 0.646773 0.483708 0.646773 0.483708 0.639063 0.632532 0.639063
2 0.592407 0.646773 0.536618 0.646773 0.536618 0.639063 0.592407 0.639063
3 0.483708 0.744834 0.745427 0.744834 0.745427 0.737123 0.483708 0.737123
3 0.356796 0.920136 0.356796 0.601210 0.346542 0.601210 0.346542 0.920136
2 0.356796 0.797337 0.356796 0.747758 0.346542 0.747758 0.346542 0.797337
2 0.356796 0.735237 0.356796 0.688025 0.346542 0.688025 0.346542 0.735237
3 0.037537 0.643541 0.356796 0.643541 0.356796 0.635830 0.037537 0.635830
3 0.037237 0.744733 0.356796 0.744733 0.356796 0.737023 0.037237 0.737023
2 0.134168 0.744733 0.187047 0.744733 0.187047 0.737023 0.134168 0.737023
3 0.204976 0.744733 0.204976 0.635830 0.193933 0.635830 0.193933 0.744733
3 0.717032 0.507159 0.999487 0.507159 0.985290 0.517835 0.717032 0.517835
3 0.999487 0.507159 0.999487 0.643956 0.985290 0.633280 0.985290 0.517835
3 0.999487 0.643956 0.717032 0.643956 0.717032 0.633280 0.985290 0.633280
2 0.909805 0.643956 0.839755 0.643956 0.839755 0.633280 0.909805 0.633280
3 0.297008 0.537616 0.354635 0.537616 0.346748 0.531684 0.297008 0.531684
3 0.354635 0.537616 0.354635 0.457948 0.346748 0.463879 0.346748 0.531684
3 0.354635 0.457948 0.297458 0.457948 0.297458 0.463879 0.346748 0.463879
