0 0.177062 0.801315 0.082725 0.801315 0.082725 0.704639 0.177062 0.704639
0 0.177062 0.700343 0.081487 0.700343 0.081487 0.547804 0.177062 0.547804
0 0.242416 0.541053 0.081487 0.541053 0.081487 0.322304 0.242416 0.322304
0 0.461094 0.541053 0.247088 0.541053 0.247088 0.322304 0.461094 0.322304
0 0.461094 0.804948 0.181734 0.804948 0.181734 0.547804 0.461094 0.547804
0 0.405681 0.600708 0.405681 0.635581 0.385647 0.635581 0.385647 0.609914 0.313062 0.609914 0.313062 0.600708
0 0.080260 0.306065 0.080260 0.038316 0.463191 0.038316 0.463191 0.306065 0.080260 0.306065 0.080260 0.306065
3 0.081487 0.322304 0.461094 0.322304 0.472776 0.306065 0.068637 0.306065
2 0.251674 0.322304 0.297490 0.322304 0.297490 0.306065 0.251674 0.306065
1 0.101690 0.322304 0.183393 0.322304 0.183393 0.306065 0.101690 0.306065
1 0.314703 0.322304 0.398450 0.322304 0.398450 0.306065 0.314703 0.306065
3 0.472776 0.306065 0.472776 0.823360 0.461094 0.804948 0.461094 0.322304
3 0.068637 0.547804 0.472776 0.547804 0.472776 0.541053 0.068637 0.541053
2 0.251644 0.547804 0.297671 0.547804 0.297671 0.541053 0.251644 0.541053
2 0.193907 0.547804 0.238812 0.547804 0.238812 0.541053 0.193907 0.541053
3 0.247088 0.547804 0.247088 0.306065 0.242416 0.306065 0.242416 0.547804
3 0.181734 0.804948 0.181734 0.541053 0.177062 0.541053 0.177062 0.823360
2 0.181734 0.684048 0.181734 0.644431 0.177062 0.644431 0.177062 0.684048
3 0.068637 0.700343 0.181734 0.700343 0.181734 0.704639 0.081487 0.704639
2 0.137898 0.700343 0.173388 0.700343 0.173388 0.704639 0.137898 0.704639
3 0.082725 0.801315 0.082725 0.700343 0.068637 0.700343 0.068637 0.823360
3 0.081487 0.700343 0.081487 0.322304 0.068637 0.306065 0.068637 0.700343
3 0.461094 0.804948 0.181734 0.804948 0.181734 0.823360 0.472776 0.823360
3 0.181734 0.801315 0.082725 0.801315 0.068637 0.823360 0.181734 0.823360
3 0.405681 0.635581 0.405681 0.600708 0.385647 0.609914 0.385647 0.635581
3 0.405681 0.600708 0.313062 0.600708 0.313062 0.609914 0.385647 0.609914
0 0.908029 0.306200 0.908029 0.218307 0.521927 0.218307 0.521927 0.306200 0.908029 0.306200 0.908029 0.306200
0 0.653634 0.599714 0.621059 0.599714 0.621059 0.604937 0.615253 0.604937 0.615253 0.642240 0.524894 0.642240 0.524894 0.461531 0.653634 0.461531
0 0.653634 0.600113 0.719683 0.600113 0.719683 0.765828 0.621094 0.765828 0.621094 0.604937 0.621059 0.599714 0.653634 0.599714
0 0.653634 0.461531 0.524894 0.461531 0.524894 0.319825 0.653634 0.319825
0 0.906762 0.600113 0.653634 0.600113 0.653634 0.319825 0.906762 0.319825
0 0.906762 0.808373 0.725524 0.808373 0.725524 0.606864 0.906762 0.606864
0 0.598636 0.996931 0.516717 0.996931 0.516717 0.823716 0.598636 0.823716
0 0.615253 0.808373 0.524894 0.808373 0.524894 0.715017 0.615253 0.715017
0 0.615253 0.710721 0.524894 0.710721 0.524894 0.648377 0.615253 0.648377
0 0.719683 0.808373 0.621094 0.808373 0.621094 0.770125 0.719683 0.770125
3 0.513796 0.306200 0.916107 0.306200 0.906762 0.319825 0.524894 0.319825
2 0.658353 0.306200 0.705805 0.306200 0.705805 0.319825 0.658353 0.319825
1 0.541920 0.306200 0.622467 0.306200 0.622467 0.319825 0.541920 0.319825
1 0.707890 0.306200 0.841203 0.306200 0.841203 0.319825 0.707890 0.319825
3 0.916107 0.306200 0.916107 0.823716 0.906762 0.808373 0.906762 0.319825
3 0.906762 0.808373 0.513796 0.808373 0.516717 0.823716 0.916107 0.823716
2 0.677360 0.808373 0.625948 0.808373 0.625948 0.823716 0.677360 0.823716
1 0.855911 0.808373 0.770534 0.808373 0.770534 0.823716 0.855911 0.823716
1 0.690689 0.808373 0.679445 0.808373 0.679445 0.823716 0.690689 0.823716
3 0.524894 0.808373 0.524894 0.319825 0.513796 0.306200 0.513796 0.808373
3 0.725524 0.823716 0.725524 0.606840 0.719683 0.606840 0.719683 0.823716
2 0.725524 0.692935 0.725524 0.644075 0.719683 0.644075 0.719683 0.692935
3 0.621094 0.823716 0.621094 0.642240 0.615253 0.642240 0.615253 0.823716
2 0.621094 0.754511 0.621094 0.717754 0.615253 0.717754 0.615253 0.754511
2 0.621094 0.708444 0.621094 0.672258 0.615253 0.672258 0.615253 0.708444
3 0.615253 0.642240 0.513796 0.642240 0.513796 0.648377 0.621094 0.648377
3 0.621094 0.648377 0.621094 0.604937 0.615253 0.604937 0.615253 0.642240
3 0.653698 0.461353 0.653698 0.561159 0.644937 0.554408 0.644937 0.461353
3 0.653698 0.561159 0.614097 0.561159 0.614097 0.554408 0.644937 0.554408
3 0.725524 0.770125 0.615253 0.770125 0.615253 0.765828 0.725524 0.765828
2 0.678119 0.770125 0.626193 0.770125 0.626193 0.765828 0.678119 0.765828
3 0.621094 0.715017 0.513796 0.715017 0.513796 0.710721 0.621094 0.710721
3 0.719683 0.606864 0.916107 0.606864 0.916107 0.600113 0.719683 0.600113
2 0.601556 0.944641 0.601556 0.899912 0.598636 0.899912 0.598636 0.944641
