0 0.255644 0.398532 0.201280 0.398532 0.201280 0.240047 0.255644 0.240047
0 0.451575 0.398532 0.261945 0.398532 0.261945 0.240047 0.451575 0.240047
0 0.556742 0.398532 0.451575 0.398532 0.451575 0.240047 0.556742 0.240047
0 0.201280 0.840783 0.201280 0.965870 0.406266 0.965381 0.406266 0.840783 0.201280 0.840783
0 0.556742 0.555552 0.411880 0.555552 0.353011 0.619359 0.353011 0.713914 0.201280 0.713914 0.201280 0.562734 0.238581 0.562734 0.238581 0.555552 0.201280 0.555552 0.201280 0.404996 0.556742 0.404996
0 0.451550 0.240047 0.451550 0.398532 0.442098 0.398532 0.442098 0.240047
0 0.556742 0.819236 0.359312 0.819236 0.359312 0.622440 0.414394 0.562734 0.556742 0.562734
0 0.353011 0.819236 0.201280 0.819236 0.201280 0.721097 0.353011 0.721097
3 0.201280 0.819236 0.201280 0.240047 0.189309 0.216345 0.189309 0.840783
3 0.556742 0.244953 0.556742 0.819236 0.569974 0.840783 0.569974 0.216345
3 0.556742 0.819236 0.201280 0.819236 0.189309 0.840783 0.569974 0.840783
2 0.343900 0.819236 0.287041 0.819236 0.287041 0.840783 0.343900 0.840783
1 0.284508 0.819236 0.243527 0.819236 0.243527 0.840783 0.284508 0.840783
1 0.484062 0.819236 0.393739 0.819236 0.393739 0.840783 0.484062 0.840783
3 0.442098 0.404996 0.442098 0.240047 0.451550 0.240047 0.451550 0.394898
2 0.442098 0.362118 0.442098 0.312236 0.451550 0.312236 0.451550 0.362118
3 0.359312 0.819236 0.359312 0.622440 0.353011 0.619359 0.353011 0.819236
3 0.359312 0.622440 0.414394 0.562734 0.411880 0.555552 0.353011 0.619359
2 0.372896 0.607717 0.408855 0.568745 0.404514 0.563538 0.368555 0.602509
3 0.414394 0.562734 0.556742 0.562734 0.556742 0.555552 0.411880 0.555552
3 0.201280 0.721097 0.353011 0.721097 0.353011 0.713914 0.201280 0.713914
2 0.288188 0.721097 0.344133 0.721097 0.344133 0.713914 0.288188 0.713914
1 0.250200 0.721097 0.278982 0.721097 0.278982 0.713914 0.250200 0.713914
3 0.201280 0.555552 0.238581 0.555552 0.238581 0.562734 0.201280 0.562734
3 0.261945 0.398532 0.261945 0.240047 0.255644 0.240047 0.255644 0.398532
2 0.261945 0.397483 0.261945 0.241017 0.255644 0.241017 0.255644 0.397483
3 0.201280 0.240047 0.442098 0.240047 0.442098 0.216345 0.189309 0.216345
3 0.442098 0.244953 0.556742 0.244953 0.569974 0.216345 0.442098 0.216345
3 0.201280 0.404996 0.451550 0.404996 0.451550 0.398532 0.201280 0.398532
2 0.329477 0.404996 0.378277 0.404996 0.378277 0.398532 0.329477 0.398532
3 0.442098 0.404996 0.556742 0.404996 0.556742 0.394898 0.451550 0.394898
0 0.822783 0.217294 0.822783 0.092206 0.650064 0.092206 0.650064 0.217294 0.822783 0.217294
0 0.633852 0.847620 0.830224 0.847620 0.830224 0.992099 0.633852 0.992099 0.633852 0.847620
0 0.639126 0.444140 0.710161 0.444140 0.710161 0.402547 0.987398 0.402109 0.987398 0.235968 0.633852 0.235968 0.633852 0.444312 0.639126 0.444140 0.639126 0.444140
0 0.813331 0.410009 0.987398 0.410009 0.987398 0.560967 0.837155 0.560967 0.837155 0.568868 0.717055 0.568868 0.717055 0.402547 0.813331 0.402547
0 0.837155 0.831101 0.633852 0.831101 0.633852 0.568868 0.837155 0.568868
0 0.987398 0.831101 0.844086 0.831101 0.844086 0.568868 0.987398 0.568868
0 0.710124 0.560967 0.633852 0.560967 0.633852 0.452119 0.710124 0.452119
3 0.633852 0.831101 0.633852 0.235968 0.621880 0.217294 0.621880 0.847620
3 0.633852 0.235968 0.987398 0.235968 1.000000 0.217294 0.621880 0.217294
2 0.761916 0.235968 0.810786 0.235968 0.810786 0.217294 0.761916 0.217294
1 0.893377 0.235968 0.927030 0.235968 0.927030 0.217294 0.893377 0.217294
1 0.662382 0.235968 0.752919 0.235968 0.752919 0.217294 0.662382 0.217294
3 0.987398 0.235968 0.987398 0.831101 1.000000 0.847620 1.000000 0.217294
3 0.987398 0.831101 0.633852 0.831101 0.621880 0.847620 1.000000 0.847620
2 0.828768 0.831101 0.782256 0.831101 0.782256 0.847620 0.828768 0.847620
1 0.770889 0.831101 0.666018 0.831101 0.666018 0.847620 0.770889 0.847620
1 0.911316 0.831101 0.845012 0.831101 0.845012 0.847620 0.911316 0.847620
3 0.633852 0.568868 0.717055 0.568868 0.710124 0.560967 0.633852 0.560967
3 0.717055 0.568868 0.717055 0.402109 0.710124 0.402109 0.710124 0.560967
2 0.717055 0.548398 0.717055 0.491658 0.710124 0.491658 0.710124 0.548398
3 0.633852 0.452119 0.710124 0.452119 0.710124 0.444219 0.633852 0.444219
3 0.844086 0.831101 0.844086 0.568868 0.837155 0.560967 0.837155 0.831101
2 0.844086 0.825039 0.844086 0.741502 0.837155 0.741502 0.837155 0.825039
3 0.844086 0.568868 0.987398 0.568868 0.987398 0.560967 0.837155 0.560967
3 0.813331 0.402109 0.987398 0.402109 0.987398 0.410009 0.813331 0.410009
3 1.000000 0.217294 1.000000 0.048818 0.985697 0.048818 0.985697 0.217294
