0 0.749566 0.833504 0.863262 0.834392 0.863262 0.976008 0.649942 0.976008 0.649942 0.832615
0 0.817945 0.525161 0.817945 0.577303 0.874285 0.577303 0.874285 0.819286 0.838975 0.819286 0.652563 0.817509 0.652563 0.523428
0 0.493146 0.457592 0.493146 0.469143 0.370165 0.469143 0.370165 0.457592
0 0.376865 0.668020 0.492546 0.668020 0.376865 0.669113
0 0.253566 0.636919 0.180055 0.636919 0.180043 0.458516 0.493146 0.457592 0.492546 0.659134 0.253566 0.659134
0 0.637694 0.457414 0.637694 0.514542 0.637511 0.523428 0.637694 0.523428 0.637694 0.817331 0.376865 0.817331 0.376865 0.669113 0.492546 0.668020 0.493146 0.457592 0.180043 0.458516 0.180043 0.455850
0 0.504034 0.167856 0.504034 0.094067 0.733166 0.094067 0.733166 0.166861 0.875510 0.166861 0.875510 0.516630 0.652563 0.515475 0.652563 0.457414 0.179969 0.458596 0.178965 0.167856 0.504034 0.167856 0.504034 0.167856
0 0.276298 0.129646 0.276298 0.119267 0.409554 0.119267 0.409554 0.129646 0.276298 0.129646 0.276298 0.129646
3 0.153159 0.129646 0.464841 0.129646 0.504034 0.167856 0.178965 0.167856
2 0.290457 0.129646 0.399989 0.129646 0.399989 0.167856 0.290457 0.167856
3 0.504034 0.167856 0.504034 0.094067 0.464841 0.065632 0.464841 0.129646
1 0.504034 0.128624 0.504034 0.094982 0.464841 0.094982 0.464841 0.128624
3 0.464841 0.065632 0.773584 0.065632 0.733166 0.094067 0.504034 0.094067
1 0.502613 0.065632 0.732027 0.065632 0.732027 0.094067 0.502613 0.094067
3 0.773584 0.065632 0.773584 0.130428 0.733166 0.166861 0.733166 0.094067
1 0.773584 0.094982 0.773584 0.128624 0.733166 0.128624 0.733166 0.094982
3 0.733166 0.166861 0.875510 0.166861 0.896331 0.130428 0.773584 0.130428
3 0.896331 0.130428 0.896331 0.517217 0.875510 0.517217 0.875510 0.166861
3 0.896331 0.517217 0.896331 0.577303 0.817945 0.577303 0.817945 0.517217
3 0.896331 0.577303 0.896331 0.819428 0.874285 0.819428 0.874285 0.577303
3 0.896331 0.819428 0.896331 1.000000 0.863262 0.976008 0.863262 0.819428
3 0.896331 1.000000 0.614424 1.000000 0.649942 0.976008 0.863262 0.976008
3 0.614424 1.000000 0.614424 0.837769 0.649942 0.817331 0.649942 0.976008
3 0.649942 0.817331 0.376865 0.817331 0.352369 0.837769 0.614424 0.837769
2 0.606695 0.817331 0.492386 0.817331 0.492386 0.837769 0.606695 0.837769
3 0.352369 0.837769 0.352369 0.676906 0.376865 0.659134 0.376865 0.817331
3 0.376865 0.659134 0.253566 0.659134 0.253566 0.676906 0.352369 0.676906
3 0.253566 0.676906 0.154433 0.676906 0.180055 0.636919 0.253566 0.636919
3 0.154433 0.676906 0.153159 0.129646 0.178965 0.167856 0.180055 0.636919
3 0.614424 0.817331 0.896331 0.819428 0.896123 0.834534 0.614215 0.832437
2 0.660255 0.817678 0.753448 0.818371 0.753240 0.833468 0.660047 0.832775
3 0.652563 0.832437 0.652563 0.457414 0.637694 0.457414 0.637694 0.832437
2 0.652563 0.757982 0.652563 0.674507 0.637694 0.674507 0.637694 0.757982
3 0.637694 0.514542 0.896331 0.517217 0.896160 0.526103 0.637511 0.523428
3 0.492546 0.659134 0.352369 0.659134 0.352369 0.668020 0.492546 0.668020
3 0.370165 0.457592 0.493146 0.457592 0.493146 0.469143 0.370165 0.469143
