0 0.385611 0.716532 0.340990 0.716532 0.340990 0.685540 0.385611 0.685540
0 0.662719 0.935522 0.528521 0.935522 0.528521 0.772665 0.662719 0.772665
0 0.333718 0.722672 0.385611 0.722672 0.385611 0.851601 0.075513 0.851601 0.075513 0.672088 0.333718 0.672088
0 0.962585 0.978038 0.673179 0.978038 0.673179 0.935522 0.672959 0.935522 0.672959 0.669709 0.962585 0.669709
0 0.962585 0.659479 0.672959 0.659479 0.671739 0.659453 0.671739 0.173651 0.962585 0.173651
0 0.127073 0.518618 0.175989 0.518618 0.175989 0.490013 0.389475 0.490013 0.389475 0.548586 0.385611 0.548586 0.385611 0.605717 0.344821 0.605717 0.344821 0.662979 0.075513 0.662979 0.075513 0.490013 0.127073 0.490013
0 0.386799 0.348241 0.389475 0.348241 0.389475 0.425961 0.387637 0.425961 0.387637 0.480070 0.075513 0.480070 0.075969 0.173651 0.386799 0.173651
0 0.650819 0.256357 0.671682 0.256357 0.671682 0.173651 0.671739 0.173651 0.671739 0.484777 0.415901 0.484777 0.415901 0.479593 0.398211 0.479593 0.398211 0.425961 0.389475 0.425961 0.389475 0.348241 0.397373 0.348241 0.397373 0.173651 0.650819 0.173651
0 0.671739 0.659453 0.646940 0.659453 0.646940 0.686851 0.662719 0.686851 0.662719 0.762869 0.508723 0.762869 0.508723 0.839800 0.490154 0.839800 0.490162 0.866399 0.418634 0.866399 0.418634 0.851601 0.396185 0.851601 0.396185 0.772656 0.403587 0.772656 0.403587 0.764033 0.396185 0.764033 0.396185 0.548586 0.389475 0.548586 0.389475 0.490013 0.415901 0.490013 0.415901 0.484777 0.671739 0.484777
3 0.075969 0.173651 0.962585 0.173651 1.000000 0.135442 0.039001 0.135442
1 0.759575 0.173651 0.864395 0.173651 0.864395 0.135442 0.759575 0.135442
1 0.439562 0.173651 0.599170 0.173651 0.599170 0.135442 0.439562 0.135442
3 0.962585 0.173651 0.962585 0.978290 1.000000 1.000000 1.000000 0.135442
1 0.962585 0.754064 0.962585 0.868517 1.000000 0.868517 1.000000 0.754064
1 0.962585 0.361536 0.962585 0.534484 1.000000 0.534484 1.000000 0.361536
3 0.962585 0.978290 0.673179 0.978290 0.652845 1.000000 1.000000 1.000000
3 0.673179 0.978290 0.673179 0.935522 0.652845 1.000000 0.652845 1.000000
3 0.673179 0.935522 0.528521 0.935522 0.499240 1.000000 0.652845 1.000000
3 0.528521 0.935522 0.528521 0.851601 0.499240 0.878669 0.499240 1.000000
3 0.528521 0.851601 0.490162 0.851601 0.490162 0.878669 0.499240 0.878669
3 0.490162 0.866399 0.418634 0.866399 0.418634 0.878521 0.490162 0.878521
2 0.485835 0.866399 0.422978 0.866399 0.422978 0.878521 0.485835 0.878521
3 0.418634 0.851601 0.075513 0.851601 0.038497 0.878521 0.418634 0.878521
3 0.075513 0.851601 0.075969 0.173651 0.039001 0.135442 0.038497 0.878521
1 0.075814 0.403939 0.075888 0.295434 0.038895 0.295399 0.038822 0.403904
1 0.075660 0.630301 0.075709 0.559085 0.038716 0.559059 0.038668 0.630275
1 0.075522 0.831229 0.075579 0.750686 0.038586 0.750660 0.038529 0.831194
3 0.386799 0.135442 0.386799 0.348241 0.397373 0.348241 0.397373 0.135442
3 0.387637 0.425961 0.387637 0.480070 0.398211 0.490013 0.398211 0.425961
3 0.398211 0.490013 0.038765 0.490013 0.038765 0.480070 0.387637 0.480070
3 0.396185 0.878521 0.396185 0.548586 0.385611 0.548586 0.385611 0.878521
2 0.396185 0.840729 0.396185 0.788027 0.385611 0.788027 0.385611 0.840729
3 0.038643 0.672088 0.396185 0.672088 0.396185 0.662979 0.038643 0.662979
3 0.333718 0.662979 0.333718 0.722672 0.340990 0.716532 0.340990 0.662979
3 0.333718 0.722672 0.396185 0.722672 0.396185 0.716532 0.340990 0.716532
2 0.343918 0.722672 0.381325 0.722672 0.381325 0.716532 0.343918 0.716532
3 0.333718 0.685540 0.396185 0.685540 0.396185 0.671541 0.333718 0.671541
3 0.396185 0.605717 0.344821 0.605717 0.344821 0.664898 0.396185 0.664898
3 0.672959 0.935522 0.672959 0.669709 0.662719 0.659479 0.662719 0.935522
2 0.672959 0.758797 0.672959 0.690854 0.662719 0.690854 0.662719 0.758797
3 0.672959 0.669709 1.000000 0.669709 1.000000 0.659479 0.662719 0.659479
3 0.528521 0.851601 0.528521 0.772665 0.508723 0.762869 0.508723 0.851601
3 0.528521 0.772665 0.672959 0.772665 0.672959 0.762869 0.508723 0.762869
2 0.572223 0.772665 0.618886 0.772665 0.618886 0.762869 0.572223 0.762869
3 0.528521 0.839800 0.490154 0.839800 0.490154 0.852200 0.528521 0.852200
3 0.396185 0.764033 0.403587 0.764033 0.403587 0.772656 0.396185 0.772656
3 0.672959 0.686851 0.646940 0.686851 0.646940 0.659453 0.672959 0.659453
3 0.387637 0.490013 0.415901 0.490013 0.415901 0.479593 0.398211 0.479593
3 0.485371 0.490013 0.561674 0.490013 0.569564 0.479593 0.485371 0.479593
3 0.561674 0.490013 0.561674 0.566727 0.569564 0.577147 0.569564 0.479593
3 0.561674 0.566727 0.513392 0.566727 0.513392 0.577147 0.569564 0.577147
3 0.521745 0.479593 0.521745 0.577147 0.527992 0.577147 0.527992 0.479593
2 0.521745 0.501754 0.521745 0.544088 0.527992 0.544088 0.527992 0.501754
3 0.672488 0.583678 0.672488 0.510238 0.662727 0.519990 0.662727 0.583678
3 0.672488 0.510238 0.562609 0.510238 0.562609 0.519990 0.662727 0.519990
3 0.672496 0.519990 0.672496 0.392937 0.650047 0.392937 0.650047 0.519990
3 0.650819 0.135442 0.650819 0.256357 0.671682 0.256357 0.671682 0.135442
3 0.127073 0.480070 0.127073 0.518618 0.175989 0.518618 0.175989 0.480070
