0 0.978571 0.866425 0.900525 0.866425 0.900525 0.850090 0.900454 0.649769 0.978571 0.649769
0 0.978571 0.640694 0.960496 0.640694 0.960496 0.649769 0.900454 0.649769 0.900384 0.640694 0.900384 0.373009 0.978571 0.373009
0 0.669331 0.383899 0.796679 0.383935 0.796418 0.669226 0.699159 0.670623 0.695928 0.670623 0.695928 0.599221 0.669732 0.599221 0.669331 0.383899 0.669331 0.383899
0 0.401889 0.841533 0.401889 0.999945 0.487831 1.000000 0.487831 0.890020 0.478640 0.890020 0.478485 0.843084 0.401889 0.841533 0.401889 0.841533
0 0.485974 0.462225 0.648262 0.462225 0.648262 0.349414 0.486145 0.349414 0.485974 0.462225 0.485974 0.462225
0 0.465407 0.491265 0.475575 0.491265 0.475575 0.804897 0.473624 0.804897 0.473624 0.645676 0.382324 0.645667 0.216064 0.645667 0.216064 0.498180 0.271696 0.498162 0.399972 0.498162 0.399972 0.488180 0.465407 0.488180
0 0.669331 0.597561 0.675406 0.598087 0.675406 0.858258 0.498205 0.858258 0.498205 0.804897 0.475575 0.804897 0.475575 0.491265 0.669331 0.491265
0 0.465407 0.488180 0.271696 0.488180 0.271696 0.127975 0.465407 0.127975
0 0.266178 0.487272 0.216064 0.487290 0.102722 0.487290 0.123776 0.487209 0.123355 0.127975 0.266178 0.127975
0 0.267874 0.965461 0.123841 0.965461 0.123475 0.655650 0.267874 0.655650
0 0.382324 0.965461 0.273392 0.965461 0.273392 0.655650 0.382324 0.655650
0 0.885475 0.670623 0.802438 0.670623 0.802438 0.383899 0.884974 0.383899
0 0.885475 0.850090 0.777652 0.850090 0.777652 0.680606 0.885475 0.680606
0 0.210044 0.645667 0.102898 0.645667 0.126977 0.645567 0.126801 0.498180 0.210044 0.498180
0 0.771632 0.779006 0.767619 0.779006 0.767619 0.850090 0.682429 0.850090 0.682429 0.703457 0.695928 0.703457 0.695928 0.680606 0.771632 0.680606
0 0.467103 0.655659 0.467103 0.804897 0.387843 0.804897 0.387843 0.655650
3 0.102240 0.090768 0.485974 0.090768 0.465407 0.127975 0.123355 0.127975
1 0.165122 0.090768 0.179459 0.090768 0.179459 0.127975 0.165122 0.127975
1 0.179459 0.090768 0.234514 0.090768 0.234514 0.127975 0.179459 0.127975
1 0.323597 0.090768 0.350119 0.090768 0.350119 0.127975 0.323597 0.127975
1 0.355476 0.090768 0.407587 0.090768 0.407587 0.127975 0.355476 0.127975
1 0.413748 0.090768 0.463581 0.090768 0.463581 0.127975 0.413748 0.127975
3 0.485974 0.090768 0.485974 0.462225 0.465407 0.491265 0.465407 0.127975
1 0.485974 0.128293 0.485974 0.228136 0.465407 0.228136 0.465407 0.128293
3 0.485974 0.462225 0.648262 0.462225 0.669331 0.491265 0.465407 0.491265
2 0.596061 0.462225 0.633970 0.462225 0.633970 0.491265 0.596061 0.491265
1 0.499439 0.462225 0.522183 0.462225 0.522183 0.491265 0.499439 0.491265
1 0.527827 0.462225 0.581061 0.462225 0.581061 0.491265 0.527827 0.491265
3 0.669331 0.491265 0.669331 0.383899 0.648262 0.349414 0.648262 0.462225
3 0.648262 0.349414 0.900209 0.349414 0.900209 0.383899 0.669331 0.383899
1 0.673169 0.349414 0.723378 0.349414 0.723378 0.383899 0.673169 0.383899
1 0.728295 0.349414 0.754079 0.349414 0.754079 0.383899 0.728295 0.383899
1 0.802759 0.349414 0.815140 0.349414 0.815140 0.383899 0.802759 0.383899
1 0.815140 0.349414 0.854830 0.349414 0.854830 0.383899 0.815140 0.383899
3 0.900209 0.349414 0.994122 0.349414 0.978571 0.373009 0.900209 0.373009
2 0.903108 0.349414 0.940024 0.349414 0.940024 0.373009 0.903108 0.373009
3 0.994122 0.349414 0.994122 0.890020 0.978571 0.866425 0.978571 0.373009
1 0.994122 0.486719 0.994122 0.589139 0.978571 0.589139 0.978571 0.486719
3 0.994122 0.890020 0.900525 0.890020 0.900525 0.866425 0.978571 0.866425
2 0.942633 0.890020 0.904347 0.890020 0.904347 0.866425 0.942633 0.866425
3 0.900525 0.890020 0.675406 0.890020 0.675406 0.850090 0.900525 0.850090
1 0.826060 0.890020 0.800170 0.890020 0.800170 0.850090 0.826060 0.850090
1 0.739863 0.890020 0.717675 0.890020 0.717675 0.850090 0.739863 0.850090
3 0.675406 0.890020 0.478640 0.890020 0.498205 0.858258 0.675406 0.858258
1 0.564056 0.890020 0.499479 0.890020 0.499479 0.858258 0.564056 0.858258
1 0.579135 0.890020 0.563203 0.890020 0.563203 0.858258 0.579135 0.858258
3 0.478640 0.890020 0.478640 0.841533 0.498205 0.804897 0.498205 0.858258
3 0.478640 0.841533 0.401889 0.841533 0.382324 0.804897 0.498205 0.804897
2 0.445883 0.841533 0.404437 0.841533 0.404437 0.804897 0.445883 0.804897
1 0.463064 0.841533 0.450047 0.841533 0.450047 0.804897 0.463064 0.804897
3 0.401889 0.841533 0.401889 0.999945 0.382324 0.965461 0.382324 0.804897
3 0.401889 0.999945 0.103314 0.999945 0.123841 0.965461 0.382324 0.965461
1 0.338501 0.999945 0.283440 0.999945 0.283440 0.965461 0.338501 0.965461
1 0.352211 0.999945 0.338501 0.999945 0.338501 0.965461 0.352211 0.965461
1 0.223393 0.999945 0.167454 0.999945 0.167454 0.965461 0.223393 0.965461
1 0.237218 0.999945 0.223393 0.999945 0.223393 0.965461 0.237218 0.965461
3 0.467103 0.841533 0.467103 0.655659 0.473624 0.645676 0.473624 0.841533
3 0.473624 0.645676 0.102898 0.645667 0.102908 0.655650 0.467103 0.655659
2 0.447132 0.645676 0.404146 0.645667 0.404146 0.655650 0.447132 0.655659
2 0.351293 0.645667 0.313328 0.645667 0.313328 0.655650 0.351293 0.655650
2 0.264578 0.645667 0.224908 0.645667 0.224903 0.655650 0.264573 0.655650
1 0.465397 0.645676 0.450047 0.645676 0.450047 0.655659 0.465397 0.655659
3 0.382324 0.806140 0.382324 0.645667 0.387843 0.645667 0.387843 0.806140
3 0.273392 0.999945 0.273392 0.645667 0.267874 0.645667 0.267874 0.999945
3 0.900525 0.890020 0.900209 0.349414 0.885159 0.349441 0.885475 0.890047
3 0.675406 0.890020 0.675406 0.703457 0.682429 0.703457 0.682429 0.890020
3 0.777652 0.890020 0.777652 0.779006 0.767619 0.779006 0.767619 0.890020
3 0.777652 0.779006 0.777652 0.680606 0.771632 0.670623 0.771632 0.779006
2 0.777652 0.773026 0.777652 0.709954 0.771632 0.709954 0.771632 0.773026
3 0.777652 0.670623 0.675406 0.670623 0.675406 0.680606 0.771632 0.680606
3 0.771632 0.670623 0.900394 0.670614 0.900394 0.680597 0.777652 0.680606
2 0.822057 0.670623 0.854509 0.670623 0.854509 0.680606 0.822057 0.680606
3 0.802438 0.680606 0.802438 0.349414 0.796418 0.349414 0.796418 0.680606
2 0.802438 0.632100 0.802438 0.561025 0.796418 0.561025 0.796418 0.632100
3 0.271696 0.090768 0.271696 0.488180 0.266178 0.498162 0.266178 0.090768
3 0.266178 0.487272 0.102707 0.487290 0.102722 0.498180 0.271696 0.498162
2 0.262627 0.487272 0.224707 0.487272 0.224707 0.498162 0.262627 0.498162
3 0.103314 0.999945 0.102898 0.645667 0.123475 0.655650 0.123841 0.965461
3 0.102898 0.645667 0.102707 0.487290 0.126801 0.498180 0.126977 0.645567
1 0.102807 0.569555 0.102752 0.521794 0.126831 0.521703 0.126886 0.569464
3 0.102707 0.487290 0.102240 0.090768 0.123355 0.127975 0.123776 0.487209
3 0.216064 0.655650 0.216064 0.487272 0.210044 0.487272 0.210044 0.655650
2 0.216064 0.598287 0.216064 0.534018 0.210044 0.534018 0.210044 0.598287
3 0.266178 0.498162 0.399972 0.498162 0.399972 0.488180 0.271696 0.488180
3 0.675406 0.703457 0.675406 0.597479 0.695928 0.597479 0.695928 0.703457
3 0.900384 0.649760 0.994122 0.649769 0.994122 0.640694 0.900384 0.640685
