0 0.381600 0.260781 0.486122 0.260781 0.485595 0.866899 0.368274 0.866899 0.368274 0.665078 0.368506 0.483815 0.368274 0.483815 0.368274 0.260138 0.381600 0.260138
0 0.838002 0.531577 0.486253 0.531577 0.486253 0.866899 0.485595 0.866899 0.486122 0.260781 0.596454 0.260781 0.600664 0.260138 0.610727 0.258653 0.619290 0.253621 0.625168 0.246661 0.631716 0.236215 0.636947 0.219706 0.636947 0.076505 0.838002 0.076505
0 0.316439 0.237167 0.381600 0.237167 0.381600 0.260138 0.368274 0.260138 0.368274 0.483815 0.232269 0.483815 0.222091 0.488865 0.212449 0.496729 0.205860 0.506217 0.200518 0.518967 0.200018 0.518736 0.198886 0.523053 0.198886 0.526606 0.099827 0.526606 0.099827 0.310119 0.257300 0.310119 0.303303 0.227357
0 0.628526 0.204313 0.624711 0.209205 0.616816 0.218863 0.589449 0.252208 0.583707 0.252899 0.509858 0.252899 0.509858 0.210072 0.486306 0.210072 0.486306 0.252899 0.459191 0.252899 0.459191 0.210072 0.452349 0.210072 0.452349 0.260781 0.381600 0.260781 0.381600 0.226254 0.339402 0.226254 0.339402 0.076505 0.628526 0.076505
0 0.994211 0.527939 0.851159 0.527939 0.851159 0.057711 0.994211 0.057711
0 0.328876 0.226254 0.319239 0.226254 0.308408 0.218257 0.308408 0.218166 0.302761 0.210321 0.299993 0.198044 0.290825 0.200784 0.294119 0.215420 0.297882 0.220682 0.253268 0.301631 0.099827 0.301631 0.099827 0.076505 0.328876 0.076505
0 0.285056 0.732373 0.252958 0.749567 0.202091 0.749567 0.100880 0.748967 0.099827 0.748967 0.099827 0.534487 0.205202 0.534487 0.205202 0.524702 0.205255 0.524423 0.211244 0.510109 0.216828 0.502070 0.216833 0.501991 0.225196 0.495243 0.233569 0.491090 0.285056 0.491090
0 0.361706 0.901553 0.202034 0.901553 0.202091 0.759268 0.202034 0.759262 0.202091 0.749567 0.202091 0.758661 0.249705 0.758661 0.291809 0.736205 0.361706 0.736205
0 0.191571 0.763293 0.191508 0.901553 0.100880 0.901553 0.100880 0.762772
0 0.361706 0.607603 0.291898 0.607603 0.291898 0.491090 0.362180 0.491090
0 0.361706 0.726505 0.308534 0.726505 0.308534 0.711979 0.293477 0.711979 0.293477 0.617304 0.361706 0.617304
0 0.446523 0.900128 0.369158 0.899795 0.369158 0.874259 0.446523 0.874259
0 0.486548 0.900262 0.451802 0.900128 0.451802 0.874259 0.486548 0.874259
3 0.076670 0.920135 0.076670 0.748967 0.100880 0.748967 0.100880 0.920135
1 0.076670 0.881025 0.076670 0.776728 0.100880 0.776728 0.100880 0.881025
3 0.076670 0.762772 0.076670 0.051042 0.099827 0.076505 0.099827 0.748967
1 0.076670 0.743104 0.076670 0.693881 0.099827 0.693881 0.099827 0.743104
1 0.076670 0.611489 0.076670 0.536876 0.099827 0.536876 0.099827 0.611489
1 0.076670 0.524241 0.076670 0.455048 0.099827 0.455048 0.099827 0.524241
1 0.076670 0.370813 0.076670 0.313047 0.099827 0.313047 0.099827 0.370813
1 0.076670 0.260702 0.076670 0.206550 0.099827 0.206550 0.099827 0.260702
1 0.076670 0.150525 0.076670 0.081622 0.099827 0.081622 0.099827 0.150525
3 0.099827 0.076505 0.838002 0.076505 0.851159 0.051042 0.076670 0.051042
1 0.106038 0.076505 0.175424 0.076505 0.175424 0.051042 0.106038 0.051042
1 0.383042 0.076505 0.452323 0.076505 0.452323 0.051042 0.383042 0.051042
1 0.666288 0.076505 0.794151 0.076505 0.794151 0.051042 0.666288 0.051042
3 0.838002 0.076505 0.838002 0.531577 0.851159 0.544309 0.851159 0.051042
2 0.838002 0.266116 0.838002 0.333018 0.851159 0.333018 0.851159 0.266116
1 0.838002 0.074808 0.838002 0.265534 0.851159 0.265534 0.851159 0.074808
1 0.838002 0.338886 0.838002 0.517875 0.851159 0.517875 0.851159 0.338886
3 0.851159 0.544309 0.496021 0.544309 0.486253 0.531577 0.838002 0.531577
3 0.496021 0.544309 0.496021 0.874259 0.486253 0.874259 0.486253 0.531577
3 0.486253 0.866899 0.361706 0.866899 0.369158 0.874259 0.496021 0.874259
2 0.431640 0.866899 0.380884 0.866899 0.380884 0.874259 0.431640 0.874259
3 0.361706 0.866899 0.361706 0.901553 0.369158 0.920135 0.369158 0.874259
3 0.369158 0.920135 0.099827 0.920135 0.099827 0.901553 0.361706 0.901553
3 0.205202 0.524702 0.211244 0.510109 0.205860 0.506217 0.198886 0.523053
3 0.211244 0.510109 0.216828 0.502070 0.212449 0.496729 0.205860 0.506217
3 0.216828 0.502070 0.225196 0.495243 0.222091 0.488865 0.212449 0.496729
3 0.225196 0.495243 0.233569 0.491090 0.232269 0.483815 0.222091 0.488865
3 0.233569 0.491090 0.362180 0.491090 0.368506 0.483815 0.232269 0.483815
3 0.362180 0.491090 0.361706 0.866899 0.368021 0.866911 0.368506 0.483815
2 0.361806 0.786143 0.361737 0.838943 0.368053 0.838956 0.368121 0.786156
2 0.362016 0.620802 0.361948 0.673723 0.368263 0.673735 0.368332 0.620814
3 0.362032 0.607603 0.291898 0.607603 0.285056 0.617304 0.362032 0.617304
3 0.293477 0.617304 0.293477 0.726505 0.285056 0.736205 0.285056 0.607603
3 0.293477 0.726505 0.361880 0.726505 0.361880 0.736205 0.285056 0.736205
3 0.308534 0.726505 0.308534 0.711979 0.292219 0.711979 0.292219 0.726505
3 0.202091 0.749567 0.099827 0.748967 0.076670 0.762772 0.202034 0.763511
3 0.202091 0.759268 0.202034 0.920135 0.191508 0.920129 0.191566 0.759262
2 0.202081 0.788775 0.202065 0.838089 0.191539 0.838083 0.191555 0.788769
3 0.328876 0.051042 0.328876 0.226254 0.339402 0.237167 0.339402 0.051042
3 0.328876 0.237167 0.381600 0.237167 0.381600 0.226254 0.328876 0.226254
3 0.339402 0.237167 0.316439 0.237167 0.319239 0.226254 0.328876 0.226254
3 0.316439 0.237167 0.303303 0.227357 0.302224 0.213546 0.319239 0.226254
3 0.302045 0.226417 0.294119 0.215420 0.302761 0.210321 0.308408 0.218166
3 0.294119 0.215420 0.290825 0.200784 0.299993 0.198044 0.302761 0.210321
3 0.636947 0.051042 0.636947 0.219706 0.628526 0.217990 0.628526 0.051042
3 0.636947 0.219706 0.631716 0.236215 0.624205 0.231625 0.628526 0.217990
3 0.631716 0.236215 0.625168 0.246661 0.618700 0.240404 0.624205 0.231625
3 0.625168 0.246661 0.619290 0.253621 0.614227 0.245709 0.618700 0.240404
3 0.619290 0.253621 0.610727 0.258653 0.608201 0.249249 0.614227 0.245709
3 0.610727 0.258653 0.596454 0.260781 0.583707 0.252899 0.608201 0.249249
3 0.596454 0.260781 0.452349 0.260781 0.459191 0.252899 0.583707 0.252899
3 0.459191 0.252899 0.459191 0.210072 0.452349 0.210072 0.452349 0.260781
3 0.628974 0.203804 0.589007 0.252663 0.593991 0.258071 0.633952 0.209205
3 0.610727 0.258653 0.636947 0.217663 0.626226 0.208563 0.600006 0.249553
1 0.994869 0.051042 0.852106 0.051042 0.852106 0.057711 0.994869 0.057711
3 0.202091 0.749567 0.252958 0.749567 0.249705 0.758661 0.202091 0.758661
3 0.252958 0.749567 0.291256 0.729063 0.293698 0.735108 0.249705 0.758661
3 0.486306 0.252899 0.486306 0.210072 0.509858 0.210072 0.509858 0.252899
3 0.496021 0.874259 0.496021 0.920705 0.486548 0.900262 0.486548 0.874259
3 0.496021 0.920705 0.368958 0.920202 0.369016 0.899795 0.486548 0.900262
2 0.443855 0.920499 0.374600 0.920220 0.374658 0.899819 0.443913 0.900092
3 0.451802 0.874259 0.451802 0.900128 0.446523 0.900128 0.446523 0.874259
2 0.451802 0.876393 0.451802 0.895502 0.446523 0.895502 0.446523 0.876393
3 0.076670 0.310119 0.257300 0.310119 0.253268 0.301631 0.076670 0.301631
3 0.257300 0.310119 0.303303 0.227357 0.302224 0.213546 0.253268 0.301631
2 0.266147 0.294198 0.298398 0.236172 0.292193 0.231595 0.259942 0.289621
3 0.205202 0.534487 0.076670 0.534487 0.076670 0.526606 0.198886 0.526606
2 0.168225 0.534487 0.111843 0.534487 0.111843 0.526606 0.168225 0.526606
3 0.285056 0.617304 0.285056 0.483815 0.291898 0.483815 0.291898 0.607603
2 0.285056 0.607064 0.285056 0.491369 0.291898 0.491369 0.291898 0.607064
