0 0.783122 0.383140 0.783122 0.226226 0.918930 0.226226 0.918926 0.383140 0.783122 0.383140
0 0.362472 0.908354 0.569886 0.908354 0.362472 0.537366 0.362472 0.908354 0.362472 0.908354
0 0.324845 0.921903 0.324845 0.990060 0.277909 0.990060 0.277909 0.921798 0.324845 0.921903
0 0.569886 0.908354 0.362472 0.908354 0.362472 0.749748 0.373134 0.749748 0.373134 0.700248 0.362472 0.700248 0.362472 0.537366 0.569886 0.537366
0 0.780529 0.649542 0.765579 0.649542 0.765579 0.759029 0.780529 0.759029 0.780529 0.904633 0.605793 0.904633 0.605793 0.515925 0.780529 0.515925
0 0.249255 0.908354 0.131447 0.908354 0.131447 0.775448 0.140523 0.775448 0.140523 0.668260 0.131447 0.668260 0.131447 0.537366 0.249255 0.537366
0 0.917197 0.904633 0.784851 0.904633 0.784851 0.597058 0.917197 0.597058
0 0.124964 0.908354 0.046569 0.908354 0.046569 0.537366 0.124964 0.537366
0 0.355557 0.775448 0.256170 0.775448 0.256170 0.537366 0.355557 0.537366
0 0.879696 0.587517 0.784851 0.587517 0.784851 0.396151 0.879696 0.396151
0 0.355557 0.908354 0.256170 0.908354 0.256170 0.785857 0.355557 0.785857
0 0.917197 0.587517 0.882721 0.587517 0.882721 0.396151 0.917197 0.396151
3 0.917197 0.904633 0.605793 0.904633 0.599310 0.917644 0.923680 0.917644
1 0.717234 0.904633 0.671715 0.904633 0.671715 0.917644 0.717234 0.917644
1 0.854343 0.904633 0.810506 0.904633 0.810506 0.917644 0.854343 0.917644
3 0.605793 0.904633 0.605793 0.515925 0.599310 0.502914 0.599310 0.917644
1 0.605793 0.757841 0.605793 0.666456 0.599310 0.666456 0.599310 0.757841
3 0.605793 0.515925 0.784851 0.515925 0.778368 0.502914 0.599310 0.502914
3 0.784851 0.515925 0.784851 0.396151 0.778368 0.383140 0.778368 0.502914
1 0.784851 0.462738 0.784851 0.414417 0.778368 0.414417 0.778368 0.462738
3 0.784851 0.396151 0.917197 0.396151 0.923680 0.383140 0.778368 0.383140
1 0.796304 0.396151 0.819794 0.396151 0.819794 0.383140 0.796304 0.383140
2 0.832954 0.396151 0.866060 0.396151 0.866060 0.383140 0.832954 0.383140
3 0.917197 0.396151 0.917197 0.904633 0.923680 0.917644 0.923680 0.383140
3 0.784851 0.515925 0.784851 0.649542 0.780529 0.649542 0.780529 0.515925
2 0.784851 0.518622 0.784851 0.583258 0.780529 0.583258 0.780529 0.518622
3 0.784851 0.649542 0.784851 0.759029 0.765579 0.759029 0.765579 0.649542
3 0.784851 0.759029 0.784851 0.904633 0.780529 0.904633 0.780529 0.759029
2 0.784851 0.819536 0.784851 0.862974 0.780529 0.862974 0.780529 0.819536
3 0.917197 0.597058 0.784851 0.597058 0.784851 0.587517 0.917197 0.587517
2 0.868169 0.597058 0.834933 0.597058 0.834933 0.587517 0.868169 0.587517
3 0.882721 0.396151 0.882721 0.587517 0.879696 0.587517 0.879696 0.396151
2 0.882721 0.402448 0.882721 0.446735 0.879696 0.446735 0.879696 0.402448
3 0.046569 0.908354 0.046569 0.537366 0.039654 0.523488 0.039654 0.922232
1 0.046569 0.689909 0.046569 0.642326 0.039654 0.642326 0.039654 0.689909
1 0.046569 0.737310 0.046569 0.692633 0.039654 0.692633 0.039654 0.737310
1 0.046569 0.787262 0.046569 0.740398 0.039654 0.740398 0.039654 0.787262
3 0.046569 0.537366 0.569886 0.537366 0.576417 0.523488 0.039654 0.523488
1 0.309533 0.537366 0.331985 0.537366 0.331985 0.523488 0.309533 0.523488
1 0.284431 0.537366 0.307670 0.537366 0.307670 0.523488 0.284431 0.523488
3 0.569886 0.537366 0.569886 0.908354 0.576417 0.922232 0.576417 0.523488
1 0.569886 0.647408 0.569886 0.694619 0.576417 0.694619 0.576417 0.647408
1 0.569886 0.696961 0.569886 0.741162 0.576417 0.741162 0.576417 0.696961
1 0.569886 0.744180 0.569886 0.790593 0.576417 0.790593 0.576417 0.744180
3 0.569886 0.908354 0.046569 0.908354 0.039654 0.922232 0.576417 0.922232
2 0.319581 0.908354 0.280831 0.908354 0.280831 0.922232 0.319581 0.922232
1 0.155918 0.908354 0.134200 0.908354 0.134200 0.922232 0.155918 0.922232
1 0.180501 0.908354 0.157733 0.908354 0.157733 0.922232 0.180501 0.922232
1 0.205469 0.908354 0.181841 0.908354 0.181841 0.922232 0.205469 0.922232
1 0.433227 0.908354 0.410696 0.908354 0.410696 0.922232 0.433227 0.922232
1 0.459850 0.908354 0.435401 0.908354 0.435401 0.922232 0.459850 0.922232
1 0.484381 0.908354 0.461674 0.908354 0.461674 0.922232 0.484381 0.922232
3 0.355557 0.908354 0.355557 0.749748 0.362472 0.749748 0.362472 0.908354
2 0.355557 0.873426 0.355557 0.807836 0.362472 0.807836 0.362472 0.873426
3 0.355557 0.749748 0.355557 0.700248 0.373134 0.700248 0.373134 0.749748
3 0.355557 0.700248 0.355557 0.537366 0.362472 0.537366 0.362472 0.700248
3 0.256170 0.908354 0.256170 0.537366 0.249255 0.537366 0.249255 0.908354
2 0.256170 0.873894 0.256170 0.806431 0.249255 0.806431 0.249255 0.873894
3 0.355557 0.785857 0.256170 0.785857 0.256170 0.775448 0.355557 0.775448
2 0.325649 0.785857 0.295534 0.785857 0.295534 0.775448 0.325649 0.775448
3 0.124964 0.908354 0.124964 0.775448 0.131447 0.775448 0.131447 0.908354
2 0.124964 0.863685 0.124964 0.805260 0.131447 0.805260 0.131447 0.863685
3 0.124964 0.775448 0.124964 0.668260 0.140523 0.668260 0.140523 0.775448
3 0.124964 0.668260 0.124964 0.537366 0.131447 0.537366 0.131447 0.668260
