0 0.056103 0.183409 0.056103 0.038483 0.162520 0.038483 0.162520 0.030036 0.567620 0.030036 0.567620 0.183409 0.056103 0.183409 0.056103 0.183409
0 0.999613 0.876249 0.817033 0.876249 0.817033 0.183409 0.999613 0.183409
0 0.390268 0.848375 0.331771 0.848375 0.331771 0.712892 0.390268 0.712892
0 0.455170 0.848375 0.396382 0.848375 0.396382 0.712892 0.455170 0.712892
0 0.156915 0.576463 0.073426 0.576463 0.073426 0.364107 0.156915 0.364107
0 0.156915 0.848375 0.067312 0.848375 0.067312 0.585754 0.156915 0.585754
0 0.606079 0.848375 0.460775 0.848375 0.460775 0.529229 0.541146 0.529229 0.541146 0.481929 0.606079 0.481929
0 0.800219 0.848375 0.614231 0.848375 0.614231 0.431055 0.800219 0.431055
0 0.309036 0.876249 0.309036 1.000000 0.483963 1.000000 0.483958 0.876249 0.309036 0.876249
0 0.800219 0.418385 0.614231 0.418385 0.614231 0.211283 0.800219 0.211283
0 0.606079 0.469259 0.535541 0.469259 0.535541 0.518249 0.460775 0.518249 0.460775 0.211283 0.606079 0.211283
0 0.455170 0.702756 0.331771 0.702756 0.331771 0.669595 0.325657 0.669595 0.325657 0.595544 0.331771 0.595544 0.331771 0.528385 0.406247 0.528385 0.406247 0.518249 0.455170 0.518249
0 0.325657 0.848375 0.162520 0.848375 0.162520 0.528385 0.325657 0.528385
0 0.455170 0.518249 0.162520 0.518249 0.162520 0.211283 0.455170 0.211283
0 0.155387 0.288417 0.140127 0.288417 0.140127 0.354816 0.067312 0.354816 0.067312 0.211283 0.155387 0.211283
3 0.067312 0.848375 0.800219 0.848375 0.817033 0.876249 0.051008 0.876249
2 0.403781 0.848375 0.447899 0.848375 0.447899 0.876249 0.403781 0.876249
2 0.647247 0.848375 0.771212 0.848375 0.771212 0.876249 0.647247 0.876249
1 0.211693 0.848375 0.285405 0.848375 0.285405 0.876249 0.211693 0.876249
1 0.348157 0.848375 0.377474 0.848375 0.377474 0.876249 0.348157 0.876249
1 0.497771 0.848375 0.573403 0.848375 0.573403 0.876249 0.497771 0.876249
3 0.800219 0.848375 0.800219 0.211283 0.817033 0.183409 0.817033 0.876249
1 0.800219 0.771461 0.800219 0.693955 0.817033 0.693955 0.817033 0.771461
1 0.800219 0.569959 0.800219 0.491456 0.817033 0.491456 0.817033 0.569959
1 0.800219 0.365948 0.800219 0.288949 0.817033 0.288949 0.817033 0.365948
3 0.800219 0.211283 0.067312 0.211283 0.051008 0.183409 0.817033 0.183409
2 0.231391 0.211283 0.193269 0.211283 0.193269 0.183409 0.231391 0.183409
2 0.664907 0.211283 0.624925 0.211283 0.624925 0.183409 0.664907 0.183409
1 0.536280 0.211283 0.461381 0.211283 0.461381 0.183409 0.536280 0.183409
1 0.419372 0.211283 0.370896 0.211283 0.370896 0.183409 0.419372 0.183409
1 0.357970 0.211283 0.310636 0.211283 0.310636 0.183409 0.357970 0.183409
1 0.295809 0.211283 0.249805 0.211283 0.249805 0.183409 0.295809 0.183409
3 0.067312 0.585754 0.162520 0.585754 0.156915 0.576463 0.067312 0.576463
2 0.114457 0.585754 0.148722 0.585754 0.148722 0.576463 0.114457 0.576463
3 0.162520 0.576463 0.162520 0.848375 0.156915 0.848375 0.156915 0.576463
2 0.162520 0.600054 0.162520 0.657094 0.156915 0.657094 0.156915 0.600054
3 0.162520 0.585754 0.162520 0.354816 0.156915 0.354816 0.156915 0.576463
2 0.162520 0.506500 0.162520 0.450786 0.156915 0.450786 0.156915 0.506500
3 0.162520 0.364107 0.051008 0.364107 0.051008 0.354816 0.162520 0.354816
2 0.103554 0.364107 0.076641 0.364107 0.076641 0.354816 0.103554 0.354816
3 0.067312 0.211283 0.067312 0.364107 0.051008 0.364107 0.051008 0.183409
1 0.067312 0.296923 0.067312 0.346335 0.051008 0.346335 0.051008 0.296923
3 0.051008 0.364107 0.051008 0.576463 0.073426 0.576463 0.073426 0.364107
1 0.051008 0.423309 0.051008 0.499945 0.073426 0.499945 0.073426 0.423309
3 0.051008 0.576463 0.051008 0.876249 0.067312 0.848375 0.067312 0.576463
1 0.051008 0.693592 0.051008 0.766148 0.067312 0.766148 0.067312 0.693592
3 0.614231 0.848375 0.614231 0.211283 0.606079 0.211283 0.606079 0.848375
2 0.614231 0.401779 0.614231 0.322795 0.606079 0.322795 0.606079 0.401779
3 0.614231 0.418385 0.800219 0.418385 0.800219 0.431055 0.614231 0.431055
2 0.623484 0.418385 0.662889 0.418385 0.662889 0.431055 0.623484 0.431055
3 0.606079 0.469259 0.535541 0.469259 0.541146 0.481929 0.606079 0.481929
3 0.535541 0.469259 0.535541 0.518249 0.541146 0.529229 0.541146 0.481929
3 0.541146 0.529229 0.460775 0.529229 0.455170 0.518249 0.535541 0.518249
3 0.460775 0.518249 0.460775 0.211283 0.455170 0.211283 0.455170 0.518249
2 0.460775 0.461074 0.460775 0.394000 0.455170 0.394000 0.455170 0.461074
3 0.455170 0.518249 0.455170 0.848375 0.460775 0.848375 0.460775 0.529229
2 0.455170 0.593499 0.455170 0.656832 0.460775 0.656832 0.460775 0.593499
3 0.455170 0.702756 0.331771 0.702756 0.325657 0.712892 0.455170 0.712892
2 0.385937 0.702756 0.357736 0.702756 0.357736 0.712892 0.385937 0.712892
2 0.447283 0.702756 0.403001 0.702756 0.403001 0.712892 0.447283 0.712892
3 0.325657 0.702756 0.325657 0.848375 0.331771 0.848375 0.331771 0.712892
3 0.396382 0.712892 0.396382 0.848375 0.390268 0.848375 0.390268 0.712892
3 0.325657 0.712892 0.325657 0.669595 0.331771 0.669595 0.331771 0.702756
3 0.162520 0.518249 0.406247 0.518249 0.406247 0.528385 0.162520 0.528385
3 0.331771 0.528385 0.331771 0.595544 0.325657 0.595544 0.325657 0.528385
3 0.162520 0.354816 0.162520 0.211283 0.155387 0.211283 0.155387 0.354816
3 0.140127 0.354816 0.140127 0.288417 0.155840 0.288417 0.155840 0.354816
