0 0.060549 0.183123 0.060549 0.019541 0.667594 0.019541 0.667594 0.183123 0.060549 0.183123 0.060549 0.183123
0 0.460701 0.638767 0.366370 0.638767 0.366370 0.488646 0.460701 0.488646
0 0.462207 0.497441 0.655762 0.497441 0.655762 0.638767 0.460701 0.638767 0.460701 0.488646 0.462207 0.488646
0 0.565096 0.488646 0.366370 0.488646 0.366370 0.199082 0.565096 0.199082
0 0.366370 0.494158 0.359722 0.494158 0.359722 0.573993 0.225600 0.573993 0.225600 0.472945 0.177597 0.472945 0.177597 0.423920 0.366370 0.423920
0 0.902873 0.566448 0.902873 0.391632 0.778203 0.391632 0.778380 0.566448 0.902873 0.566448 0.902873 0.566448
0 0.778380 1.000000 0.659981 1.000000 0.659981 0.696611 0.778442 0.696611 0.778380 1.000000 0.778380 1.000000
0 0.218952 0.415125 0.074074 0.415125 0.074074 0.199082 0.218952 0.199082
0 0.170949 0.481740 0.218952 0.481740 0.218952 0.638767 0.074074 0.638767 0.074074 0.423920 0.170949 0.423920
0 0.359722 0.415125 0.225600 0.415125 0.225600 0.199082 0.359722 0.199082
0 0.896225 0.814626 0.785028 0.814626 0.785028 0.644993 0.896225 0.644993
0 0.896225 0.991206 0.785028 0.991206 0.785028 0.823420 0.896225 0.823420
0 0.655762 0.488646 0.571743 0.488646 0.571743 0.311474 0.655762 0.311474
0 0.963271 0.814626 0.902873 0.814626 0.902873 0.644993 0.963271 0.644993
0 0.963271 0.981256 0.902873 0.981256 0.902873 0.823420 0.963271 0.823420
0 0.896225 0.636199 0.785028 0.636199 0.785028 0.575242 0.896225 0.575242
0 0.655762 0.302680 0.574327 0.302680 0.574327 0.199082 0.655762 0.199082
0 0.359722 0.638767 0.288262 0.638767 0.288262 0.582788 0.359722 0.582788
0 0.283942 0.638767 0.225600 0.638767 0.225600 0.582788 0.283942 0.582788
3 0.074074 0.199082 0.655762 0.199082 0.667594 0.183123 0.060549 0.183123
1 0.100730 0.199082 0.154286 0.199082 0.154286 0.183123 0.100730 0.183123
1 0.172403 0.199082 0.190253 0.199082 0.190253 0.183123 0.172403 0.183123
1 0.227430 0.199082 0.241686 0.199082 0.241686 0.183123 0.227430 0.183123
1 0.253904 0.199082 0.311595 0.199082 0.311595 0.183123 0.253904 0.183123
2 0.369742 0.199082 0.405266 0.199082 0.405266 0.183123 0.369742 0.183123
1 0.423138 0.199082 0.472914 0.199082 0.472914 0.183123 0.423138 0.183123
1 0.485132 0.199082 0.534004 0.199082 0.534004 0.183123 0.485132 0.183123
1 0.550520 0.199082 0.561378 0.199082 0.561378 0.183123 0.550520 0.183123
3 0.655762 0.199082 0.655762 0.638767 0.667594 0.656520 0.667594 0.183123
1 0.655762 0.237185 0.655762 0.257840 0.667594 0.257840 0.667594 0.237185
1 0.655762 0.347039 0.655762 0.382656 0.667594 0.382656 0.667594 0.347039
2 0.655762 0.405404 0.655762 0.453299 0.667594 0.453299 0.667594 0.405404
1 0.655762 0.455996 0.655762 0.488019 0.667594 0.488019 0.667594 0.455996
1 0.655762 0.505983 0.655762 0.523044 0.667594 0.523044 0.667594 0.505983
1 0.655762 0.528133 0.655762 0.596378 0.667594 0.596378 0.667594 0.528133
3 0.655762 0.638767 0.074074 0.638767 0.060549 0.656520 0.667594 0.656520
1 0.524954 0.638767 0.471558 0.638767 0.471558 0.656520 0.524954 0.656520
1 0.456850 0.638767 0.441467 0.638767 0.441467 0.656520 0.456850 0.656520
1 0.426533 0.638767 0.376305 0.638767 0.376305 0.656520 0.426533 0.656520
2 0.332636 0.638767 0.290328 0.638767 0.290328 0.656520 0.332636 0.656520
1 0.255712 0.638767 0.231503 0.638767 0.231503 0.656520 0.255712 0.656520
1 0.187160 0.638767 0.171773 0.638767 0.171773 0.656520 0.187160 0.656520
1 0.154127 0.638767 0.095754 0.638767 0.095754 0.656520 0.154127 0.656520
3 0.074074 0.656520 0.074074 0.199082 0.060549 0.183123 0.060549 0.656520
1 0.074074 0.442669 0.074074 0.424359 0.060549 0.424359 0.060549 0.442669
3 0.060549 0.656520 0.060549 0.715161 0.073609 0.715161 0.073609 0.656520
3 0.060549 0.183123 0.060549 0.112146 0.074176 0.112146 0.074176 0.183123
3 0.667594 0.183123 0.667594 0.122916 0.660947 0.122916 0.660947 0.183123
3 0.060549 0.423920 0.366370 0.423920 0.359722 0.415125 0.060549 0.415125
2 0.320135 0.423920 0.355893 0.423920 0.355893 0.415125 0.320135 0.415125
2 0.178093 0.423920 0.215052 0.423920 0.215052 0.415125 0.178093 0.415125
3 0.366370 0.423920 0.366370 0.183123 0.359722 0.183123 0.359722 0.415125
3 0.218952 0.183123 0.218952 0.423920 0.225600 0.423920 0.225600 0.183123
3 0.218952 0.481740 0.218952 0.656520 0.225600 0.656520 0.225600 0.472945
3 0.359722 0.494158 0.359722 0.656520 0.366370 0.656520 0.366370 0.494158
3 0.218952 0.582788 0.366370 0.582788 0.366370 0.573993 0.218952 0.573993
2 0.253674 0.582788 0.281584 0.582788 0.281584 0.573993 0.253674 0.573993
2 0.290279 0.582788 0.331453 0.582788 0.331453 0.573993 0.290279 0.573993
3 0.283942 0.573993 0.283942 0.656520 0.288262 0.656520 0.288262 0.573993
3 0.462207 0.497441 0.667594 0.497441 0.667594 0.488646 0.462207 0.488646
2 0.590746 0.497441 0.621789 0.497441 0.621789 0.488646 0.590746 0.488646
3 0.565096 0.183123 0.565096 0.311474 0.574327 0.311474 0.574327 0.183123
3 0.565096 0.311474 0.667594 0.311474 0.667594 0.302680 0.574327 0.302680
2 0.575067 0.311474 0.604874 0.311474 0.604874 0.302680 0.575067 0.302680
3 0.565096 0.311474 0.565096 0.497441 0.571743 0.497441 0.571743 0.311474
3 0.785028 0.575242 0.785028 0.991206 0.778380 1.000000 0.778380 0.566448
1 0.785028 0.691082 0.785028 0.762440 0.778380 0.762440 0.778380 0.691082
2 0.785028 0.650188 0.785028 0.688731 0.778380 0.688731 0.778380 0.650188
3 0.785028 0.991206 0.896225 0.991206 0.902873 1.000000 0.778380 1.000000
3 0.896225 0.575242 0.785028 0.575242 0.778380 0.566448 0.902873 0.566448
2 0.834320 0.575242 0.803295 0.575242 0.803295 0.566448 0.834320 0.566448
3 0.778380 0.823420 0.902873 0.823420 0.902873 0.814626 0.778380 0.814626
2 0.825754 0.823420 0.853385 0.823420 0.853385 0.814626 0.825754 0.814626
3 0.778380 0.644993 0.902873 0.644993 0.902873 0.636199 0.778380 0.636199
3 0.225600 0.472945 0.177597 0.472945 0.170949 0.481740 0.218952 0.481740
2 0.216050 0.472945 0.179493 0.472945 0.179493 0.481740 0.216050 0.481740
3 0.177597 0.472945 0.177597 0.415125 0.170949 0.415125 0.170949 0.481740
3 0.963271 0.644993 0.896225 0.644993 0.902873 0.636199 0.969918 0.636199
3 0.902873 0.823420 0.969918 0.823420 0.969918 0.814626 0.902873 0.814626
3 0.963271 0.644993 0.963271 0.981256 0.969918 0.990051 0.969918 0.636199
2 0.963271 0.760681 0.963271 0.800478 0.969918 0.800478 0.969918 0.760681
2 0.963271 0.836594 0.963271 0.876052 0.969918 0.876052 0.969918 0.836594
3 0.963271 0.981256 0.896225 0.981256 0.902873 0.990051 0.969918 0.990051
3 0.896225 0.991206 0.896225 0.981256 0.902873 0.990051 0.902873 1.000000
3 0.896225 0.990051 0.896225 0.636199 0.902873 0.636199 0.902873 0.990051
3 0.896225 0.644993 0.896225 0.575242 0.902873 0.566448 0.902873 0.636199
