0 0.347404 0.051574 0.960963 0.051574 0.960963 0.616072 0.841505 0.616072 0.841505 0.179734 0.347404 0.179734 0.347404 0.051574 0.347404 0.051574
0 0.819968 0.529458 0.693376 0.529458 0.693376 0.479979 0.819968 0.479979
0 0.486498 0.507891 0.412621 0.507891 0.412621 0.394830 0.486498 0.394830
0 0.819968 0.608358 0.693376 0.608358 0.693376 0.537171 0.819968 0.537171
0 0.404701 0.810662 0.285830 0.810662 0.285830 0.720113 0.404701 0.720113
0 0.815460 0.298464 0.696385 0.298464 0.696385 0.206341 0.815460 0.206341
0 0.458658 0.992286 0.367825 0.992286 0.367825 0.830725 0.458658 0.830725 0.458717 0.830532
0 0.819968 0.472265 0.693376 0.472265 0.693376 0.308010 0.819968 0.308010
0 0.685455 0.507891 0.494418 0.507891 0.494418 0.394830 0.685455 0.394830
0 0.611816 0.810662 0.412621 0.810662 0.412621 0.587653 0.611816 0.587653
0 0.685455 0.616072 0.819968 0.616072 0.819968 0.810662 0.619737 0.810662 0.619737 0.587653 0.685455 0.587653
0 0.685455 0.387116 0.412621 0.387116 0.412621 0.199013 0.685455 0.199013
0 0.285830 0.579939 0.285830 0.624030 0.277910 0.624030 0.277910 0.587653 0.167468 0.587653 0.167468 0.579939
0 0.285830 0.696232 0.277910 0.696232 0.277910 0.810662 0.052756 0.810662 0.052756 0.587653 0.090661 0.587653 0.090661 0.579939 0.285830 0.579939
0 0.685455 0.579939 0.362089 0.579939 0.362089 0.587653 0.404701 0.587653 0.404701 0.712399 0.285830 0.712399 0.285830 0.515605 0.685455 0.515605
0 0.404701 0.515605 0.285830 0.515605 0.285830 0.579939 0.052756 0.579939 0.052756 0.199013 0.404701 0.199013
0 0.359905 1.000000 0.277910 1.000000 0.277910 0.830725 0.359905 0.830725 0.359905 1.000000 0.359905 1.000000
0 0.096146 0.051574 0.347404 0.051574 0.347404 0.179734 0.096146 0.179734 0.096146 0.051574 0.096146 0.051574
0 0.841505 0.447613 0.899376 0.447613 0.899376 0.350148 0.841505 0.350148 0.841505 0.447613 0.841505 0.447613
3 0.052756 0.810662 0.052756 0.199013 0.033364 0.179734 0.033364 0.830725
3 0.359905 0.830725 0.359905 1.000000 0.367825 0.992286 0.367825 0.810662
2 0.359905 0.938218 0.359905 0.989207 0.367825 0.989207 0.367825 0.938218
3 0.359905 1.000000 0.466578 1.000000 0.458658 0.992286 0.367825 0.992286
3 0.466578 1.000000 0.466578 0.830725 0.458658 0.810662 0.458658 0.992286
3 0.819968 0.810662 0.458658 0.810662 0.466578 0.830725 0.841505 0.830725
1 0.773529 0.810662 0.652183 0.810662 0.652183 0.830725 0.773529 0.830725
1 0.567357 0.810662 0.469145 0.810662 0.469145 0.830725 0.567357 0.830725
3 0.466578 0.810662 0.359905 0.810662 0.359905 0.830725 0.458658 0.830725
3 0.036625 0.830725 0.036625 0.999544 0.044545 0.999544 0.044545 0.830725
3 0.277910 0.696232 0.277910 0.830725 0.285830 0.830725 0.285830 0.696232
3 0.362089 0.587653 0.685455 0.587653 0.693376 0.579939 0.362089 0.579939
2 0.416238 0.587653 0.468386 0.587653 0.468386 0.579939 0.416238 0.579939
2 0.625466 0.587653 0.678901 0.587653 0.678901 0.579939 0.625466 0.579939
3 0.693376 0.579939 0.693376 0.608358 0.685455 0.616072 0.685455 0.587653
3 0.685455 0.616072 0.841505 0.616072 0.841505 0.608358 0.693376 0.608358
2 0.734931 0.616072 0.780598 0.616072 0.780598 0.608358 0.734931 0.608358
3 0.685455 0.308010 0.841505 0.308010 0.841505 0.298464 0.696385 0.298464
2 0.765378 0.308010 0.811368 0.308010 0.811368 0.298464 0.765378 0.298464
3 0.052756 0.199013 0.693376 0.199013 0.693376 0.179734 0.033364 0.179734
2 0.283672 0.199013 0.337246 0.199013 0.337246 0.179734 0.283672 0.179734
1 0.103366 0.199013 0.183903 0.199013 0.183903 0.179734 0.103366 0.179734
1 0.194701 0.199013 0.271798 0.199013 0.271798 0.179734 0.194701 0.179734
1 0.516225 0.199013 0.634732 0.199013 0.634732 0.179734 0.516225 0.179734
3 0.693376 0.206341 0.815460 0.206341 0.841505 0.179734 0.693376 0.179734
3 0.815460 0.206341 0.815460 0.308010 0.841505 0.308010 0.841505 0.179734
1 0.815460 0.246498 0.815460 0.288790 0.841505 0.288790 0.841505 0.246498
3 0.819968 0.308010 0.819968 0.810662 0.841505 0.830725 0.841505 0.308010
2 0.819968 0.372981 0.819968 0.423578 0.841505 0.423578 0.841505 0.372981
1 0.819968 0.719638 0.819968 0.789204 0.841505 0.789204 0.841505 0.719638
3 0.693376 0.587653 0.693376 0.308010 0.685455 0.298464 0.685455 0.587653
2 0.693376 0.469379 0.693376 0.417329 0.685455 0.417329 0.685455 0.469379
3 0.696385 0.298464 0.696385 0.179734 0.685455 0.179734 0.685455 0.308010
3 0.685455 0.479979 0.841505 0.479979 0.841505 0.472265 0.685455 0.472265
3 0.685455 0.537171 0.841505 0.537171 0.841505 0.529458 0.685455 0.529458
2 0.736554 0.537171 0.776387 0.537171 0.776387 0.529458 0.736554 0.529458
3 0.693376 0.394830 0.404701 0.394830 0.412621 0.387116 0.693376 0.387116
3 0.404701 0.387116 0.404701 0.515605 0.412621 0.507891 0.412621 0.394830
3 0.404701 0.515605 0.685455 0.515605 0.685455 0.507891 0.412621 0.507891
2 0.567813 0.515605 0.621255 0.515605 0.621255 0.507891 0.567813 0.507891
2 0.436322 0.515605 0.481666 0.515605 0.481666 0.507891 0.436322 0.507891
3 0.486498 0.387116 0.486498 0.515605 0.494418 0.515605 0.494418 0.387116
3 0.404701 0.394830 0.404701 0.179734 0.412621 0.179734 0.412621 0.387116
2 0.404701 0.381370 0.404701 0.330901 0.412621 0.330901 0.412621 0.381370
3 0.088225 0.051574 0.088225 0.179734 0.096146 0.179734 0.096146 0.051574
3 0.285830 0.579939 0.167468 0.579939 0.167468 0.587653 0.277910 0.587653
3 0.404701 0.579939 0.404701 0.830725 0.412621 0.830725 0.412621 0.579939
3 0.277910 0.720113 0.412621 0.720113 0.412621 0.712399 0.277910 0.712399
2 0.295110 0.720113 0.354057 0.720113 0.354057 0.712399 0.295110 0.712399
3 0.611816 0.579939 0.611816 0.830725 0.619737 0.830725 0.619737 0.579939
3 0.052756 0.587653 0.092423 0.587653 0.092423 0.579939 0.052756 0.579939
3 0.285830 0.579939 0.285830 0.626511 0.277910 0.626511 0.277910 0.587653
3 0.367825 0.810662 0.036625 0.810662 0.036625 0.830725 0.359905 0.830725
2 0.354295 0.810662 0.295849 0.810662 0.295849 0.830725 0.354295 0.830725
1 0.238625 0.810662 0.117682 0.810662 0.117682 0.830725 0.238625 0.830725
3 0.036625 0.810662 0.052756 0.810662 0.033364 0.830725 0.036625 0.830725
