0 0.546024 0.905521 0.117447 0.905521 0.117447 0.720752 0.546024 0.720752
0 0.959207 0.905521 0.571780 0.905521 0.571780 0.720752 0.959207 0.720752
0 0.959207 0.538900 0.117447 0.538900 0.117447 0.254326 0.959207 0.254326
0 0.959207 0.720752 0.571780 0.720752 0.571780 0.538900 0.959207 0.538900
0 0.571780 0.538900 0.571780 0.710639 0.117447 0.710639 0.117447 0.538900
0 0.117447 0.060008 0.959207 0.060008 0.959207 0.222299 0.117447 0.222299 0.117447 0.060008 0.117447 0.060008
3 0.117447 0.905521 0.117447 0.254326 0.075841 0.222299 0.075841 0.922377
3 0.117447 0.254326 0.959207 0.254326 1.000000 0.222299 0.075841 0.222299
2 0.648730 0.254326 0.809149 0.254326 0.809149 0.222299 0.648730 0.222299
1 0.201430 0.254326 0.619428 0.254326 0.619428 0.222299 0.201430 0.222299
3 0.959207 0.254326 0.959207 0.905521 1.000000 0.922377 1.000000 0.222299
3 0.959207 0.905521 0.117447 0.905521 0.075841 0.922377 1.000000 0.922377
2 0.789238 0.905521 0.606768 0.905521 0.606768 0.922377 0.789238 0.922377
3 0.075841 0.720752 0.546024 0.720752 0.571780 0.710639 0.075841 0.710639
3 0.546024 0.720752 0.546024 0.922377 0.571780 0.922377 0.571780 0.710639
2 0.546024 0.762126 0.546024 0.831464 0.571780 0.831464 0.571780 0.762126
3 0.075841 0.222299 0.075841 0.046523 0.117447 0.060008 0.117447 0.222299
3 1.000000 0.222299 1.000000 0.046523 0.960376 0.060008 0.960376 0.222299
3 0.075841 0.046523 0.190633 0.046523 0.190633 0.060008 0.117447 0.060008
3 1.000000 0.046523 0.857848 0.046523 0.857848 0.060008 0.960376 0.060008
