0 0.684491 0.190015 0.698884 0.190015 0.698884 0.415774 0.951748 0.415774 0.951748 0.416377 0.696850 0.416377 0.696850 0.738544 0.693167 0.738544 0.693167 0.697708 0.676221 0.697708 0.676221 0.738544 0.160404 0.738544 0.160404 0.124714 0.684491 0.124714
0 0.951748 0.415774 0.698884 0.415774 0.698884 0.124714 0.951748 0.124714
0 0.951748 0.738544 0.696850 0.738544 0.696850 0.433998 0.951748 0.433998
0 0.349312 0.964340 0.160404 0.964340 0.160404 0.758948 0.349312 0.758948
0 0.368518 0.758948 0.951748 0.758948 0.951748 0.965267 0.779933 0.965267 0.779933 0.946978 0.761857 0.946978 0.761857 0.980106 0.368518 0.980106 0.368518 0.758948 0.368518 0.758948
3 0.160404 0.124714 0.951748 0.124714 0.976603 0.110802 0.141198 0.110802
1 0.367671 0.124714 0.476885 0.124714 0.476885 0.110802 0.367671 0.110802
3 0.976603 0.110802 0.976603 0.758948 0.951748 0.738544 0.951748 0.124714
1 0.976603 0.258433 0.976603 0.323957 0.951748 0.323957 0.951748 0.258433
3 0.160404 0.758948 0.160404 0.124714 0.141198 0.110802 0.141198 0.758948
3 0.141198 0.758948 0.141198 0.980106 0.160404 0.964340 0.160404 0.758948
3 0.141198 0.980106 0.368518 0.980106 0.349312 0.964340 0.160404 0.964340
1 0.177644 0.980106 0.343042 0.980106 0.343042 0.964340 0.177644 0.964340
3 0.368518 0.980106 0.368518 0.758948 0.349312 0.738544 0.349312 0.964340
2 0.368518 0.948610 0.368518 0.857294 0.349312 0.857294 0.349312 0.948610
3 0.976603 0.758948 0.368518 0.758948 0.349312 0.738544 0.951748 0.738544
2 0.634295 0.758948 0.504383 0.758948 0.504383 0.738544 0.634295 0.738544
1 0.492419 0.758948 0.370823 0.758948 0.370823 0.738544 0.492419 0.738544
1 0.840793 0.758948 0.724066 0.758948 0.724066 0.738544 0.840793 0.738544
3 0.368518 0.758948 0.160404 0.758948 0.160404 0.738544 0.368518 0.738544
3 0.693167 0.779351 0.693167 0.697708 0.676221 0.697708 0.676221 0.779351
3 0.141198 0.980106 0.141198 1.000000 0.160404 1.000000 0.160404 0.980106
3 0.141198 0.980106 0.117044 0.980106 0.117044 0.964340 0.141198 0.964340
3 0.368518 0.980106 0.368518 0.993953 0.349312 0.993953 0.349312 0.980106
3 0.160404 0.758948 0.117044 0.758948 0.117044 0.738544 0.160404 0.738544
3 0.141198 0.110802 0.117044 0.110802 0.117044 0.124714 0.141198 0.124714
3 0.141198 0.110802 0.141198 0.083081 0.160404 0.083081 0.160404 0.110802
3 0.698884 0.190015 0.698884 0.083081 0.684491 0.083081 0.684491 0.190015
3 0.976603 0.110802 0.976603 0.083081 0.951748 0.083081 0.951748 0.110802
3 0.976603 0.110802 1.000000 0.110802 1.000000 0.124714 0.976603 0.124714
3 0.976603 0.758948 1.000000 0.758948 1.000000 0.738544 0.951748 0.738544
3 0.976603 0.758948 0.976603 0.779351 0.951748 0.779351 0.951748 0.758948
3 0.976603 0.433998 0.696850 0.433998 0.696850 0.416377 0.976603 0.416377
3 0.684491 0.323846 0.684491 0.434481 0.699178 0.434481 0.699178 0.323846
3 0.684491 0.434481 0.684491 0.366916 0.696353 0.489895 0.696353 0.434481
3 0.696353 0.489895 0.664426 0.489895 0.664426 0.366916 0.684491 0.366916
