0 0.322008 0.553978 0.103600 0.553978 0.103274 0.353364 0.322008 0.353364
0 0.322008 0.761257 0.174529 0.761257 0.174529 0.753369 0.104506 0.753369 0.103600 0.553978 0.322008 0.553978
0 0.630682 0.748699 0.423074 0.748699 0.423074 0.761257 0.322008 0.761257 0.322008 0.353364 0.630682 0.353364
0 0.423074 0.913463 0.104506 0.913463 0.104506 0.761476 0.174529 0.761476 0.174529 0.761257 0.423074 0.761257
0 0.093226 0.113218 0.346487 0.113218 0.346487 0.312827 0.093226 0.312827 0.093226 0.113218 0.093226 0.113218
0 0.322008 0.554846 0.322008 0.761476 0.257082 0.761476 0.257082 0.753369 0.312956 0.753369 0.312956 0.554846
0 0.897297 0.747491 0.737587 0.748699 0.641546 0.748699 0.641546 0.353364 0.897297 0.353364
0 0.737804 0.762895 0.737931 0.762895 0.739741 0.912652 0.507682 0.912652 0.507682 0.889952 0.432127 0.889952 0.432127 0.756806 0.737804 0.756806
0 0.887338 0.900491 0.753502 0.900491 0.751383 0.762895 0.887338 0.762124
3 0.084173 0.312827 0.914497 0.312827 0.897297 0.353364 0.103274 0.353364
1 0.147452 0.312827 0.255823 0.312827 0.255823 0.353364 0.147452 0.353364
2 0.260015 0.312827 0.333669 0.312827 0.333669 0.353364 0.260015 0.353364
1 0.401239 0.312827 0.566969 0.312827 0.566969 0.353364 0.401239 0.353364
1 0.703720 0.312827 0.813802 0.312827 0.813802 0.353364 0.703720 0.353364
3 0.914497 0.312827 0.914497 0.747531 0.897297 0.747531 0.897297 0.353364
3 0.914497 0.747321 0.914497 0.926435 0.887338 0.900491 0.887338 0.762124
3 0.914497 0.926435 0.739741 0.926435 0.739741 0.900491 0.887338 0.900491
3 0.753502 0.926435 0.507682 0.926435 0.507682 0.912652 0.739741 0.912652
3 0.507682 0.926435 0.423074 0.926435 0.423074 0.889952 0.507682 0.889952
3 0.432127 0.926435 0.085522 0.926435 0.104506 0.913463 0.423074 0.913463
2 0.414510 0.926435 0.332365 0.926435 0.332365 0.913463 0.414510 0.913463
3 0.085522 0.926435 0.084173 0.312827 0.103274 0.353364 0.104506 0.913463
3 0.423074 0.913463 0.423074 0.748699 0.432127 0.756806 0.432127 0.926435
2 0.423074 0.828596 0.423074 0.763924 0.432127 0.763924 0.432127 0.828596
3 0.423074 0.748699 0.751166 0.748699 0.737695 0.756806 0.432127 0.756806
3 0.737587 0.748699 0.914497 0.747321 0.887338 0.762124 0.737732 0.763292
3 0.737695 0.756806 0.739741 0.912652 0.753502 0.926435 0.751166 0.748699
2 0.737813 0.765838 0.738537 0.821202 0.752117 0.821064 0.751392 0.765692
3 0.630682 0.312827 0.630682 0.756806 0.641546 0.756806 0.641546 0.312827
2 0.630682 0.353623 0.630682 0.447732 0.641546 0.447732 0.641546 0.353623
3 0.085160 0.761476 0.174529 0.761476 0.174529 0.753369 0.085160 0.753369
3 0.257082 0.761476 0.322008 0.761476 0.312956 0.753369 0.257082 0.753369
3 0.322008 0.761476 0.322008 0.554846 0.312956 0.554846 0.312956 0.753369
3 0.084173 0.312827 0.084173 0.113218 0.093226 0.113218 0.093226 0.312827
