0 0.844656 0.118895 0.988080 0.118895 0.988080 0.728316 0.844656 0.728316 0.844656 0.118895 0.844656 0.118895
0 0.564124 0.729165 0.387105 0.729165 0.387105 0.442691 0.423787 0.442691 0.423787 0.390834 0.563453 0.390834 0.563453 0.389620 0.564124 0.389620
0 0.387105 0.729165 0.386560 0.729165 0.386560 0.554899 0.379659 0.554899 0.379659 0.908641 0.242834 0.908641 0.242834 0.745288 0.296360 0.745288 0.296360 0.554899 0.228531 0.554899 0.228531 0.442691 0.387105 0.442691
0 0.817680 0.729165 0.564369 0.729165 0.564369 0.136987 0.817680 0.136987
0 0.556552 0.381499 0.415631 0.381499 0.415631 0.430810 0.333724 0.430810 0.333724 0.136987 0.556552 0.136987
0 0.289459 0.735954 0.110652 0.735954 0.110652 0.745288 0.235933 0.745288 0.235933 0.901504 0.110652 0.901504 0.110652 0.564234 0.289459 0.564234
0 0.326824 0.430810 0.110652 0.430810 0.110652 0.136987 0.326824 0.136987
0 0.221630 0.554899 0.110652 0.554899 0.110652 0.442691 0.221630 0.442691
3 0.110652 0.136987 0.817680 0.136987 0.844656 0.100498 0.098732 0.100498
1 0.721551 0.136987 0.796156 0.136987 0.796156 0.100498 0.721551 0.100498
1 0.338668 0.136987 0.413705 0.136987 0.413705 0.100498 0.338668 0.100498
1 0.213079 0.136987 0.289302 0.136987 0.289302 0.100498 0.213079 0.100498
3 0.817680 0.136987 0.817680 0.729165 0.844656 0.745288 0.844656 0.100498
1 0.817680 0.179637 0.817680 0.331933 0.844656 0.331933 0.844656 0.179637
1 0.817680 0.336592 0.817680 0.427654 0.844656 0.427654 0.844656 0.336592
2 0.817680 0.456022 0.817680 0.532573 0.844656 0.532573 0.844656 0.456022
1 0.817680 0.542968 0.817680 0.694458 0.844656 0.694458 0.844656 0.542968
3 0.817680 0.729165 0.379659 0.729165 0.391578 0.745288 0.844656 0.745288
3 0.379659 0.729165 0.379659 0.908641 0.391578 0.924764 0.391578 0.745288
3 0.899317 0.118895 1.000000 0.118895 1.000000 0.101924 0.899317 0.101924
3 0.844656 0.745288 1.000000 0.745288 1.000000 0.728316 0.844656 0.728316
3 0.098732 0.442691 0.423787 0.442691 0.415631 0.430810 0.098732 0.430810
2 0.235180 0.442691 0.282006 0.442691 0.282006 0.430810 0.235180 0.430810
3 0.423787 0.442691 0.423787 0.390834 0.415631 0.381499 0.415631 0.430810
3 0.423787 0.390834 0.563453 0.390834 0.556552 0.381499 0.415631 0.381499
3 0.563453 0.390834 0.563453 0.100498 0.556552 0.100498 0.556552 0.381499
2 0.563453 0.373692 0.563453 0.281357 0.556552 0.281357 0.556552 0.373692
3 0.333724 0.100498 0.333724 0.442691 0.326824 0.442691 0.326824 0.100498
3 0.098732 0.554899 0.296360 0.554899 0.289459 0.564234 0.098732 0.564234
3 0.296360 0.554899 0.296360 0.745288 0.289459 0.735954 0.289459 0.564234
2 0.296360 0.605059 0.296360 0.672157 0.289459 0.672157 0.289459 0.605059
3 0.296360 0.745288 0.110652 0.745288 0.110652 0.735954 0.289459 0.735954
2 0.230419 0.745288 0.182797 0.745288 0.182797 0.735954 0.230419 0.735954
3 0.221630 0.430810 0.221630 0.564234 0.228531 0.564234 0.228531 0.430810
2 0.221630 0.481276 0.221630 0.546235 0.228531 0.546235 0.228531 0.481276
3 0.235933 0.735954 0.235933 0.924764 0.242834 0.924764 0.242834 0.735954
3 0.379659 0.908641 0.235933 0.908641 0.235933 0.924764 0.391578 0.924764
2 0.359766 0.908641 0.304145 0.908641 0.304145 0.924764 0.359766 0.924764
3 0.235933 0.901504 0.110652 0.901504 0.098732 0.924764 0.235933 0.924764
3 0.110652 0.901504 0.110652 0.745288 0.098732 0.745288 0.098732 0.924764
3 0.110652 0.745288 0.110652 0.136987 0.098732 0.100498 0.098732 0.745288
3 0.379659 0.745288 0.379659 0.554229 0.386560 0.554229 0.386560 0.745288
