0 0.788945 0.956689 0.748158 0.956689 0.748158 0.897922 0.788945 0.897922
0 0.371016 0.956689 0.316105 0.956689 0.316105 0.906087 0.371016 0.906087
0 0.430881 0.956689 0.375479 0.956689 0.375479 0.906087 0.430881 0.906087
0 0.839656 0.238793 0.776465 0.238796 0.776465 0.189332 0.839656 0.189332
0 0.145353 0.728033 0.063552 0.728033 0.063552 0.674281 0.145349 0.674281
0 0.839656 0.352083 0.776093 0.352083 0.776465 0.278253 0.839656 0.278253
0 0.705224 0.874614 0.641803 0.874614 0.641803 0.799907 0.705224 0.799907
0 0.984377 0.352083 0.917570 0.352083 0.917570 0.278253 0.984377 0.278253
0 0.913107 0.352083 0.844120 0.352083 0.844120 0.278253 0.913107 0.278253
0 0.788945 0.893917 0.748158 0.893917 0.748158 0.884631 0.743694 0.884631 0.743694 0.893917 0.709688 0.893917 0.709688 0.799907 0.788945 0.799907
0 0.705224 0.897922 0.743694 0.897922 0.743694 0.956689 0.641803 0.956689 0.641803 0.878618 0.705224 0.878618
0 0.428486 0.791809 0.341897 0.791809 0.341897 0.672466 0.428486 0.672466
0 0.984377 0.274249 0.844120 0.274249 0.844120 0.189332 0.984377 0.189332
0 0.788945 0.795903 0.641803 0.795903 0.641803 0.669880 0.788945 0.669880
0 0.187145 0.909824 0.063924 0.909824 0.063552 0.732037 0.149817 0.732014 0.186029 0.732014
0 0.984377 0.185328 0.776465 0.185328 0.776517 0.045627 0.984377 0.045627
0 0.776465 0.242800 0.839656 0.242797 0.839656 0.274249 0.776465 0.274249
0 0.267149 0.812066 0.267149 0.816070 0.202117 0.816070 0.202117 0.812066
0 0.364235 0.970716 0.435981 0.970716 0.435981 0.998328 0.364342 0.998328 0.364235 0.970716 0.364235 0.970716
0 0.760753 0.067973 0.718731 0.067973 0.718731 0.107444 0.760760 0.107444 0.760753 0.067973 0.760753 0.067973
0 0.909394 0.366170 0.986791 0.366170 0.986791 0.569640 0.800856 0.569640 0.800856 0.655849 0.589179 0.655865 0.566500 0.635705 0.657705 0.534547 0.909781 0.534547 0.909781 0.366077 0.909394 0.366170
0 0.432950 0.889630 0.430881 0.889630 0.430881 0.902082 0.316105 0.902082 0.316105 0.830275 0.271650 0.830275 0.271572 0.795813 0.432950 0.795813
0 0.582748 0.669880 0.637339 0.669880 0.637339 0.805790 0.612033 0.805790 0.612033 0.829067 0.432950 0.829067 0.432950 0.672466 0.446616 0.672466 0.446742 0.672359 0.467893 0.649719 0.560068 0.649719
0 0.612033 0.831273 0.637339 0.831273 0.637339 0.956689 0.435345 0.956689 0.435345 0.889630 0.432950 0.889630 0.432950 0.829067 0.612033 0.829067
0 0.267197 0.834279 0.311641 0.834279 0.311641 0.956689 0.202767 0.956689 0.202767 0.909824 0.202024 0.816157 0.267197 0.816157
0 0.337434 0.791809 0.267101 0.791809 0.267197 0.816157 0.202024 0.816157 0.201302 0.696384 0.201302 0.672466 0.337434 0.672466
0 0.186029 0.728033 0.149817 0.728033 0.149813 0.670277 0.063552 0.670277 0.063333 0.622902 0.186207 0.622902 0.186207 0.672466 0.201302 0.672466 0.185534 0.672549
0 0.750643 0.970463 0.701646 0.970463 0.701646 0.997217 0.750241 0.997217 0.750241 0.970840 0.750643 0.970463
3 0.063333 0.622902 0.185474 0.622902 0.201726 0.609935 0.047680 0.609935
3 0.185474 0.622902 0.185474 0.672466 0.201726 0.658452 0.201726 0.609935
2 0.185474 0.630406 0.185474 0.656563 0.201726 0.656563 0.201726 0.630406
3 0.185474 0.672466 0.446616 0.672466 0.439333 0.658452 0.201726 0.658452
1 0.232693 0.672466 0.297699 0.672466 0.297699 0.658452 0.232693 0.658452
1 0.351357 0.672466 0.410851 0.672466 0.410851 0.658452 0.351357 0.658452
3 0.446616 0.672466 0.467893 0.649719 0.460606 0.635705 0.439333 0.658452
1 0.454595 0.663934 0.468213 0.649375 0.456246 0.640366 0.442628 0.654925
3 0.467893 0.649719 0.560068 0.649719 0.566500 0.635705 0.460606 0.635705
1 0.480719 0.649719 0.549616 0.649719 0.549616 0.635705 0.480719 0.635705
3 0.560068 0.649719 0.582748 0.669880 0.589179 0.655865 0.566500 0.635705
1 0.559131 0.648885 0.575412 0.663360 0.586412 0.653406 0.570127 0.638931
3 0.582748 0.669880 0.788945 0.669880 0.804568 0.655865 0.589179 0.655865
2 0.650287 0.669880 0.678982 0.669880 0.678982 0.655865 0.650287 0.655865
1 0.682709 0.669880 0.751119 0.669880 0.751119 0.655865 0.682709 0.655865
3 0.788945 0.669880 0.788945 0.956689 0.804568 0.970703 0.804568 0.655865
1 0.788945 0.753029 0.788945 0.784148 0.804568 0.784148 0.804568 0.753029
1 0.788945 0.895913 0.788945 0.937292 0.804568 0.937292 0.804568 0.895913
1 0.788945 0.816691 0.788945 0.854704 0.804568 0.854704 0.804568 0.816691
3 0.788945 0.956689 0.202767 0.956689 0.187145 0.970703 0.804568 0.970703
2 0.739930 0.956689 0.711991 0.956689 0.711991 0.970703 0.739930 0.970703
2 0.411468 0.956689 0.378809 0.956689 0.378809 0.970703 0.411468 0.970703
1 0.707977 0.956689 0.663221 0.956689 0.663221 0.970703 0.707977 0.970703
1 0.627727 0.956689 0.533074 0.956689 0.533074 0.970703 0.627727 0.970703
1 0.510183 0.956689 0.455138 0.956689 0.455138 0.970703 0.510183 0.970703
1 0.424219 0.956689 0.412242 0.956689 0.412242 0.970703 0.424219 0.970703
1 0.353685 0.956689 0.331657 0.956689 0.331657 0.970703 0.353685 0.970703
1 0.307501 0.956689 0.238514 0.956689 0.238514 0.970703 0.307501 0.970703
3 0.187145 0.970703 0.187145 0.923838 0.202767 0.909824 0.202767 0.956689
3 0.202767 0.909824 0.063924 0.909824 0.048331 0.923838 0.187145 0.923838
2 0.170789 0.909824 0.075957 0.909824 0.075957 0.923838 0.170789 0.923838
3 0.063924 0.909824 0.063333 0.622902 0.047680 0.609935 0.048331 0.923838
2 0.063545 0.726508 0.063485 0.696614 0.047862 0.696641 0.047922 0.726535
1 0.063426 0.668639 0.063362 0.637750 0.047739 0.637777 0.047803 0.668665
1 0.063701 0.801385 0.063559 0.732234 0.047936 0.732261 0.048078 0.801409
3 0.202767 0.909824 0.201157 0.672466 0.185534 0.672549 0.187145 0.909907
3 0.776517 0.045627 0.984377 0.045627 1.000000 0.031613 0.760913 0.031613
3 0.984377 0.045627 0.984377 0.352083 1.000000 0.366097 1.000000 0.031613
1 0.984377 0.198508 0.984377 0.249500 1.000000 0.249500 1.000000 0.198508
1 0.984377 0.121181 0.984377 0.171413 1.000000 0.171413 1.000000 0.121181
3 0.984377 0.352083 0.776093 0.352083 0.760452 0.366097 1.000000 0.366097
2 0.957435 0.352083 0.925557 0.352083 0.925557 0.366097 0.957435 0.366097
2 0.972106 0.352083 0.957613 0.352083 0.957613 0.366097 0.972106 0.366097
1 0.870021 0.352083 0.845281 0.352083 0.845281 0.366097 0.870021 0.366097
1 0.838477 0.352083 0.815712 0.352083 0.815712 0.366097 0.838477 0.366097
3 0.776093 0.352083 0.776517 0.045627 0.760913 0.031613 0.760452 0.366097
2 0.776439 0.101882 0.776476 0.074864 0.760853 0.074847 0.760816 0.101865
1 0.776406 0.125242 0.776435 0.103974 0.760812 0.103957 0.760783 0.125226
3 0.776324 0.185328 1.000000 0.185328 1.000000 0.189332 0.776324 0.189332
2 0.844165 0.185328 0.903234 0.185328 0.903234 0.189332 0.844165 0.189332
3 0.844120 0.185328 0.844120 0.366097 0.839656 0.366097 0.839656 0.185328
2 0.844120 0.294954 0.844120 0.322586 0.839656 0.322586 0.839656 0.294954
2 0.844120 0.250345 0.844120 0.270982 0.839656 0.270982 0.839656 0.250345
2 0.844120 0.213723 0.844120 0.237138 0.839656 0.237138 0.839656 0.213723
3 0.776201 0.274249 1.000000 0.274249 1.000000 0.278253 0.776201 0.278253
2 0.883133 0.274249 0.911217 0.274249 0.911217 0.278253 0.883133 0.278253
2 0.920989 0.274249 0.958223 0.274249 0.958223 0.278253 0.920989 0.278253
3 0.917570 0.274249 0.917570 0.366097 0.913107 0.366097 0.913107 0.274249
3 0.641803 0.970703 0.641803 0.655865 0.637339 0.655865 0.637339 0.970703
2 0.641803 0.934593 0.641803 0.912443 0.637339 0.912443 0.637339 0.934593
2 0.641803 0.769236 0.641803 0.670013 0.637339 0.670013 0.637339 0.769236
3 0.637339 0.795903 0.804568 0.795903 0.804568 0.799907 0.637339 0.799907
2 0.711403 0.795903 0.738635 0.795903 0.738635 0.799907 0.711403 0.799907
3 0.637339 0.805790 0.637339 0.831273 0.612033 0.831273 0.612033 0.805790
3 0.637339 0.874614 0.709688 0.874614 0.705224 0.878618 0.637339 0.878618
3 0.709688 0.874614 0.709688 0.893917 0.705224 0.897922 0.705224 0.878618
3 0.709688 0.893917 0.804568 0.893917 0.804568 0.897922 0.705224 0.897922
2 0.712180 0.893917 0.741057 0.893917 0.741057 0.897922 0.712180 0.897922
3 0.748158 0.970703 0.748158 0.884631 0.743694 0.884631 0.743694 0.970703
2 0.748158 0.926417 0.748158 0.898025 0.743694 0.898025 0.743694 0.926417
3 0.709688 0.878618 0.709688 0.795903 0.705224 0.795903 0.705224 0.878618
2 0.709688 0.826174 0.709688 0.802760 0.705224 0.802760 0.705224 0.826174
1 0.709688 0.873723 0.709688 0.826668 0.705224 0.826668 0.705224 0.873723
3 0.534949 0.828760 0.430881 0.828760 0.435345 0.832764 0.534949 0.832764
3 0.430881 0.828760 0.430881 0.853119 0.435345 0.853119 0.435345 0.832764
3 0.430881 0.889630 0.430881 0.970703 0.435345 0.970703 0.435345 0.889630
3 0.316105 0.970703 0.316105 0.830275 0.311641 0.834279 0.311641 0.970703
3 0.316105 0.830275 0.271650 0.830275 0.267197 0.834279 0.311641 0.834279
2 0.308070 0.830275 0.278788 0.830275 0.278788 0.834279 0.308070 0.834279
3 0.271572 0.795813 0.432950 0.795813 0.428486 0.791809 0.267101 0.791809
2 0.306058 0.795813 0.335563 0.795813 0.335563 0.791809 0.306058 0.791809
2 0.344951 0.795813 0.374680 0.795813 0.374680 0.791809 0.344951 0.791809
3 0.428486 0.791809 0.428486 0.658452 0.432950 0.658452 0.432950 0.795813
3 0.271572 0.795813 0.271650 0.830275 0.267197 0.834279 0.267101 0.791809
3 0.202117 0.812066 0.267149 0.812066 0.267149 0.816070 0.202117 0.816070
3 0.341897 0.795813 0.341897 0.658452 0.337434 0.658452 0.337434 0.795813
3 0.063552 0.732037 0.201547 0.732001 0.201544 0.727996 0.063552 0.728033
2 0.158610 0.732011 0.184225 0.732004 0.184221 0.728000 0.158610 0.728006
3 0.047810 0.674281 0.145349 0.674281 0.149813 0.670277 0.047810 0.670277
3 0.145349 0.674281 0.145353 0.732014 0.149817 0.732014 0.149813 0.670277
3 0.316105 0.902082 0.435345 0.902082 0.435345 0.906087 0.316105 0.906087
2 0.379195 0.902082 0.412048 0.902082 0.412048 0.906087 0.379195 0.906087
2 0.344025 0.902082 0.370112 0.902082 0.370112 0.906087 0.344025 0.906087
3 0.375479 0.902082 0.375479 0.970703 0.371016 0.970703 0.371016 0.902082
3 0.839656 0.242797 0.776246 0.242800 0.776246 0.238796 0.839656 0.238793
