0 0.407061 0.331171 0.428071 0.331171 0.428071 0.503489 0.416862 0.502925 0.416862 0.541419 0.337364 0.541419 0.337364 0.549913 0.294480 0.549913 0.294397 0.541419 0.289866 0.541419 0.289866 0.333485 0.295907 0.333485 0.295907 0.222484 0.407061 0.222484
0 0.087627 0.094174 0.087796 0.211069 0.288356 0.210768 0.288356 0.078796 0.244935 0.078796 0.244935 0.094174 0.087627 0.094174 0.087627 0.094174
0 0.205732 0.935328 0.245226 0.935328 0.245226 0.883090 0.205732 0.883090 0.205732 0.935328 0.205732 0.935328
0 0.518749 0.541419 0.416862 0.541419 0.416862 0.497485 0.428071 0.497485 0.428071 0.331171 0.518749 0.331171
0 0.337364 0.550206 0.389234 0.550206 0.389234 0.634978 0.294397 0.634978 0.294480 0.549913 0.337364 0.549913
0 0.289866 0.541419 0.086098 0.541419 0.086098 0.222484 0.289866 0.222484
0 0.441153 0.331171 0.441153 0.417238 0.428071 0.417238 0.428071 0.331171
0 0.518749 0.874303 0.420524 0.874303 0.420524 0.634978 0.393765 0.634978 0.393765 0.550206 0.518749 0.550206
0 0.289866 0.874303 0.208605 0.874303 0.208605 0.550206 0.289866 0.550206
0 0.518749 0.266426 0.467464 0.266426 0.467464 0.323116 0.411214 0.323116 0.411214 0.211501 0.380800 0.211501 0.380800 0.090512 0.518749 0.090512
0 0.415994 0.874303 0.294397 0.874303 0.294397 0.735617 0.341789 0.735617 0.341789 0.643765 0.415994 0.643765
0 0.204829 0.679871 0.138632 0.679871 0.138632 0.726222 0.086098 0.726222 0.086098 0.550206 0.204829 0.550206
0 0.204829 0.874303 0.143162 0.874303 0.143162 0.688658 0.204829 0.688658
0 0.376269 0.211501 0.295907 0.211501 0.295907 0.090512 0.376269 0.090512
0 0.138632 0.874303 0.086098 0.874303 0.086098 0.735009 0.138632 0.735009
0 0.338014 0.727562 0.294397 0.727562 0.294397 0.643765 0.338014 0.643765
0 0.518749 0.274481 0.518749 0.323116 0.471617 0.323116 0.471617 0.274481
3 0.086098 0.222484 0.295907 0.222484 0.288356 0.210768 0.079679 0.210768
1 0.207359 0.222484 0.260981 0.222484 0.260981 0.210768 0.207359 0.210768
3 0.295907 0.222484 0.295907 0.090512 0.288356 0.078796 0.288356 0.210768
2 0.295907 0.205372 0.295907 0.148264 0.288356 0.148264 0.288356 0.205372
1 0.295907 0.143563 0.295907 0.092504 0.288356 0.092504 0.288356 0.143563
3 0.295907 0.090512 0.518749 0.090512 0.524034 0.078796 0.288356 0.078796
1 0.296586 0.090512 0.312450 0.090512 0.312450 0.078796 0.296586 0.078796
1 0.395973 0.090512 0.434659 0.090512 0.434659 0.078796 0.395973 0.078796
1 0.313402 0.090512 0.332275 0.090512 0.332275 0.078796 0.313402 0.078796
1 0.381294 0.090512 0.394588 0.090512 0.394588 0.078796 0.381294 0.078796
3 0.524034 0.078796 0.524034 0.883090 0.518749 0.874303 0.518749 0.090512
1 0.524034 0.429621 0.524034 0.503936 0.518749 0.503936 0.518749 0.429621
1 0.524034 0.665073 0.524034 0.745949 0.518749 0.745949 0.518749 0.665073
1 0.524034 0.401547 0.524034 0.427490 0.518749 0.427490 0.518749 0.401547
1 0.524034 0.631221 0.524034 0.662254 0.518749 0.662254 0.518749 0.631221
3 0.524034 0.883090 0.079679 0.883090 0.086098 0.874303 0.518749 0.874303
2 0.238672 0.883090 0.210243 0.883090 0.210243 0.874303 0.238672 0.874303
1 0.269872 0.883090 0.243323 0.883090 0.243323 0.874303 0.269872 0.874303
1 0.176367 0.883090 0.164844 0.883090 0.164844 0.874303 0.176367 0.874303
1 0.122202 0.883090 0.101180 0.883090 0.101180 0.874303 0.122202 0.874303
1 0.358718 0.883090 0.319899 0.883090 0.319899 0.874303 0.358718 0.874303
1 0.284256 0.883090 0.271759 0.883090 0.271759 0.874303 0.284256 0.874303
1 0.373781 0.883090 0.360368 0.883090 0.360368 0.874303 0.373781 0.874303
1 0.187365 0.883090 0.177601 0.883090 0.177601 0.874303 0.187365 0.874303
3 0.086098 0.874303 0.086098 0.222484 0.079679 0.210768 0.079679 0.883090
1 0.086098 0.703289 0.086098 0.628446 0.079679 0.628446 0.079679 0.703289
1 0.086098 0.417561 0.086098 0.327121 0.079679 0.327121 0.079679 0.417561
1 0.086098 0.626242 0.086098 0.603755 0.079679 0.603755 0.079679 0.626242
1 0.086098 0.325005 0.086098 0.302599 0.079679 0.302599 0.079679 0.325005
3 0.295907 0.222484 0.295907 0.333485 0.289866 0.333485 0.289866 0.222484
3 0.294397 0.541419 0.079679 0.541419 0.079679 0.550206 0.289866 0.550206
3 0.289866 0.550206 0.289866 0.883090 0.294397 0.883090 0.294397 0.541419
2 0.289866 0.554395 0.289866 0.605183 0.294397 0.605183 0.294397 0.554395
3 0.337364 0.541419 0.524034 0.541419 0.524034 0.550206 0.337364 0.550206
3 0.420524 0.883090 0.420524 0.634978 0.415994 0.643765 0.415994 0.883090
3 0.420524 0.634978 0.289866 0.634978 0.289866 0.643765 0.415994 0.643765
2 0.326657 0.634978 0.302544 0.634978 0.302544 0.643765 0.326657 0.643765
2 0.370776 0.634978 0.344341 0.634978 0.344341 0.643765 0.370776 0.643765
3 0.393765 0.643765 0.393765 0.541419 0.389234 0.541419 0.389234 0.643765
2 0.393765 0.619754 0.393765 0.563284 0.389234 0.563284 0.389234 0.619754
3 0.289866 0.735617 0.341789 0.735617 0.338014 0.727562 0.289866 0.727562
3 0.341789 0.735617 0.341789 0.634978 0.338014 0.634978 0.338014 0.727562
3 0.208605 0.883090 0.208605 0.541419 0.204829 0.541419 0.204829 0.883090
2 0.208605 0.821340 0.208605 0.775619 0.204829 0.775619 0.204829 0.821340
2 0.208605 0.604905 0.208605 0.555515 0.204829 0.555515 0.204829 0.604905
3 0.143162 0.883090 0.143162 0.688658 0.138632 0.679871 0.138632 0.883090
2 0.143162 0.856342 0.143162 0.815893 0.138632 0.815893 0.138632 0.856342
3 0.138632 0.679871 0.208605 0.679871 0.208605 0.688658 0.143162 0.688658
3 0.143162 0.735009 0.079679 0.735009 0.079679 0.726222 0.143162 0.726222
3 0.295907 0.222484 0.407061 0.222484 0.411214 0.211501 0.295907 0.211501
2 0.339811 0.222484 0.364475 0.222484 0.364475 0.211501 0.339811 0.211501
1 0.319378 0.222484 0.336719 0.222484 0.336719 0.211501 0.319378 0.211501
3 0.411214 0.211501 0.411214 0.323116 0.407061 0.331171 0.407061 0.222484
2 0.411214 0.225918 0.411214 0.275367 0.407061 0.275367 0.407061 0.225918
3 0.407061 0.331171 0.524034 0.331171 0.524034 0.323116 0.411214 0.323116
2 0.473327 0.331171 0.493993 0.331171 0.493993 0.323116 0.473327 0.323116
3 0.471617 0.331171 0.471617 0.274481 0.467464 0.266426 0.467464 0.331171
3 0.471617 0.274481 0.524034 0.274481 0.524034 0.266426 0.467464 0.266426
3 0.380800 0.222484 0.380800 0.078796 0.376269 0.078796 0.376269 0.222484
3 0.441153 0.331171 0.441153 0.417238 0.428071 0.417238 0.428071 0.331171
0 0.991317 0.870708 0.835654 0.870708 0.835654 0.736056 0.847237 0.736056 0.847237 0.719215 0.835654 0.719215 0.835654 0.097798 0.991317 0.097798
0 0.826971 0.870708 0.683548 0.870708 0.683548 0.097798 0.826971 0.097798
0 0.674864 0.870708 0.562626 0.870708 0.562626 0.097798 0.674864 0.097798
3 0.562626 0.097798 0.991317 0.097798 1.000000 0.080957 0.553943 0.080957
1 0.753804 0.097798 0.797677 0.097798 0.797677 0.080957 0.753804 0.080957
1 0.799720 0.097798 0.811707 0.097798 0.811707 0.080957 0.799720 0.080957
3 1.000000 0.080957 1.000000 0.887550 0.991317 0.870708 0.991317 0.097798
3 1.000000 0.887550 0.553943 0.887550 0.562626 0.870708 0.991317 0.870708
1 0.794665 0.887550 0.750606 0.887550 0.750606 0.870708 0.794665 0.870708
1 0.809347 0.887550 0.796847 0.887550 0.796847 0.870708 0.809347 0.870708
3 0.562626 0.870708 0.562626 0.097798 0.553943 0.080957 0.553943 0.887550
3 0.683548 0.887550 0.683548 0.080957 0.674864 0.080957 0.674864 0.887550
2 0.683548 0.156795 0.683548 0.119421 0.674864 0.119421 0.674864 0.156795
3 0.835654 0.887550 0.835654 0.080957 0.826971 0.080957 0.826971 0.887550
2 0.835654 0.330014 0.835654 0.286973 0.826971 0.286973 0.826971 0.330014
3 0.826971 0.736056 0.847237 0.736056 0.847237 0.719215 0.826971 0.719215
