0 0.960368 0.691041 0.960368 0.770807 0.965247 0.770807 0.965247 0.781536 1.000000 0.781536 1.000000 0.678838 0.965324 0.678838 0.965247 0.691041 0.960368 0.691041 0.960368 0.691041
0 0.770817 0.118260 0.770928 0.443784 0.512881 0.443784 0.512881 0.117472
0 0.770928 0.444761 0.604497 0.444418 0.604510 0.584650 0.604497 0.584650 0.604497 0.835027 0.565466 0.835027 0.565466 0.846879 0.522715 0.846879 0.522715 0.835027 0.512881 0.835027 0.512881 0.443784 0.770928 0.443784
0 0.770928 0.444761 0.770928 0.835027 0.608758 0.835027 0.608758 0.584650 0.604510 0.584650 0.604497 0.444418
0 0.497469 0.867592 0.497469 0.999889 0.589562 1.000000 0.589562 0.990574 0.655045 0.990574 0.655045 0.867592 0.565466 0.867592 0.565466 0.856751 0.522715 0.856751 0.522715 0.867592 0.497469 0.867592 0.497469 0.867592
0 0.673585 0.444418 0.673585 0.452987 0.608758 0.452987 0.608758 0.506504 0.604497 0.506504 0.604497 0.444418
0 0.217018 0.406686 0.217018 0.856314 0.059028 0.856314 0.059028 0.405855
0 0.328268 0.856443 0.222557 0.856314 0.222557 0.406686 0.328268 0.406686
0 0.949481 0.118963 0.949481 0.390892 0.855697 0.390892 0.855697 0.440973 0.775189 0.440973 0.775078 0.118260
0 0.447807 0.558145 0.506490 0.558145 0.506490 0.567708 0.508087 0.567708 0.508087 0.641312 0.506490 0.641312 0.506490 0.835027 0.379801 0.835027 0.379801 0.507961 0.447807 0.507961
0 0.949481 0.691041 0.955285 0.691041 0.955285 0.770807 0.949481 0.770807 0.949481 0.835027 0.775189 0.835027 0.775189 0.642392 0.860047 0.642392 0.949481 0.641929
0 0.508620 0.392041 0.379801 0.392041 0.379801 0.117472 0.508620 0.117472
0 0.944773 0.633360 0.860047 0.633822 0.860047 0.440973 0.859957 0.440973 0.859957 0.399470 0.944773 0.399470
0 0.852237 0.544827 0.855786 0.544827 0.855786 0.626530 0.778346 0.626530 0.778346 0.456192 0.852237 0.456192
0 0.508620 0.549575 0.452068 0.549575 0.452068 0.400610 0.508620 0.400610
0 0.447807 0.499392 0.379801 0.499392 0.379801 0.400610 0.447807 0.400610
3 0.379801 0.117472 0.379801 0.835027 0.364461 0.867592 0.364461 0.085730
1 0.379801 0.328626 0.379801 0.370839 0.364461 0.370839 0.364461 0.328626
1 0.379801 0.581565 0.379801 0.625124 0.364461 0.625124 0.364461 0.581565
3 0.364461 0.867592 0.522715 0.867592 0.522715 0.835027 0.379801 0.835027
1 0.421661 0.867592 0.466841 0.867592 0.466841 0.835027 0.421661 0.835027
3 0.522715 0.856751 0.565466 0.856751 0.565466 0.846879 0.522715 0.846879
2 0.524458 0.856751 0.564145 0.856751 0.564145 0.846879 0.524458 0.846879
3 0.565466 0.867592 0.965247 0.867592 0.949481 0.835027 0.565466 0.835027
1 0.685516 0.867592 0.715526 0.867592 0.715526 0.835027 0.685516 0.835027
1 0.715526 0.867592 0.745004 0.867592 0.745004 0.835027 0.715526 0.835027
1 0.836948 0.867592 0.883069 0.867592 0.883069 0.835027 0.836948 0.835027
3 0.965247 0.641929 0.965247 0.391072 0.944773 0.391072 0.944773 0.641929
1 0.965247 0.622948 0.965247 0.579868 0.944773 0.579868 0.944773 0.622948
3 0.965247 0.391072 0.965247 0.087298 0.949481 0.118963 0.949481 0.391072
1 0.965247 0.366546 0.965247 0.324975 0.949481 0.324975 0.949481 0.366546
3 0.949481 0.118963 0.379801 0.117472 0.364461 0.085730 0.965247 0.087298
1 0.894323 0.118817 0.848389 0.118697 0.848410 0.086990 0.894344 0.087110
1 0.645092 0.118166 0.584636 0.118012 0.584658 0.086304 0.645113 0.086458
1 0.705223 0.118320 0.645092 0.118166 0.645113 0.086458 0.705240 0.086613
1 0.478571 0.117729 0.434112 0.117617 0.434129 0.085910 0.478593 0.086021
3 0.965247 0.867592 0.965247 0.770807 0.949481 0.770807 0.949481 0.835027
3 0.960368 0.770807 0.960368 0.691041 0.955285 0.691041 0.955285 0.770807
2 0.960368 0.766574 0.960368 0.694075 0.955285 0.694075 0.955285 0.766574
3 0.965247 0.691041 0.965247 0.641929 0.949481 0.641929 0.949481 0.691041
3 0.059028 0.405855 0.059028 0.856314 0.053488 0.867455 0.053488 0.394680
1 0.059028 0.656523 0.059028 0.743667 0.053488 0.743667 0.053488 0.656523
1 0.059028 0.509401 0.059028 0.598893 0.053488 0.598893 0.053488 0.509401
3 0.053488 0.867455 0.222557 0.867455 0.222557 0.856314 0.059028 0.856314
2 0.073076 0.867455 0.101732 0.867455 0.101732 0.856314 0.073076 0.856314
2 0.121183 0.867455 0.204840 0.867455 0.204840 0.856314 0.121183 0.856314
1 0.104868 0.867455 0.117625 0.867455 0.117625 0.856314 0.104868 0.856314
3 0.222557 0.867455 0.222557 0.406686 0.217018 0.395546 0.217018 0.856314
3 0.222548 0.406686 0.059028 0.405855 0.053488 0.394680 0.222557 0.395546
3 0.222557 0.395546 0.333808 0.395546 0.328268 0.406686 0.222548 0.406686
1 0.254736 0.395546 0.271665 0.395546 0.271665 0.406686 0.254736 0.406686
1 0.292463 0.395546 0.308663 0.395546 0.308663 0.406686 0.292463 0.406686
3 0.333808 0.395546 0.333808 0.867592 0.328268 0.856443 0.328268 0.406686
3 0.333808 0.867592 0.222557 0.867455 0.222557 0.856314 0.328268 0.856443
2 0.328656 0.867583 0.223661 0.867455 0.223665 0.856314 0.328660 0.856443
3 0.512881 0.086116 0.512881 0.558145 0.508620 0.549575 0.508620 0.086116
2 0.512881 0.474891 0.512881 0.544836 0.508620 0.544836 0.508620 0.474891
2 0.512881 0.313758 0.512881 0.384277 0.508620 0.384277 0.508620 0.313758
3 0.512881 0.558145 0.447807 0.558145 0.452068 0.549575 0.508620 0.549575
3 0.447807 0.558145 0.447807 0.392041 0.452068 0.400610 0.452068 0.549575
3 0.447807 0.392041 0.364461 0.392041 0.364461 0.400610 0.447807 0.400610
2 0.444735 0.392041 0.414541 0.392041 0.414541 0.400610 0.444735 0.400610
3 0.452068 0.400610 0.512881 0.400610 0.512881 0.392041 0.447807 0.392041
3 0.452068 0.507961 0.364461 0.507961 0.364461 0.499392 0.452068 0.499392
3 0.770928 0.867592 0.770928 0.626530 0.775189 0.642392 0.775189 0.867592
2 0.770928 0.767430 0.770928 0.696946 0.775189 0.696946 0.775189 0.767430
3 0.770928 0.642392 0.770928 0.440973 0.778346 0.456192 0.778346 0.642392
3 0.770928 0.456192 0.770928 0.086784 0.775189 0.086784 0.775189 0.456192
2 0.770928 0.384045 0.770928 0.313449 0.775189 0.313449 0.775189 0.384045
3 0.775189 0.642392 0.860047 0.642392 0.860047 0.626530 0.770928 0.626530
3 0.860047 0.642392 0.965179 0.641929 0.965170 0.633360 0.860043 0.633822
2 0.867188 0.642366 0.901187 0.642212 0.901179 0.633642 0.867180 0.633797
3 0.770928 0.440973 0.855697 0.440973 0.859957 0.456192 0.778346 0.456192
3 0.859957 0.456192 0.859957 0.399290 0.855697 0.390712 0.855697 0.440973
3 0.855697 0.390712 0.964800 0.390901 0.964800 0.399470 0.859957 0.399290
2 0.876708 0.390747 0.907212 0.390798 0.907208 0.399368 0.876703 0.399316
3 0.860047 0.642392 0.860047 0.544827 0.855786 0.544827 0.855786 0.633822
2 0.860047 0.617883 0.860047 0.549489 0.855786 0.549489 0.855786 0.617883
3 0.860047 0.544827 0.860047 0.440973 0.852237 0.440973 0.852237 0.544827
3 0.673585 0.452987 0.608758 0.452987 0.604497 0.444418 0.673585 0.444418
3 0.604497 0.444418 0.604497 0.506504 0.608758 0.506504 0.608758 0.452987
3 0.604497 0.584650 0.604497 0.867592 0.608758 0.867592 0.608758 0.584650
3 0.512881 0.550175 0.512881 0.567708 0.506490 0.567708 0.506490 0.550175
3 0.512881 0.567708 0.512881 0.641312 0.508087 0.641312 0.508087 0.567708
2 0.512881 0.567854 0.512881 0.638330 0.508087 0.638330 0.508087 0.567854
3 0.512881 0.641312 0.512881 0.867592 0.506490 0.867592 0.506490 0.641312
3 0.852237 0.473460 0.965247 0.473460 0.965247 0.464753 0.852237 0.464753
