0 0.909741 0.994003 0.708358 0.994003 0.708358 0.863143 0.909741 0.863143
0 0.205750 0.197991 0.205750 0.037746 0.576233 0.037746 0.576233 0.198156 0.205750 0.197991 0.205750 0.197991
0 0.909153 0.603333 0.733456 0.603333 0.733456 0.487881 0.909153 0.487881
0 0.516818 0.642069 0.516818 0.962489 0.698589 0.962489 0.699028 0.858146 0.910749 0.858146 0.910749 0.721689 0.705466 0.721689 0.705466 0.641934 0.516818 0.642069 0.516818 0.642069
0 0.723193 0.554333 0.482054 0.554333 0.482054 0.440010 0.613573 0.440010 0.613573 0.407456 0.723193 0.407456
0 0.603309 0.440010 0.482054 0.440010 0.482054 0.433408 0.211348 0.433408 0.211348 0.212984 0.603309 0.212984
0 0.909153 0.401959 0.613573 0.401959 0.613573 0.212984 0.909153 0.212984
0 0.471791 0.626942 0.211348 0.626942 0.211348 0.438906 0.471791 0.438906
0 0.895382 0.706697 0.733456 0.706697 0.733456 0.610715 0.895382 0.610715
0 0.909153 0.482384 0.733456 0.482384 0.733456 0.407456 0.909153 0.407456
0 0.599652 0.626942 0.482054 0.626942 0.482054 0.559830 0.599652 0.559830
0 0.712930 0.626942 0.609915 0.626942 0.609915 0.559830 0.712930 0.559830
3 0.932507 0.197991 0.190821 0.197991 0.211348 0.212984 0.909153 0.212984
2 0.569497 0.197991 0.491151 0.197991 0.491151 0.212984 0.569497 0.212984
1 0.805737 0.197991 0.662556 0.197991 0.662556 0.212984 0.805737 0.212984
1 0.485562 0.197991 0.282379 0.197991 0.282379 0.212984 0.485562 0.212984
3 0.211348 0.212984 0.211348 0.626942 0.190821 0.641934 0.190821 0.197991
3 0.190821 0.641934 0.705466 0.641934 0.733456 0.626942 0.211348 0.626942
2 0.614832 0.641934 0.698477 0.641934 0.698477 0.626942 0.614832 0.626942
1 0.311582 0.641934 0.460352 0.641934 0.460352 0.626942 0.311582 0.626942
1 0.517238 0.641934 0.575963 0.641934 0.575963 0.626942 0.517238 0.626942
3 0.733456 0.626942 0.733456 0.706697 0.705466 0.721689 0.705466 0.641934
1 0.733456 0.667411 0.733456 0.698821 0.705466 0.698821 0.705466 0.667411
3 0.705466 0.721689 0.932507 0.721689 0.895382 0.706697 0.733456 0.706697
3 0.733456 0.554333 0.482054 0.554333 0.471791 0.559830 0.712930 0.559830
2 0.702359 0.554333 0.614898 0.554333 0.614898 0.559830 0.702359 0.559830
2 0.596965 0.554333 0.534191 0.554333 0.534191 0.559830 0.596965 0.559830
3 0.482054 0.559830 0.482054 0.641934 0.471791 0.641934 0.471791 0.559830
3 0.609915 0.641934 0.609915 0.559830 0.599652 0.559830 0.599652 0.641934
3 0.733456 0.559830 0.733456 0.407456 0.723193 0.401959 0.723193 0.559830
2 0.733456 0.528111 0.733456 0.488576 0.723193 0.488576 0.723193 0.528111
2 0.733456 0.481239 0.733456 0.441454 0.723193 0.441454 0.723193 0.481239
3 0.733456 0.407456 0.932507 0.407456 0.932507 0.401959 0.723193 0.401959
3 0.733456 0.401959 0.603309 0.401959 0.613573 0.407456 0.733456 0.407456
3 0.603309 0.407456 0.603309 0.197991 0.613573 0.197991 0.613573 0.407456
2 0.603309 0.400770 0.603309 0.357416 0.613573 0.357416 0.613573 0.400770
3 0.603309 0.401959 0.603309 0.440010 0.613573 0.440010 0.613573 0.407456
3 0.723193 0.487881 0.932507 0.487881 0.932507 0.482384 0.723193 0.482384
3 0.733456 0.610715 0.909153 0.610715 0.909153 0.603333 0.712930 0.603333
2 0.736927 0.610715 0.805178 0.610715 0.805178 0.603333 0.736927 0.603333
3 0.932507 0.721689 0.932507 0.610715 0.895382 0.610715 0.895382 0.706697
3 0.932507 0.610715 0.932507 0.197991 0.909153 0.212984 0.909153 0.610715
3 0.733456 0.626942 0.733456 0.610715 0.712930 0.603333 0.712930 0.626942
3 0.733456 0.603333 0.733456 0.554333 0.712930 0.559830 0.712930 0.610715
3 0.471791 0.559830 0.471791 0.438906 0.482054 0.433408 0.482054 0.554333
2 0.471791 0.516627 0.471791 0.473218 0.482054 0.473218 0.482054 0.516627
3 0.482054 0.433408 0.190821 0.433408 0.190821 0.438906 0.471791 0.438906
3 0.909125 0.858146 0.909125 0.994003 0.920937 1.000000 0.920937 0.858146
3 0.920937 1.000000 0.699028 1.000000 0.708358 0.994003 0.909125 0.994003
3 0.708358 0.994003 0.708358 0.935667 0.699028 0.935667 0.699028 1.000000
3 0.699028 0.935667 0.699028 0.858146 0.708358 0.863143 0.708358 0.935667
2 0.699028 0.923528 0.699028 0.880090 0.708358 0.880090 0.708358 0.923528
3 0.699028 0.858146 0.910749 0.858146 0.910749 0.863143 0.708358 0.863143
3 0.196419 0.197991 0.196419 0.037746 0.205750 0.037746 0.205750 0.197991
3 0.205227 0.641934 0.205227 0.904623 0.195897 0.904623 0.195897 0.641934
3 0.917868 0.858146 0.917868 0.721689 0.911122 0.721689 0.911122 0.858146
3 0.927497 0.197991 0.927497 0.038156 0.919099 0.038156 0.919099 0.197991
