0 0.793906 0.474847 0.686240 0.475008 0.686240 0.344203 0.794296 0.344203 0.755914 0.335182 0.794394 0.335034
0 0.794409 0.305397 0.794394 0.335034 0.755914 0.335182 0.686240 0.335182 0.686240 0.211677 0.679404 0.211677 0.679404 0.335034 0.679375 0.335034 0.679375 0.211677 0.794409 0.211677
0 0.679404 0.484028 0.859547 0.484028 0.859547 0.580879 0.800756 0.580879 0.800756 0.554572 0.793920 0.554572 0.793920 0.675345 0.643269 0.675345 0.643269 0.649528 0.636536 0.649528 0.636248 0.527189 0.476627 0.527511 0.476627 0.527189 0.679375 0.527189 0.679375 0.474847
0 0.655353 0.211677 0.679375 0.211677 0.679375 0.527189 0.476627 0.527189 0.476627 0.211671 0.501713 0.211671 0.574112 0.173883
0 0.636536 0.649528 0.636433 0.649528 0.636433 0.851077 0.604179 0.851077 0.511151 0.886475 0.407636 0.850658 0.374688 0.850658 0.374688 0.527679 0.476568 0.527511 0.636248 0.527189
0 0.357907 0.275843 0.234539 0.275843 0.234539 0.189127 0.357907 0.189120 0.357907 0.275843
0 0.805531 0.778368 0.805531 0.867069 0.653522 0.867069 0.653522 0.778220 0.805531 0.778368
0 0.357599 0.778220 0.357599 0.873209 0.368829 0.873209 0.368829 0.990819 0.231116 0.990651 0.231121 0.778220 0.357599 0.778220 0.357599 0.778220
0 0.368829 0.755670 0.186036 0.755670 0.186036 0.527511 0.368829 0.527511
0 0.469791 0.408014 0.367184 0.408014 0.367184 0.372101 0.360348 0.372101 0.360348 0.408014 0.282920 0.408014 0.282920 0.298393 0.374996 0.298393 0.374996 0.211671 0.469791 0.211671
0 0.403969 0.519780 0.186036 0.519780 0.186036 0.417034 0.403969 0.417034
0 0.982910 0.475008 0.800756 0.475008 0.801244 0.305429 0.794409 0.305397 0.982910 0.305397
0 0.982910 0.755670 0.800756 0.755670 0.800756 0.589899 0.982910 0.589899
0 0.793920 0.755670 0.643269 0.755670 0.643269 0.684366 0.793920 0.684366
0 0.982910 0.580879 0.866382 0.580879 0.866382 0.484028 0.982910 0.484028
0 0.276085 0.408014 0.186036 0.408014 0.186036 0.298393 0.276085 0.298393
0 0.469791 0.519780 0.410805 0.519780 0.410805 0.417034 0.469791 0.417034
3 0.186036 0.755670 0.186036 0.298393 0.168947 0.275843 0.168947 0.778220
1 0.186036 0.331078 0.186036 0.301673 0.168947 0.301673 0.168947 0.331078
1 0.186036 0.482391 0.186036 0.449661 0.168947 0.449661 0.168947 0.482391
1 0.186036 0.595285 0.186036 0.562793 0.168947 0.562793 0.168947 0.595285
1 0.186036 0.749349 0.186036 0.718668 0.168947 0.718668 0.168947 0.749349
3 0.186036 0.298393 0.374996 0.298393 0.357907 0.275843 0.168947 0.275843
2 0.316483 0.298393 0.356135 0.298393 0.356135 0.275843 0.316483 0.275843
1 0.190210 0.298393 0.213217 0.298393 0.213217 0.275843 0.190210 0.275843
3 0.374996 0.298393 0.374996 0.211671 0.357907 0.189120 0.357907 0.275843
1 0.374996 0.239060 0.374996 0.212019 0.357907 0.212019 0.357907 0.239060
3 0.357907 0.189120 0.498457 0.189120 0.501713 0.211671 0.374996 0.211671
1 0.380362 0.189120 0.429969 0.189120 0.429969 0.211671 0.380362 0.211671
3 0.498457 0.189120 0.573770 0.149812 0.574112 0.173883 0.501713 0.211671
1 0.505673 0.185358 0.564996 0.154386 0.571280 0.175358 0.511957 0.206323
3 0.573770 0.149812 0.658278 0.189127 0.655353 0.211677 0.574112 0.173883
1 0.589990 0.157357 0.650710 0.185609 0.645026 0.206877 0.584307 0.178625
3 0.658278 0.189127 0.811498 0.189127 0.794409 0.211677 0.655353 0.211677
1 0.766427 0.189127 0.791767 0.189127 0.791767 0.211677 0.766427 0.211677
3 0.811498 0.189127 0.811498 0.282846 0.794409 0.305397 0.794409 0.211677
2 0.811498 0.229286 0.811498 0.278703 0.794409 0.278703 0.794409 0.229286
3 0.811498 0.282846 0.999999 0.282846 0.982910 0.305397 0.794409 0.305397
1 0.955851 0.282846 0.979341 0.282846 0.979341 0.305397 0.955851 0.305397
1 0.853004 0.282846 0.879160 0.282846 0.879160 0.305397 0.853004 0.305397
3 0.982910 0.305397 0.982910 0.755670 0.999999 0.778220 0.999999 0.282846
1 0.982910 0.687548 0.982910 0.753292 0.999999 0.753292 0.999999 0.687548
1 0.982910 0.500412 0.982910 0.565686 0.999999 0.565686 0.999999 0.500412
1 0.982910 0.316794 0.982910 0.377377 0.999999 0.377377 0.999999 0.316794
3 0.982910 0.755670 0.636433 0.755670 0.653522 0.778220 0.999999 0.778220
2 0.744343 0.755670 0.701186 0.755670 0.701186 0.778220 0.744343 0.778220
1 0.762789 0.755670 0.746423 0.755670 0.746423 0.778220 0.762789 0.778220
1 0.862613 0.755670 0.840192 0.755670 0.840192 0.778220 0.862613 0.778220
1 0.978984 0.755670 0.954962 0.755670 0.954962 0.778220 0.978984 0.778220
3 0.636433 0.755670 0.636433 0.851077 0.653522 0.873628 0.653522 0.778220
3 0.636433 0.851077 0.604179 0.851077 0.606596 0.873628 0.653522 0.873628
3 0.604179 0.851077 0.511151 0.886475 0.511366 0.909863 0.606596 0.873628
1 0.600878 0.852334 0.512977 0.885779 0.517713 0.907447 0.605614 0.874001
3 0.511151 0.886475 0.407636 0.850658 0.405434 0.873209 0.511366 0.909863
1 0.503212 0.883730 0.410951 0.851805 0.406615 0.873621 0.498876 0.905546
3 0.407636 0.850658 0.374688 0.850658 0.357599 0.873209 0.405434 0.873209
3 0.374688 0.850658 0.374688 0.755670 0.357599 0.778220 0.357599 0.873209
2 0.374688 0.829841 0.374688 0.779354 0.357599 0.779354 0.357599 0.829841
3 0.374688 0.755670 0.186036 0.755670 0.168947 0.778220 0.357599 0.778220
2 0.316874 0.755670 0.278507 0.755670 0.278507 0.778220 0.316874 0.778220
1 0.270441 0.755670 0.189126 0.755670 0.189126 0.778220 0.270441 0.778220
3 0.374688 0.755670 0.374688 0.527511 0.368829 0.519780 0.368829 0.755670
2 0.374688 0.648085 0.374688 0.557723 0.368829 0.557723 0.368829 0.648085
3 0.374688 0.519780 0.186036 0.519780 0.186036 0.527511 0.374688 0.527511
2 0.367975 0.519780 0.328865 0.519780 0.328865 0.527511 0.367975 0.527511
3 0.368829 0.519780 0.469791 0.519780 0.476627 0.527511 0.374688 0.527511
3 0.476627 0.527511 0.476627 0.211671 0.469791 0.211671 0.469791 0.519780
2 0.476627 0.370612 0.476627 0.320228 0.469791 0.320228 0.469791 0.370612
3 0.469791 0.408014 0.186036 0.408014 0.186036 0.417034 0.469791 0.417034
2 0.355856 0.408014 0.317025 0.408014 0.317025 0.417034 0.355856 0.417034
2 0.248557 0.408014 0.215116 0.408014 0.215116 0.417034 0.248557 0.417034
3 0.403969 0.417034 0.403969 0.519780 0.410805 0.519780 0.410805 0.417034
2 0.403969 0.468752 0.403969 0.519226 0.410805 0.519226 0.410805 0.468752
3 0.282920 0.408014 0.282920 0.298393 0.276085 0.298393 0.276085 0.408014
3 0.636433 0.755670 0.636433 0.649528 0.643269 0.649528 0.643269 0.755670
3 0.643269 0.684366 0.800756 0.684366 0.793920 0.675345 0.643269 0.675345
2 0.701186 0.684366 0.744899 0.684366 0.744899 0.675345 0.701186 0.675345
3 0.793920 0.684366 0.793920 0.755670 0.800756 0.755670 0.800756 0.684366
3 0.800756 0.684366 0.800756 0.554572 0.793920 0.554572 0.793920 0.675345
3 0.800756 0.589899 0.982910 0.589899 0.982910 0.580879 0.800756 0.580879
2 0.805165 0.589899 0.842370 0.589899 0.842370 0.580879 0.805165 0.580879
3 0.866382 0.580879 0.866382 0.475008 0.859547 0.484028 0.859547 0.580879
2 0.866382 0.537685 0.866382 0.486837 0.859547 0.486837 0.859547 0.537685
3 0.866382 0.484028 0.982910 0.484028 0.982910 0.475008 0.866382 0.475008
3 0.866382 0.475008 0.686240 0.475008 0.679404 0.484028 0.859547 0.484028
2 0.841867 0.475008 0.805057 0.475008 0.805057 0.484028 0.841867 0.484028
2 0.739109 0.475008 0.700580 0.475008 0.700580 0.484028 0.739109 0.484028
3 0.679404 0.484028 0.679404 0.211677 0.686240 0.211677 0.686240 0.475008
3 0.794409 0.305397 0.793920 0.475008 0.800756 0.475040 0.801244 0.305429
3 0.686240 0.344203 0.794296 0.344203 0.794296 0.335182 0.686240 0.335182
3 0.360348 0.408014 0.360348 0.372101 0.367184 0.372101 0.367184 0.408014
