0 0.676360 0.399947 0.084461 0.399947 0.084461 0.064640 0.676360 0.064640
0 0.927545 0.582753 0.688043 0.582753 0.688043 0.399947 0.676360 0.399947 0.676360 0.064640 0.927545 0.064640
0 0.471823 0.799508 0.084461 0.799508 0.084461 0.524152 0.471823 0.524152
0 0.676360 0.674413 0.483507 0.674413 0.483507 0.514056 0.411515 0.514056 0.411515 0.410043 0.676360 0.410043
0 0.927545 0.799508 0.688043 0.799508 0.688043 0.592849 0.927545 0.592849
0 0.399832 0.514056 0.084461 0.514056 0.084461 0.410043 0.399832 0.410043
0 0.934226 0.988574 0.688043 0.988574 0.688043 0.814560 0.934226 0.814560
0 0.676360 0.799508 0.483507 0.799508 0.483507 0.684509 0.676360 0.684509
3 0.057685 0.051562 0.057685 0.814560 0.084461 0.799508 0.084461 0.064640
3 0.057685 0.814560 0.954098 0.814560 0.927545 0.799508 0.084461 0.799508
1 0.232810 0.814560 0.428562 0.814560 0.428562 0.799508 0.232810 0.799508
2 0.565504 0.814560 0.661468 0.814560 0.661468 0.799508 0.565504 0.799508
3 0.954098 0.814560 0.954098 0.051562 0.927545 0.064640 0.927545 0.799508
3 0.954098 0.051562 0.057685 0.051562 0.084461 0.064640 0.927545 0.064640
1 0.578090 0.051562 0.215869 0.051562 0.215869 0.064640 0.578090 0.064640
2 0.668383 0.051562 0.585164 0.051562 0.585164 0.064640 0.668383 0.064640
1 0.883498 0.051562 0.687756 0.051562 0.687756 0.064640 0.883498 0.064640
3 0.483507 0.814560 0.483507 0.514056 0.471823 0.524152 0.471823 0.814560
2 0.483507 0.661848 0.483507 0.587948 0.471823 0.587948 0.471823 0.661848
3 0.483507 0.514056 0.057685 0.514056 0.057685 0.524152 0.471823 0.524152
2 0.312980 0.514056 0.237664 0.514056 0.237664 0.524152 0.312980 0.524152
3 0.057685 0.410043 0.676360 0.410043 0.688043 0.399947 0.057685 0.399947
2 0.562349 0.410043 0.661330 0.410043 0.661330 0.399947 0.562349 0.399947
3 0.688043 0.592849 0.954098 0.592849 0.954098 0.582753 0.688043 0.582753
3 0.688043 0.592849 0.688043 0.399947 0.676360 0.410043 0.676360 0.592849
2 0.688043 0.579559 0.688043 0.504621 0.676360 0.504621 0.676360 0.579559
3 0.676360 0.592849 0.676360 0.814560 0.688043 0.814560 0.688043 0.592849
2 0.676360 0.597061 0.676360 0.660958 0.688043 0.660958 0.688043 0.597061
3 0.471823 0.684509 0.688043 0.684509 0.688043 0.674413 0.471823 0.674413
2 0.564516 0.684509 0.661585 0.684509 0.661585 0.674413 0.564516 0.674413
3 0.399832 0.399947 0.399832 0.524152 0.411515 0.524152 0.411515 0.399947
2 0.676360 0.903990 0.676360 0.982580 0.688043 0.982580 0.688043 0.903990
