0 0.501507 0.804682 0.352123 0.804682 0.352123 0.999992 0.501507 1.000000 0.501507 0.804682 0.501507 0.804682
0 0.819938 0.657767 1.000000 0.657767 1.000000 0.804682 0.820489 0.804682 0.819938 0.657767 0.819938 0.657767
0 0.517516 0.623447 0.329551 0.623447 0.329325 0.389121 0.329244 0.388500 0.329244 0.314624 0.517516 0.314624
0 0.517852 0.396774 0.750188 0.396774 0.750188 0.397797 0.785492 0.397797 0.785492 0.423312 0.803188 0.423312 0.803188 0.633598 0.802544 0.633598 0.802544 0.975831 0.518901 0.975831 0.518901 0.623447 0.517516 0.623447 0.517516 0.314624 0.329244 0.314624 0.329244 0.314012 0.517852 0.314012
0 0.329551 0.623447 0.329244 0.623447 0.329244 0.485491 0.321127 0.485491 0.321127 0.780513 0.146347 0.780513 0.146347 0.485571 0.225924 0.485571 0.226121 0.389121 0.329325 0.389121
0 0.321127 0.388500 0.328983 0.388500 0.328983 0.388968 0.225924 0.389121 0.225924 0.388613 0.146347 0.388613 0.146347 0.096765 0.321127 0.096765
0 0.983186 0.633598 0.803188 0.633598 0.803188 0.423312 0.983186 0.423312
0 0.785492 0.390853 0.750188 0.390853 0.750188 0.396774 0.517852 0.396774 0.517852 0.314012 0.518901 0.314012 0.518901 0.096765 0.785492 0.096765
0 0.511944 0.304344 0.329244 0.304344 0.329244 0.096765 0.511944 0.096765
0 0.931126 0.218343 0.881953 0.218343 0.881953 0.265891 0.792450 0.265891 0.792450 0.096765 0.931126 0.096765
0 0.981104 0.413644 0.887751 0.413644 0.887751 0.226399 0.981104 0.226399
0 0.511944 0.780513 0.423310 0.780513 0.423310 0.633115 0.511944 0.633115
0 0.416353 0.780513 0.329244 0.780513 0.329244 0.633115 0.416353 0.633115
0 0.881953 0.413644 0.792450 0.413644 0.792450 0.275244 0.881953 0.275244
0 0.983186 0.218343 0.938663 0.218343 0.938663 0.096765 0.983186 0.096765
0 0.218966 0.477305 0.146347 0.477305 0.146347 0.398281 0.218966 0.398281
3 0.146347 0.096765 0.983186 0.096765 1.000000 0.075979 0.128953 0.075979
1 0.205556 0.096765 0.271908 0.096765 0.271908 0.075979 0.205556 0.075979
1 0.387484 0.096765 0.460597 0.096765 0.460597 0.075979 0.387484 0.075979
1 0.629550 0.096765 0.699827 0.096765 0.699827 0.075979 0.629550 0.075979
1 0.827290 0.096765 0.894384 0.096765 0.894384 0.075979 0.827290 0.075979
3 0.983186 0.633598 0.802544 0.633598 0.819938 0.657767 1.000000 0.657767
1 0.963368 0.633598 0.893451 0.633598 0.893451 0.657767 0.963368 0.657767
2 0.882145 0.633598 0.832079 0.633598 0.832079 0.657767 0.882145 0.657767
3 0.802544 0.633598 0.802544 0.975831 0.819938 1.000000 0.819938 0.657767
1 0.802544 0.883804 0.802544 0.974832 0.819938 0.974832 0.819938 0.883804
3 0.802544 0.975831 0.518901 0.975831 0.501507 1.000000 0.819938 1.000000
1 0.801982 0.975831 0.734946 0.975831 0.734946 1.000000 0.801982 1.000000
1 0.729704 0.975831 0.664193 0.975831 0.664193 1.000000 0.729704 1.000000
1 0.654586 0.975831 0.590605 0.975831 0.590605 1.000000 0.654586 1.000000
1 0.584059 0.975831 0.519423 0.975831 0.519423 1.000000 0.584059 1.000000
3 0.518901 0.975831 0.518901 0.780513 0.501507 0.804682 0.501507 1.000000
1 0.518901 0.975138 0.518901 0.886237 0.501507 0.886237 0.501507 0.975138
3 0.518901 0.780513 0.146347 0.780513 0.128953 0.804682 0.501507 0.804682
2 0.499269 0.780513 0.445887 0.780513 0.445887 0.804682 0.499269 0.804682
1 0.404223 0.780513 0.371117 0.780513 0.371117 0.804682 0.404223 0.804682
1 0.295946 0.780513 0.227559 0.780513 0.227559 0.804682 0.295946 0.804682
3 0.146347 0.780513 0.146347 0.096765 0.128953 0.075979 0.128953 0.804682
3 0.321127 0.075979 0.321127 0.388500 0.329244 0.388500 0.329244 0.075979
2 0.321127 0.318998 0.321127 0.381781 0.329244 0.381781 0.329244 0.318998
3 0.321127 0.485491 0.321127 0.804682 0.329244 0.804682 0.329244 0.485491
2 0.321127 0.500491 0.321127 0.563581 0.329244 0.563581 0.329244 0.500491
3 0.128953 0.398281 0.218966 0.398281 0.225924 0.388613 0.128953 0.388613
3 0.218966 0.398281 0.218966 0.477305 0.225924 0.485571 0.225924 0.388613
3 0.218966 0.477305 0.128953 0.477305 0.128953 0.485571 0.225924 0.485571
2 0.216647 0.477305 0.179633 0.477305 0.179633 0.485571 0.216647 0.485571
3 0.321127 0.314012 0.518901 0.314012 0.511944 0.304344 0.321127 0.304344
2 0.378521 0.314012 0.423699 0.314012 0.423699 0.304344 0.378521 0.304344
3 0.518901 0.314012 0.518901 0.075979 0.511944 0.075979 0.511944 0.304344
3 0.518901 0.804682 0.518901 0.623447 0.511944 0.633115 0.511944 0.804682
3 0.518901 0.623447 0.321127 0.623447 0.321127 0.633115 0.511944 0.633115
2 0.412856 0.623447 0.364339 0.623447 0.364339 0.633115 0.412856 0.633115
2 0.499704 0.623447 0.445748 0.623447 0.445748 0.633115 0.499704 0.633115
3 0.416353 0.623447 0.416353 0.804682 0.423310 0.804682 0.423310 0.623447
3 0.785492 0.075979 0.785492 0.423312 0.792450 0.413644 0.792450 0.075979
2 0.785492 0.150025 0.785492 0.200401 0.792450 0.200401 0.792450 0.150025
3 0.983186 0.096765 0.983186 0.226399 1.000000 0.226399 1.000000 0.075979
3 1.000000 0.226399 0.887751 0.226399 0.881953 0.218343 1.000000 0.218343
2 0.930459 0.226399 0.891021 0.226399 0.891021 0.218343 0.930459 0.218343
3 0.887751 0.226399 0.887751 0.423312 0.881953 0.423312 0.881953 0.218343
2 0.887751 0.350700 0.887751 0.396871 0.881953 0.396871 0.881953 0.350700
3 0.785492 0.423312 0.887751 0.423312 0.887751 0.413644 0.792450 0.413644
3 0.887751 0.423312 1.000000 0.423312 1.000000 0.413644 0.887751 0.413644
2 0.890221 0.423312 0.935909 0.423312 0.935909 0.413644 0.890221 0.413644
3 0.981104 0.226399 0.981104 0.423312 1.000000 0.423312 1.000000 0.226399
1 0.981104 0.267341 0.981104 0.360642 1.000000 0.360642 1.000000 0.267341
3 0.983186 0.423312 0.983186 0.633598 1.000000 0.657767 1.000000 0.423312
3 0.785492 0.275244 0.887751 0.275244 0.887751 0.265891 0.785492 0.265891
3 0.931126 0.075979 0.931126 0.226399 0.938663 0.226399 0.938663 0.075979
2 0.931126 0.148720 0.931126 0.195471 0.938663 0.195471 0.938663 0.148720
3 0.750188 0.397797 0.792450 0.397797 0.792450 0.390853 0.750188 0.390853
