0 0.202844 0.771292 0.202844 0.738269 0.413541 0.738269 0.413144 0.771292 0.202844 0.771292 0.202844 0.771292
0 0.714410 0.159765 0.714410 0.042896 0.228268 0.042896 0.228268 0.159850 0.714410 0.159765 0.714410 0.159765
0 0.715832 0.386485 0.115250 0.386485 0.115250 0.176339 0.715832 0.176339
0 0.882293 0.386485 0.715832 0.386485 0.715832 0.176339 0.882293 0.176339
0 0.476968 0.525053 0.473513 0.525053 0.473513 0.622810 0.115250 0.622810 0.115250 0.530208 0.268172 0.530208 0.268172 0.525053 0.115250 0.525053 0.115250 0.386485 0.476968 0.386485
0 0.882293 0.525053 0.476968 0.525053 0.476968 0.386485 0.882293 0.386485
0 0.352676 0.991982 0.103679 0.991982 0.103679 0.831387 0.352676 0.831387
0 0.523765 0.720739 0.115250 0.720739 0.115250 0.627300 0.523765 0.627300
0 0.882293 0.622810 0.488390 0.622810 0.488390 0.530208 0.882293 0.530208
0 0.869184 0.715326 0.551718 0.715326 0.551718 0.632495 0.869184 0.632495
3 0.115250 0.720739 0.115250 0.176339 0.085495 0.159902 0.085495 0.738401
3 0.115250 0.176339 0.882293 0.176339 0.912047 0.159902 0.085495 0.159902
1 0.177404 0.176339 0.539337 0.176339 0.539337 0.159902 0.177404 0.159902
2 0.565571 0.176339 0.705252 0.176339 0.705252 0.159902 0.565571 0.159902
3 0.085495 0.720739 0.085495 1.000000 0.103679 0.991982 0.103679 0.720739
3 0.085495 1.000000 0.375818 1.000000 0.352676 0.991982 0.103679 0.991982
3 0.375818 1.000000 0.375818 0.824515 0.352676 0.831387 0.352676 0.991982
2 0.375818 0.903629 0.375818 0.857474 0.352676 0.857474 0.352676 0.903629
3 0.375818 0.824515 0.085495 0.824515 0.085495 0.831387 0.352676 0.831387
3 0.551718 0.720739 0.551718 0.632495 0.523765 0.622810 0.523765 0.738401
3 0.523765 0.632495 0.912047 0.632495 0.882293 0.622810 0.523765 0.622810
2 0.559504 0.632495 0.662472 0.632495 0.662472 0.622810 0.559504 0.622810
3 0.869184 0.715326 0.551718 0.715326 0.551718 0.738401 0.912047 0.738401
1 0.697169 0.715326 0.592102 0.715326 0.592102 0.738401 0.697169 0.738401
3 0.551718 0.720739 0.115250 0.720739 0.085495 0.738401 0.551718 0.738401
2 0.384612 0.720739 0.228764 0.720739 0.228764 0.738401 0.384612 0.738401
3 0.882293 0.176339 0.882293 0.632495 0.912047 0.632495 0.912047 0.159902
3 0.869184 0.632495 0.869184 0.715326 0.912047 0.738401 0.912047 0.632495
3 0.523765 0.622810 0.085495 0.622810 0.085495 0.627300 0.523765 0.627300
2 0.385455 0.622810 0.231012 0.622810 0.231012 0.627300 0.385455 0.627300
3 0.085495 0.530208 0.268172 0.530208 0.268172 0.525053 0.085495 0.525053
3 0.473513 0.627300 0.473513 0.525053 0.488390 0.530208 0.488390 0.627300
2 0.473513 0.619746 0.473513 0.579610 0.488390 0.579610 0.488390 0.619746
3 0.488390 0.530208 0.912047 0.530208 0.912047 0.525053 0.473513 0.525053
3 0.115250 0.159902 0.115250 0.000475 0.100372 0.000475 0.100372 0.159902
3 0.912047 0.738401 0.912047 0.999525 0.897170 0.999525 0.897170 0.738401
