0 0.224626 0.857616 0.224626 0.975238 0.629596 0.975229 0.629596 0.857616 0.224626 0.857616 0.224626 0.857616
0 0.224626 0.177184 0.224626 0.023332 0.627920 0.023332 0.627920 0.177283 0.224626 0.177184 0.224626 0.177184
0 0.970437 0.512184 0.969986 0.512184 0.969986 0.504859 0.634598 0.504859 0.634598 0.532326 0.511580 0.532326 0.511580 0.199382 0.969986 0.199382
0 0.969986 0.835419 0.646466 0.835419 0.645853 0.532326 0.645853 0.512258 0.969749 0.512258 0.970437 0.512184
0 0.511580 0.532326 0.510955 0.532326 0.510955 0.325627 0.499700 0.325627 0.499700 0.524927 0.232129 0.524927 0.232129 0.199382 0.511580 0.199382
0 0.634598 0.746070 0.438435 0.746070 0.438435 0.532326 0.634598 0.532326
0 0.427180 0.835419 0.232129 0.835419 0.232129 0.670065 0.427180 0.670065
0 0.427180 0.662666 0.232129 0.662666 0.232129 0.532326 0.427180 0.532326
0 0.634598 0.835419 0.438435 0.835419 0.438435 0.753469 0.634598 0.753469
3 0.208369 0.177184 0.208369 0.857616 0.232129 0.857616 0.232129 0.177184
3 0.208369 0.857616 1.000000 0.857616 0.969986 0.835419 0.232129 0.835419
2 0.521610 0.857616 0.619466 0.857616 0.619466 0.835419 0.521610 0.835419
1 0.352934 0.857616 0.419976 0.857616 0.419976 0.835419 0.352934 0.835419
1 0.682207 0.857616 0.880796 0.857616 0.880796 0.835419 0.682207 0.835419
3 1.000000 0.857616 1.000000 0.177184 0.969986 0.199382 0.969986 0.835419
1 1.000000 0.466539 1.000000 0.391118 0.969986 0.391118 0.969986 0.466539
3 1.000000 0.177184 0.208369 0.177184 0.232129 0.199382 0.969986 0.199382
2 0.615027 0.177184 0.518658 0.177184 0.518658 0.199382 0.615027 0.199382
1 0.509129 0.177184 0.319031 0.177184 0.319031 0.199382 0.509129 0.199382
1 0.861788 0.177184 0.639913 0.177184 0.639913 0.199382 0.861788 0.199382
3 0.232129 0.532326 0.510955 0.532326 0.499700 0.524927 0.232129 0.524927
3 0.510955 0.532326 0.510955 0.325627 0.499700 0.325627 0.499700 0.524927
2 0.510955 0.476068 0.510955 0.424233 0.499700 0.424233 0.499700 0.476068
3 0.427180 0.532326 0.427180 0.835419 0.438435 0.835419 0.438435 0.532326
2 0.427180 0.673871 0.427180 0.740324 0.438435 0.740324 0.438435 0.673871
3 0.438435 0.753469 0.645853 0.753469 0.634598 0.746070 0.438435 0.746070
2 0.522248 0.753469 0.618178 0.753469 0.618178 0.746070 0.522248 0.746070
3 0.634598 0.746070 0.634598 0.835419 0.645853 0.835419 0.645853 0.746070
3 0.645853 0.753469 0.645853 0.512258 0.634598 0.504859 0.634598 0.746070
2 0.645853 0.624774 0.645853 0.562983 0.634598 0.562983 0.634598 0.624774
3 0.645853 0.512258 0.969986 0.512258 0.969986 0.504859 0.634598 0.504859
3 0.208369 0.177184 0.208369 0.023332 0.224626 0.023332 0.224626 0.177184
3 0.208369 0.857616 0.208369 0.975238 0.224626 0.975238 0.224626 0.857616
3 0.232129 0.670065 0.438435 0.670065 0.438435 0.662666 0.232129 0.662666
2 0.340053 0.670065 0.421815 0.670065 0.421815 0.662666 0.340053 0.662666
