0 0.206145 0.911750 0.206145 1.000000 0.300006 1.000000 0.300006 0.911378 0.206145 0.911750 0.206145 0.911750
0 0.371299 0.018351 0.315226 0.018518 0.315226 0.133408 0.372839 0.133545 0.372835 0.018388 0.371299 0.018351
0 0.123102 0.155010 0.123102 0.252766 0.126730 0.252766 0.126730 0.155010 0.127257 0.155010 0.127257 0.371015 0.123116 0.371015 0.123116 0.443793 0.023142 0.443793 0.023142 0.154410
0 0.299763 0.443626 0.278157 0.443626 0.278157 0.451096 0.183555 0.451096 0.183555 0.443793 0.127293 0.443793 0.127293 0.371015 0.127257 0.371015 0.127257 0.155010 0.299763 0.155010
0 0.182393 0.739985 0.023142 0.739985 0.023142 0.451552 0.182393 0.451552
0 0.278157 0.451118 0.362977 0.451118 0.362977 0.589526 0.288052 0.589526 0.288052 0.597064 0.309407 0.597064 0.309407 0.739841 0.189018 0.739841 0.189018 0.739985 0.185052 0.739985 0.185052 0.555576 0.182437 0.555576 0.182437 0.739985 0.182393 0.739985 0.182393 0.451552 0.183555 0.451552 0.183555 0.451096 0.278157 0.451096
0 0.383642 0.451202 0.484004 0.451202 0.484004 0.739788 0.366500 0.739788 0.366500 0.451118 0.383642 0.451118
0 0.372839 0.155337 0.395363 0.155337 0.395363 0.299353 0.383366 0.299353 0.383366 0.443626 0.302843 0.443626 0.302843 0.155010 0.372839 0.155010
0 0.312240 0.891873 0.197703 0.891873 0.197703 0.753093 0.312240 0.753093
0 0.481091 0.439804 0.389239 0.439804 0.389239 0.308539 0.481091 0.308539
0 0.466442 0.162434 0.481149 0.162434 0.481149 0.299261 0.481091 0.299353 0.399591 0.299353 0.399591 0.162381 0.466442 0.162381
0 0.466442 0.140315 0.399591 0.140315 0.399591 0.140041 0.380569 0.140041 0.380569 0.031496 0.466442 0.031496
0 0.362977 0.739788 0.312974 0.739788 0.312974 0.597064 0.362977 0.597064
3 0.012466 0.132625 0.012466 0.761276 0.023142 0.739985 0.023142 0.154410
1 0.012466 0.269095 0.012466 0.360794 0.023142 0.360794 0.023142 0.269095
1 0.012466 0.533251 0.012466 0.624434 0.023142 0.624434 0.023142 0.533251
3 0.012466 0.761276 0.189018 0.761276 0.197703 0.739985 0.023142 0.739985
1 0.072430 0.761276 0.115920 0.761276 0.115920 0.739985 0.072430 0.739985
3 0.189018 0.761276 0.189018 0.911340 0.197703 0.891873 0.197703 0.739985
1 0.189018 0.783213 0.189018 0.874153 0.197703 0.874153 0.197703 0.783213
3 0.189018 0.911340 0.320551 0.911340 0.312240 0.891873 0.197703 0.891873
2 0.238778 0.911340 0.270656 0.911340 0.270656 0.891873 0.238778 0.891873
1 0.211281 0.911340 0.233232 0.911340 0.233232 0.891873 0.211281 0.891873
1 0.275858 0.911340 0.298335 0.911340 0.298335 0.891873 0.275858 0.891873
3 0.320551 0.911340 0.320551 0.761474 0.312240 0.739788 0.312240 0.891873
1 0.320551 0.875042 0.320551 0.784543 0.312240 0.784543 0.312240 0.875042
3 0.320551 0.761474 0.494044 0.761474 0.484004 0.739788 0.312240 0.739788
1 0.339159 0.761474 0.356762 0.761474 0.356762 0.739788 0.339159 0.739788
1 0.407339 0.761474 0.450176 0.761474 0.450176 0.739788 0.407339 0.739788
3 0.494044 0.761474 0.494044 0.443915 0.484004 0.443915 0.484004 0.739788
1 0.494044 0.554079 0.494044 0.506839 0.484004 0.506839 0.484004 0.554079
3 0.494044 0.443915 0.494044 0.299261 0.481091 0.299261 0.481091 0.443915
1 0.494044 0.371752 0.494044 0.332490 0.481091 0.332490 0.481091 0.371752
3 0.494044 0.299261 0.494044 0.133947 0.481149 0.162434 0.481149 0.299261
1 0.494044 0.283031 0.494044 0.243769 0.481149 0.243769 0.481149 0.283031
3 0.494044 0.133947 0.474531 0.133947 0.466442 0.162434 0.481149 0.162434
3 0.474531 0.133947 0.474531 0.014065 0.466442 0.031496 0.466442 0.162434
3 0.474531 0.014065 0.372839 0.014065 0.380569 0.031496 0.466442 0.031496
1 0.414019 0.014065 0.395461 0.014065 0.395461 0.031496 0.414019 0.031496
3 0.372839 0.014065 0.372839 0.133545 0.380569 0.155330 0.380569 0.031496
2 0.372839 0.038388 0.372839 0.097596 0.380569 0.097596 0.380569 0.038388
3 0.372839 0.133545 0.012466 0.132625 0.023142 0.154410 0.380569 0.155330
2 0.359530 0.133514 0.331702 0.133438 0.331691 0.155208 0.359515 0.155276
1 0.261096 0.133256 0.218161 0.133149 0.218147 0.154912 0.261081 0.155026
1 0.214503 0.133142 0.171256 0.133028 0.171242 0.154790 0.214492 0.154904
1 0.110352 0.132876 0.067831 0.132762 0.067820 0.154532 0.110337 0.154638
3 0.123102 0.132906 0.123102 0.252766 0.126730 0.252766 0.126730 0.132906
3 0.012466 0.451552 0.183555 0.451552 0.183555 0.443793 0.012466 0.443793
2 0.049891 0.451552 0.099840 0.451552 0.099840 0.443793 0.049891 0.443793
3 0.123116 0.371015 0.123116 0.451552 0.127293 0.451552 0.127293 0.371015
3 0.278157 0.451118 0.389239 0.451118 0.383366 0.443626 0.278157 0.443626
2 0.331215 0.451118 0.359040 0.451118 0.359040 0.443626 0.331215 0.443626
3 0.383642 0.451202 0.494044 0.451202 0.494044 0.439804 0.383642 0.439804
3 0.389239 0.451118 0.389239 0.308539 0.383366 0.299353 0.383366 0.443626
3 0.389239 0.308539 0.494044 0.308539 0.494044 0.299353 0.383366 0.299353
2 0.426246 0.308539 0.446460 0.308539 0.446460 0.299353 0.426246 0.299353
3 0.399591 0.162381 0.474531 0.162381 0.474531 0.140315 0.395363 0.140315
3 0.395363 0.140315 0.395363 0.308539 0.399591 0.308539 0.399591 0.162381
2 0.395363 0.229446 0.395363 0.288661 0.399591 0.288661 0.399591 0.229446
3 0.372839 0.155337 0.399591 0.155337 0.399591 0.140041 0.372839 0.140041
3 0.299763 0.133362 0.299763 0.451118 0.302843 0.451118 0.302843 0.133362
3 0.362977 0.443626 0.362977 0.761474 0.366500 0.761474 0.366500 0.443626
2 0.362977 0.506064 0.362977 0.567452 0.366500 0.567452 0.366500 0.506064
3 0.288052 0.597064 0.366500 0.597064 0.366500 0.589526 0.288052 0.589526
2 0.316312 0.597064 0.344746 0.597064 0.344746 0.589526 0.316312 0.589526
3 0.189018 0.753093 0.320551 0.753093 0.320551 0.739841 0.189018 0.739841
2 0.239029 0.753093 0.270907 0.753093 0.270907 0.739841 0.239029 0.739841
1 0.203123 0.753093 0.219578 0.753093 0.219578 0.739841 0.203123 0.739841
3 0.182437 0.555576 0.182437 0.761276 0.185052 0.761276 0.185052 0.555576
3 0.309407 0.589526 0.309407 0.753093 0.312974 0.753093 0.312974 0.589526
0 0.990028 0.304664 0.530862 0.304664 0.530924 0.156933 0.990028 0.156933
0 0.853945 0.572209 0.795111 0.572209 0.795111 0.736497 0.693077 0.736497 0.693077 0.587763 0.693179 0.587763 0.693179 0.436347 0.648461 0.436347 0.648461 0.412328 0.648446 0.412328 0.648446 0.319398 0.853945 0.319398
0 0.990028 0.736497 0.803255 0.736497 0.803255 0.588705 0.990028 0.588705
0 0.990028 0.572209 0.857181 0.572209 0.857181 0.319398 0.990028 0.319398
0 0.685151 0.736497 0.530862 0.736497 0.530862 0.587763 0.685151 0.587763
0 0.645239 0.412328 0.633822 0.412328 0.633829 0.443588 0.633829 0.571882 0.530862 0.571882 0.530862 0.319398 0.645239 0.319398
0 0.689525 0.571882 0.636383 0.571882 0.636383 0.443588 0.689525 0.443588
3 0.520561 0.756489 0.999999 0.756489 0.990028 0.736497 0.530862 0.736497
3 0.999999 0.756489 0.999999 0.134852 0.990028 0.156933 0.990028 0.736497
1 0.999999 0.487022 0.999999 0.404577 0.990028 0.404577 0.990028 0.487022
3 0.999999 0.134852 0.520630 0.134852 0.530924 0.156933 0.990028 0.156933
3 0.520630 0.134852 0.520561 0.756489 0.530862 0.736497 0.530924 0.156933
1 0.520601 0.402442 0.520590 0.486475 0.530888 0.486482 0.530899 0.402450
3 0.803255 0.756489 0.803255 0.588705 0.795111 0.572209 0.795111 0.756489
3 0.803255 0.588705 0.999999 0.588705 0.999999 0.572209 0.795111 0.572209
3 0.693077 0.756489 0.693077 0.571882 0.685151 0.587763 0.685151 0.756489
3 0.693077 0.571882 0.520583 0.571875 0.520583 0.587763 0.685151 0.587763
3 0.520608 0.319398 0.999999 0.319398 0.999999 0.304664 0.520608 0.304664
3 0.853945 0.304664 0.853945 0.588705 0.857181 0.588705 0.857181 0.304664
2 0.853945 0.375726 0.853945 0.435443 0.857181 0.435443 0.857181 0.375726
3 0.693179 0.587763 0.693179 0.436347 0.689525 0.443588 0.689525 0.587763
3 0.693179 0.436347 0.633829 0.436347 0.636383 0.443588 0.689525 0.443588
2 0.686561 0.436347 0.665148 0.436347 0.665148 0.443588 0.686561 0.443588
3 0.633829 0.436347 0.633829 0.587763 0.636383 0.587763 0.636383 0.443588
3 0.648461 0.443588 0.648461 0.412328 0.633822 0.412328 0.633822 0.443588
3 0.648446 0.412328 0.648446 0.304664 0.645239 0.304664 0.645239 0.412328
2 0.648446 0.389905 0.648446 0.330560 0.645239 0.330560 0.645239 0.389905
