0 0.835087 0.176292 0.929912 0.176292 0.929912 0.865718 0.835087 0.865718 0.835087 0.176292 0.835087 0.176292
0 0.489812 0.865718 0.201207 0.865718 0.201207 0.635444 0.489812 0.635444
0 0.814085 0.865718 0.489812 0.865718 0.489812 0.635444 0.491912 0.635444 0.491912 0.176292 0.814085 0.176292
0 0.273126 0.617837 0.020022 0.617837 0.020022 0.176292 0.273126 0.176292
0 0.481411 0.617837 0.280127 0.617837 0.280127 0.176292 0.481411 0.176292
0 0.192107 0.865718 0.020022 0.865718 0.020022 0.635444 0.192107 0.635444
3 0.020022 0.176292 0.814085 0.176292 0.835087 0.121124 0.002520 0.121124
1 0.085129 0.176292 0.216154 0.176292 0.216154 0.121124 0.085129 0.121124
1 0.326429 0.176292 0.454759 0.176292 0.454759 0.121124 0.326429 0.121124
3 0.835087 0.121124 0.835087 0.895063 0.814085 0.865718 0.814085 0.176292
1 0.835087 0.262777 0.835087 0.644623 0.814085 0.644623 0.814085 0.262777
2 0.835087 0.656279 0.835087 0.771862 0.814085 0.771862 0.814085 0.656279
3 0.835087 0.895063 0.002520 0.895063 0.020022 0.865718 0.814085 0.865718
2 0.269247 0.895063 0.206661 0.895063 0.206661 0.865718 0.269247 0.865718
3 0.020022 0.865718 0.020022 0.176292 0.002520 0.121124 0.002520 0.895063
3 0.002520 0.617837 0.481411 0.617837 0.491912 0.635444 0.002520 0.635444
2 0.208908 0.617837 0.268120 0.617837 0.268120 0.635444 0.208908 0.635444
2 0.330707 0.617837 0.380552 0.617837 0.380552 0.635444 0.330707 0.635444
3 0.491912 0.635444 0.491912 0.121124 0.481411 0.121124 0.481411 0.617837
3 0.280127 0.121124 0.280127 0.635444 0.273126 0.635444 0.273126 0.121124
3 0.201207 0.617837 0.201207 0.895063 0.192107 0.895063 0.192107 0.617837
2 0.201207 0.647428 0.201207 0.737904 0.192107 0.737904 0.192107 0.647428
