0 0.345858 0.286746 0.345858 0.085120 0.975662 0.084623 0.975662 0.286129 0.345858 0.286746 0.345858 0.286746
0 0.734632 0.907464 0.568949 0.907464 0.568949 0.837405 0.567692 0.837405 0.567692 0.742452 0.734632 0.742452
0 0.977985 0.883345 0.951409 0.883345 0.951409 0.907464 0.746058 0.907464 0.746058 0.742452 0.977985 0.742452
0 0.977985 0.742452 0.746058 0.742452 0.746058 0.741204 0.734632 0.741204 0.734632 0.742452 0.567692 0.742452 0.567692 0.540345 0.977985 0.540345
0 0.977985 0.540345 0.567692 0.540345 0.567692 0.308243 0.977985 0.308243
0 0.555466 0.539634 0.245001 0.539634 0.245001 0.308243 0.555466 0.308243
0 0.555466 0.751676 0.427338 0.751676 0.427338 0.750136 0.388469 0.750136 0.388469 0.548321 0.555466 0.548321
0 0.377995 0.750136 0.252123 0.750136 0.249267 0.625528 0.377995 0.625528
0 0.555466 0.837405 0.427338 0.837405 0.427338 0.785857 0.463102 0.785857 0.463102 0.759724 0.555466 0.759724
0 0.377995 0.614740 0.249267 0.614740 0.245001 0.614622 0.245001 0.548321 0.377995 0.548321
3 0.245001 0.308243 0.977985 0.308243 0.999886 0.286129 0.223100 0.286129
1 0.372377 0.308243 0.491364 0.308243 0.491364 0.286129 0.372377 0.286129
1 0.490773 0.308243 0.541773 0.308243 0.541773 0.286129 0.490773 0.286129
2 0.626176 0.308243 0.707065 0.308243 0.707065 0.286129 0.626176 0.286129
1 0.734612 0.308243 0.829575 0.308243 0.829575 0.286129 0.734612 0.286129
1 0.829575 0.308243 0.925700 0.308243 0.925700 0.286129 0.829575 0.286129
3 0.977985 0.308243 0.977985 0.907464 0.999886 0.924128 0.999886 0.286129
3 0.977985 0.907464 0.568949 0.907464 0.547048 0.924128 0.999886 0.924128
2 0.666825 0.907464 0.575348 0.907464 0.575348 0.924128 0.666825 0.924128
3 0.568949 0.907464 0.568949 0.837405 0.547048 0.855569 0.547048 0.924128
3 0.568949 0.837405 0.427338 0.837405 0.405437 0.855569 0.547048 0.855569
3 0.427338 0.837405 0.427338 0.750136 0.405437 0.769122 0.405437 0.855569
3 0.427338 0.750136 0.250219 0.750136 0.222900 0.769122 0.405437 0.769122
3 0.223100 0.614716 0.223100 0.286129 0.245001 0.308243 0.245001 0.614716
3 0.555466 0.286129 0.555466 0.855569 0.567692 0.855569 0.567692 0.286129
2 0.555466 0.464607 0.555466 0.530386 0.567692 0.530386 0.567692 0.464607
2 0.555466 0.628774 0.555466 0.692231 0.567692 0.692231 0.567692 0.628774
2 0.555466 0.784791 0.555466 0.834854 0.567692 0.834854 0.567692 0.784791
3 0.223100 0.548321 0.567692 0.548321 0.567692 0.539634 0.223100 0.539634
2 0.312302 0.548321 0.372672 0.548321 0.372672 0.539634 0.312302 0.539634
3 0.377995 0.539634 0.377995 0.769122 0.388469 0.769122 0.388469 0.539634
2 0.377995 0.629935 0.377995 0.693392 0.388469 0.693392 0.388469 0.629935
3 0.250219 0.625528 0.388469 0.625528 0.388469 0.614740 0.222900 0.614740
3 0.405437 0.759724 0.567692 0.759724 0.567692 0.750294 0.405437 0.750294
3 0.426500 0.751676 0.426500 0.785857 0.463102 0.785857 0.463102 0.751676
3 0.746058 0.924128 0.746058 0.741204 0.734632 0.741204 0.734632 0.924128
3 0.996210 0.883345 0.951409 0.883345 0.951409 0.910710 0.996210 0.910710
3 0.347381 0.286129 0.347381 0.085910 0.327385 0.085910 0.327385 0.286129
3 1.000000 0.286129 1.000000 0.084623 0.975662 0.084623 0.975662 0.286129
3 0.222900 0.614740 0.222900 0.769122 0.250219 0.750136 0.250219 0.625528
