0 0.461554 0.170841 0.583459 0.170841 0.583459 0.122216 0.461544 0.122216 0.461554 0.170841 0.461554 0.170841
0 0.215011 0.897000 0.686221 0.897000 0.686221 0.996717 0.211933 0.996717 0.211933 0.897000 0.218698 0.897000 0.215011 0.897000
0 0.674018 0.868782 0.482714 0.868782 0.482714 0.805287 0.674018 0.805287
0 0.969519 0.321981 0.808843 0.321981 0.808843 0.202597 0.969519 0.202597
0 0.317526 0.594624 0.118061 0.594624 0.118061 0.515576 0.218963 0.515576
0 0.197086 0.988104 0.000570 0.988104 0.000570 0.892329 0.197086 0.892329
0 0.793760 0.589176 0.676486 0.686029 0.594875 0.622581 0.711884 0.523444
0 0.979351 0.581237 0.797742 0.581237 0.718767 0.517099 0.803563 0.446355 0.803563 0.332204 0.979351 0.332204
0 0.979351 0.868782 0.683851 0.868782 0.683851 0.691573 0.683684 0.691573 0.807575 0.589168 0.979351 0.589168
0 0.472882 0.719196 0.472882 0.868782 0.118061 0.868782 0.118061 0.602555 0.326444 0.602555 0.326444 0.601961
0 0.223014 0.507645 0.403876 0.481196 0.673654 0.696244 0.675385 0.797530 0.482694 0.796127 0.483992 0.715802 0.222031 0.506940 0.223014 0.507645
0 0.403876 0.481196 0.547452 0.364230 0.725708 0.502800 0.581090 0.622502 0.403876 0.481196 0.403876 0.481196
0 0.725522 0.502847 0.547079 0.363873 0.547079 0.195118 0.793731 0.195118 0.793731 0.443175 0.725522 0.502847 0.725522 0.502847
0 0.224165 0.507804 0.403876 0.481196 0.548367 0.363405 0.547315 0.195340 0.118061 0.195118 0.118061 0.507645 0.224165 0.507804 0.224165 0.507804
3 0.118061 0.195118 0.793731 0.195118 0.793731 0.170532 0.081680 0.170532
2 0.483048 0.195118 0.560628 0.195118 0.560628 0.170532 0.483048 0.170532
1 0.609604 0.195118 0.747114 0.195118 0.747114 0.170532 0.609604 0.170532
1 0.177991 0.195118 0.381251 0.195118 0.381251 0.170532 0.177991 0.170532
3 0.793731 0.202597 0.969519 0.202597 1.000000 0.170532 0.793731 0.170532
1 0.833936 0.202597 0.875597 0.202597 0.875597 0.170532 0.833936 0.170532
3 1.000000 0.170532 1.000000 0.332204 0.969519 0.332204 0.969519 0.202597
3 1.000000 0.332204 1.000000 0.898127 0.979351 0.868782 0.979351 0.332204
3 0.979351 0.868782 0.197086 0.868782 0.211835 0.898127 1.000000 0.898127
2 0.669770 0.868782 0.583833 0.868782 0.583833 0.898127 0.669770 0.898127
1 0.372549 0.868782 0.232070 0.868782 0.232070 0.898127 0.372549 0.898127
1 0.882903 0.868782 0.745089 0.868782 0.745089 0.898127 0.882903 0.898127
3 0.197086 0.868782 0.118061 0.868782 0.081680 0.892329 0.197086 0.892329
3 0.118061 0.868782 0.118061 0.195118 0.081680 0.170532 0.081680 0.892329
3 0.197086 0.988104 0.197086 0.868782 0.211835 0.898127 0.211835 1.000000
2 0.197086 0.978079 0.197086 0.915170 0.211835 0.915170 0.211835 0.978079
3 0.081680 0.507645 0.223014 0.507645 0.218963 0.515576 0.081680 0.515576
3 0.223014 0.507645 0.482714 0.715897 0.472882 0.719196 0.218963 0.515576
2 0.390818 0.642202 0.445360 0.685942 0.438428 0.691565 0.383886 0.647825
3 0.482714 0.715897 0.482714 0.898127 0.472882 0.898127 0.472882 0.719196
3 0.793731 0.170532 0.793731 0.332117 0.808843 0.332117 0.808843 0.170532
3 0.793731 0.332117 0.793731 0.443175 0.803563 0.446355 0.803563 0.332117
3 0.793731 0.443175 0.587747 0.616982 0.587973 0.628268 0.803563 0.446355
2 0.791056 0.445427 0.738176 0.490047 0.745285 0.495527 0.798165 0.450907
3 0.588032 0.628212 0.674018 0.694951 0.683851 0.691573 0.594826 0.622478
2 0.612004 0.646818 0.664156 0.687298 0.670970 0.681580 0.618818 0.641100
3 0.674018 0.694951 0.674018 0.898127 0.683851 0.898127 0.683851 0.691573
2 0.674018 0.708069 0.674018 0.771683 0.683851 0.771683 0.683851 0.708069
3 0.677784 0.696157 0.807575 0.589120 0.793760 0.589176 0.670754 0.690613
3 0.793760 0.589176 0.705414 0.517694 0.712375 0.512095 0.807575 0.589120
3 0.795353 0.589168 1.000000 0.589168 1.000000 0.581237 0.795353 0.581237
3 0.587973 0.628268 0.522949 0.576804 0.529842 0.571141 0.587747 0.616982
3 0.451692 0.521009 0.403876 0.481196 0.417632 0.481251 0.458762 0.515489
3 0.403876 0.481196 0.548367 0.363405 0.555358 0.368980 0.417632 0.481251
3 0.795451 0.332117 1.000000 0.332204 1.000000 0.321981 0.795461 0.321894
2 0.814989 0.332125 0.882972 0.332157 0.882982 0.321934 0.814999 0.321902
3 0.326444 0.602555 0.081680 0.602555 0.081680 0.594624 0.326444 0.594624
2 0.257497 0.602555 0.194401 0.602555 0.194401 0.594624 0.257497 0.594624
3 0.472882 0.805287 0.683851 0.805287 0.683851 0.797356 0.472882 0.797356
2 0.578396 0.805287 0.667047 0.805287 0.667047 0.797356 0.578396 0.797356
