0 0.877459 0.736021 0.856730 0.736021 0.856730 0.693727 0.877459 0.693727
0 0.628244 0.796981 0.573630 0.796981 0.573630 0.740887 0.628244 0.740887
0 0.800825 0.806742 0.730624 0.806742 0.730624 0.740887 0.800825 0.740887
0 0.800825 0.879876 0.730624 0.879876 0.730624 0.812144 0.800825 0.812144
0 0.877459 0.882478 0.806543 0.882478 0.806543 0.812144 0.877459 0.812144
0 0.539287 0.834124 0.544081 0.834124 0.544081 0.802383 0.602145 0.802383 0.602145 0.879876 0.436306 0.879876 0.436306 0.802383 0.539287 0.802383
0 0.724906 0.879876 0.607863 0.879876 0.607863 0.802383 0.633962 0.802383 0.633962 0.740887 0.724906 0.740887
0 0.430588 0.879876 0.292674 0.879876 0.292674 0.693727 0.430588 0.693727
0 0.286956 0.879876 0.145434 0.879876 0.145434 0.693727 0.286956 0.693727
0 0.877459 0.688324 0.710291 0.688324 0.710291 0.506127 0.877459 0.506127
0 0.515008 0.644616 0.515008 0.693727 0.495857 0.693727 0.495857 0.644616
0 0.572343 0.609845 0.572343 0.688932 0.606124 0.688932 0.606124 0.693727 0.567912 0.693727 0.567912 0.609845
0 0.403608 0.506127 0.436030 0.506127 0.436030 0.688324 0.145434 0.688324 0.145434 0.506384 0.176937 0.506384 0.248005 0.438472 0.333345 0.438472
0 0.704573 0.693456 0.572381 0.693456 0.572381 0.506127 0.704573 0.506127
0 0.572381 0.693456 0.436306 0.693456 0.436306 0.688324 0.436030 0.688324 0.436030 0.506127 0.572381 0.506127
0 0.567912 0.796981 0.436306 0.796981 0.436306 0.693456 0.567912 0.693456
0 0.851012 0.741162 0.877459 0.741162 0.877459 0.806742 0.806543 0.806742 0.806543 0.739375 0.851012 0.739375
0 0.704573 0.693727 0.851012 0.693727 0.851012 0.739375 0.806543 0.739375 0.806543 0.735485 0.567912 0.735485 0.567912 0.693456 0.704573 0.693456
0 0.128279 0.490176 0.117129 0.490176 0.117129 0.364492 0.268671 0.364492 0.268671 0.242670 0.484768 0.242670 0.484768 0.364199 0.561703 0.364199 0.561703 0.491257 0.407739 0.490820 0.339344 0.424966 0.242039 0.424966 0.173796 0.490176 0.128279 0.490176 0.128279 0.490176
0 0.430588 0.894819 0.430588 0.982257 0.606596 0.982257 0.606596 0.894819 0.430588 0.894819 0.430588 0.894819
0 0.893661 0.688324 0.947031 0.688324 0.947031 0.786558 0.893661 0.786558 0.893661 0.688324 0.893661 0.688324
3 0.145434 0.506384 0.176937 0.506384 0.173796 0.490176 0.128279 0.490176
3 0.176937 0.506384 0.248005 0.438472 0.242039 0.424966 0.173796 0.490176
1 0.184061 0.499577 0.247604 0.438855 0.237436 0.429360 0.173896 0.490077
3 0.248005 0.438472 0.333345 0.438472 0.339344 0.424966 0.242039 0.424966
1 0.248615 0.438472 0.332315 0.438472 0.332315 0.424966 0.248615 0.424966
3 0.333345 0.438472 0.403608 0.506127 0.407739 0.490820 0.339344 0.424966
1 0.333245 0.438373 0.396846 0.499617 0.407053 0.490158 0.343447 0.428914
3 0.403608 0.506127 0.877459 0.506127 0.893661 0.490820 0.407739 0.490820
2 0.422654 0.506127 0.459656 0.506127 0.459656 0.490820 0.422654 0.490820
1 0.475476 0.506127 0.558924 0.506127 0.558924 0.490820 0.475476 0.490820
1 0.604861 0.506127 0.674271 0.506127 0.674271 0.490820 0.604861 0.490820
1 0.750576 0.506127 0.834277 0.506127 0.834277 0.490820 0.750576 0.490820
3 0.877459 0.506127 0.877459 0.882478 0.893661 0.894819 0.893661 0.490820
2 0.877459 0.697558 0.877459 0.733607 0.893661 0.733607 0.893661 0.697558
1 0.877459 0.741612 0.877459 0.780282 0.893661 0.780282 0.893661 0.741612
3 0.145434 0.879876 0.145434 0.506384 0.128279 0.490176 0.128279 0.894819
3 0.128279 0.693727 0.430588 0.693727 0.436306 0.688324 0.128279 0.688324
2 0.229678 0.693727 0.286703 0.693727 0.286703 0.688324 0.229678 0.688324
3 0.430588 0.693727 0.430588 0.894819 0.436306 0.894819 0.436306 0.688324
2 0.430588 0.727354 0.430588 0.761652 0.436306 0.761652 0.436306 0.727354
3 0.286956 0.688324 0.286956 0.894819 0.292674 0.894819 0.292674 0.688324
3 0.430588 0.802383 0.633962 0.802383 0.628244 0.796981 0.430588 0.796981
2 0.438679 0.802383 0.478078 0.802383 0.478078 0.796981 0.438679 0.796981
3 0.633962 0.802383 0.633962 0.735485 0.628244 0.740887 0.628244 0.796981
3 0.567912 0.735485 0.567912 0.802383 0.573630 0.802383 0.573630 0.740887
3 0.628244 0.735485 0.806543 0.735485 0.800825 0.740887 0.628244 0.740887
2 0.663025 0.735485 0.693718 0.735485 0.693718 0.740887 0.663025 0.740887
2 0.770819 0.735485 0.798137 0.735485 0.798137 0.740887 0.770819 0.740887
3 0.800825 0.740887 0.800825 0.812144 0.806543 0.812144 0.806543 0.735485
3 0.800825 0.812144 0.893661 0.812144 0.893661 0.806742 0.800825 0.806742
3 0.806543 0.812144 0.730624 0.812144 0.724906 0.806742 0.800825 0.806742
3 0.724906 0.812144 0.724906 0.740887 0.730624 0.740887 0.730624 0.812144
3 0.724906 0.806742 0.724906 0.894819 0.730624 0.894819 0.730624 0.812144
2 0.724906 0.814873 0.724906 0.841620 0.730624 0.841620 0.730624 0.814873
3 0.806543 0.812144 0.806543 0.879876 0.800825 0.879876 0.800825 0.812144
2 0.806543 0.814873 0.806543 0.840603 0.800825 0.840603 0.800825 0.814873
3 0.877459 0.882478 0.806543 0.882478 0.806543 0.894819 0.893661 0.894819
1 0.861353 0.882478 0.823627 0.882478 0.823627 0.894819 0.861353 0.894819
3 0.806543 0.879876 0.145434 0.879876 0.128279 0.894819 0.806543 0.894819
2 0.477054 0.879876 0.438903 0.879876 0.438903 0.894819 0.477054 0.894819
1 0.771610 0.879876 0.731410 0.879876 0.731410 0.894819 0.771610 0.894819
1 0.723853 0.879876 0.645175 0.879876 0.645175 0.894819 0.723853 0.894819
1 0.580973 0.879876 0.501494 0.879876 0.501494 0.894819 0.580973 0.894819
1 0.393005 0.879876 0.310343 0.879876 0.310343 0.894819 0.393005 0.894819
1 0.265240 0.879876 0.182979 0.879876 0.182979 0.894819 0.265240 0.894819
3 0.602145 0.796981 0.602145 0.894819 0.607863 0.894819 0.607863 0.796981
3 0.495857 0.693727 0.515008 0.693727 0.515008 0.644616 0.495857 0.644616
3 0.567912 0.693727 0.606124 0.693727 0.606124 0.688932 0.572343 0.688932
3 0.567912 0.693727 0.567912 0.609845 0.572343 0.609845 0.572343 0.688932
3 0.704573 0.693727 0.893661 0.693727 0.893661 0.688324 0.710291 0.688324
2 0.724715 0.693727 0.762732 0.693727 0.762732 0.688324 0.724715 0.688324
3 0.704573 0.693727 0.704563 0.490820 0.710281 0.490820 0.710291 0.688324
3 0.851012 0.688324 0.851012 0.741162 0.856730 0.736021 0.856730 0.688324
2 0.851012 0.698467 0.851012 0.733382 0.856730 0.733382 0.856730 0.698467
3 0.856730 0.736021 0.893661 0.736021 0.893661 0.741162 0.851012 0.741162
3 0.539287 0.796981 0.539287 0.834124 0.544081 0.834124 0.544081 0.796981
3 0.633962 0.735485 0.567912 0.735485 0.573630 0.740887 0.628244 0.740887
2 0.602583 0.735485 0.575260 0.735485 0.575260 0.740887 0.602583 0.740887
