0 0.743237 0.701434 0.622247 0.701434 0.622652 0.713338 0.362109 0.713338 0.362109 0.324100 0.743237 0.324100
0 0.979788 0.778371 0.816020 0.778371 0.816020 0.701434 0.743237 0.701434 0.743237 0.324100 0.979788 0.324100
0 0.816020 0.892008 0.530677 0.892008 0.530677 0.723881 0.622652 0.723881 0.622652 0.713338 0.622247 0.701434 0.816020 0.701434
0 0.977767 0.293429 0.977767 0.041310 0.610282 0.041310 0.610282 0.293429 0.977767 0.293429 0.977767 0.293429
0 0.349981 0.713338 0.061040 0.713338 0.061040 0.324100 0.349981 0.324100
0 0.519560 0.892008 0.201463 0.892008 0.201463 0.723881 0.519560 0.723881
0 0.187648 0.884705 0.069570 0.884705 0.069570 0.726709 0.187648 0.726709
0 0.979788 0.892008 0.828147 0.892008 0.828147 0.789873 0.979788 0.789873
3 1.000000 0.913095 1.000000 0.293429 0.979788 0.324100 0.979788 0.892008
3 1.000000 0.293429 0.042849 0.293429 0.061040 0.324100 0.979788 0.324100
1 0.939111 0.293429 0.821518 0.293429 0.821518 0.324100 0.939111 0.324100
1 0.821518 0.293429 0.789643 0.293429 0.789643 0.324100 0.821518 0.324100
2 0.717052 0.293429 0.634284 0.293429 0.634284 0.324100 0.717052 0.324100
1 0.569464 0.293429 0.386515 0.293429 0.386515 0.324100 0.569464 0.324100
1 0.265980 0.293429 0.234914 0.293429 0.234914 0.324100 0.265980 0.324100
1 0.234914 0.293429 0.115178 0.293429 0.115178 0.324100 0.234914 0.324100
3 0.042849 0.293429 0.042849 0.713338 0.061040 0.713338 0.061040 0.324100
3 0.042849 0.713338 0.042849 0.913095 0.069570 0.884705 0.069570 0.713338
3 0.519560 0.913095 1.000000 0.913095 0.979788 0.892008 0.519560 0.892008
2 0.645006 0.913095 0.736637 0.913095 0.736637 0.892008 0.645006 0.892008
3 0.519560 0.723881 0.519560 0.913095 0.530677 0.892008 0.530677 0.713338
2 0.519560 0.732767 0.519560 0.807662 0.530677 0.807662 0.530677 0.732767
3 0.362109 0.723881 0.362109 0.293429 0.349981 0.293429 0.349981 0.723881
2 0.362109 0.633784 0.362109 0.559224 0.349981 0.559224 0.349981 0.633784
3 0.828147 0.913095 0.828147 0.789873 0.816020 0.778371 0.816020 0.913095
3 0.828147 0.789873 1.000000 0.789873 1.000000 0.778371 0.816020 0.778371
2 0.831098 0.789873 0.894554 0.789873 0.894554 0.778371 0.831098 0.778371
3 0.743237 0.542796 0.743237 0.701434 0.755364 0.693172 0.755364 0.542796
3 0.743237 0.701434 0.816020 0.701434 0.816020 0.693172 0.755364 0.693172
3 0.519560 0.713338 0.622652 0.713338 0.622652 0.723881 0.519560 0.723881
3 0.042849 0.713338 0.201463 0.713338 0.201463 0.726709 0.042849 0.726709
3 0.201463 0.713338 0.530677 0.713338 0.519560 0.723881 0.201463 0.723881
3 0.042849 0.913095 0.201463 0.913095 0.201463 0.884705 0.069570 0.884705
3 0.201463 0.913095 0.519560 0.913095 0.519560 0.892008 0.201463 0.892008
3 0.201463 0.913095 0.201463 0.713338 0.187648 0.713338 0.187648 0.913095
2 0.201463 0.804202 0.201463 0.729076 0.187648 0.729076 0.187648 0.804202
3 1.000000 0.293429 1.000000 0.027892 0.977767 0.027892 0.977767 0.293429
