0 0.201350 0.924390 0.514596 0.924390 0.514596 1.000000 0.200435 1.000000 0.200435 0.924299
0 0.827940 1.000000 0.514596 1.000000 0.514596 0.924390 0.827940 0.924299
0 0.198065 0.138240 0.198801 0.576085 0.028837 0.576085 0.028837 0.138240 0.198065 0.138240 0.198065 0.138240
0 0.514558 0.924299 0.200435 0.924299 0.200435 0.803518 0.514558 0.803518
0 0.827940 0.924299 0.514558 0.924299 0.514558 0.803518 0.827738 0.803518
0 0.812688 0.478274 0.718141 0.478274 0.718141 0.439332 0.812688 0.439332
0 0.311432 0.478274 0.216776 0.478274 0.216776 0.439332 0.311432 0.439332
0 0.603510 0.363640 0.523589 0.363640 0.523589 0.301855 0.603505 0.301855
0 0.504867 0.363640 0.424940 0.363640 0.424940 0.301855 0.504867 0.301855
0 0.414046 0.373750 0.504818 0.373750 0.504818 0.444968 0.382066 0.444968 0.382207 0.340737 0.414046 0.340737
0 0.646930 0.444968 0.523600 0.444968 0.523600 0.373750 0.614404 0.373750 0.614404 0.340747 0.646930 0.340747
0 0.812688 0.431502 0.705683 0.431502 0.705683 0.292392 0.812688 0.292392
0 0.324385 0.431633 0.216776 0.431633 0.216776 0.292392 0.324385 0.292392
0 0.376766 0.234545 0.324385 0.252833 0.324385 0.285508 0.216776 0.285508 0.216776 0.077091 0.376766 0.077091
0 0.812688 0.286296 0.705683 0.286296 0.705683 0.249826 0.652377 0.236567 0.652377 0.077091 0.812688 0.077091
0 0.508479 0.787307 0.216776 0.787307 0.216776 0.582232 0.314085 0.582232 0.314085 0.578962 0.508479 0.578962
0 0.313752 0.576085 0.216776 0.576085 0.216776 0.483329 0.313752 0.483329
0 0.376766 0.298059 0.414046 0.298059 0.414046 0.335682 0.376766 0.335682 0.376608 0.438882 0.329833 0.438882 0.329833 0.256321 0.330100 0.256281 0.342628 0.251731 0.376766 0.239600
0 0.376608 0.453450 0.508479 0.453450 0.508479 0.578962 0.314085 0.578962 0.314085 0.576085 0.313752 0.576085 0.313752 0.483329 0.316879 0.483329 0.316879 0.439332 0.329833 0.439332 0.329833 0.438882 0.376608 0.438882
0 0.716387 0.582222 0.812688 0.582222 0.812688 0.787307 0.520462 0.787307 0.520462 0.578992 0.716387 0.578992
0 0.812688 0.576085 0.716387 0.576085 0.716387 0.578992 0.715619 0.578992 0.715619 0.483329 0.812688 0.483329
0 0.712694 0.483329 0.715619 0.483329 0.715619 0.578992 0.520462 0.578992 0.520462 0.453450 0.652377 0.453450 0.652377 0.439332 0.712694 0.439332
0 0.700236 0.253713 0.700236 0.439332 0.652377 0.439332 0.652377 0.335692 0.614404 0.335692 0.614404 0.298054 0.652377 0.298054 0.652377 0.242127
0 0.830952 0.192504 1.000000 0.192504 1.000000 0.575358 0.831676 0.575358 0.831676 0.191331 0.830952 0.192504
0 0.646930 0.292994 0.514754 0.293004 0.514754 0.077137 0.647017 0.077137
0 0.514754 0.293004 0.382213 0.293004 0.382294 0.077137 0.514754 0.077137
3 0.216776 0.077091 0.812688 0.077091 0.830663 0.060410 0.198801 0.060410
1 0.255141 0.077091 0.335639 0.077091 0.335639 0.060410 0.255141 0.060410
1 0.387573 0.077091 0.467744 0.077091 0.467744 0.060410 0.387573 0.060410
1 0.562199 0.077091 0.640420 0.077091 0.640420 0.060410 0.562199 0.060410
1 0.695279 0.077091 0.772531 0.077091 0.772531 0.060410 0.695279 0.060410
3 0.812688 0.077091 0.812688 0.787307 0.830663 0.803988 0.830663 0.060410
2 0.812688 0.501638 0.812688 0.542587 0.830663 0.542587 0.830663 0.501638
2 0.812688 0.485806 0.812688 0.501850 0.830663 0.501850 0.830663 0.485806
2 0.812688 0.355088 0.812688 0.394536 0.830663 0.394536 0.830663 0.355088
1 0.812688 0.221655 0.812688 0.249669 0.830663 0.249669 0.830663 0.221655
1 0.812688 0.603341 0.812688 0.633276 0.830663 0.633276 0.830663 0.603341
3 0.812688 0.787307 0.216776 0.787307 0.198801 0.803988 0.830663 0.803988
2 0.386064 0.787307 0.343096 0.787307 0.343096 0.803988 0.386064 0.803988
2 0.686019 0.787307 0.644032 0.787307 0.644032 0.803988 0.686019 0.803988
1 0.784014 0.787307 0.695627 0.787307 0.695627 0.803988 0.784014 0.803988
1 0.634548 0.787307 0.545574 0.787307 0.545574 0.803988 0.634548 0.803988
1 0.482147 0.787307 0.393461 0.787307 0.393461 0.803988 0.482147 0.803988
1 0.332088 0.787307 0.243408 0.787307 0.243408 0.803988 0.332088 0.803988
3 0.216776 0.787307 0.216776 0.077091 0.198801 0.060410 0.198801 0.803988
2 0.216776 0.395734 0.216776 0.355442 0.198801 0.355442 0.198801 0.395734
2 0.216776 0.542203 0.216776 0.502265 0.198801 0.502265 0.198801 0.542203
2 0.216776 0.502270 0.216776 0.485857 0.198801 0.485857 0.198801 0.502270
3 0.508860 0.060410 0.508860 0.293004 0.520250 0.293004 0.520250 0.060410
3 0.504867 0.293004 0.504867 0.373750 0.523589 0.373750 0.523589 0.293004
3 0.376766 0.060410 0.376766 0.298059 0.382213 0.293004 0.382213 0.060410
2 0.376766 0.248248 0.376766 0.287176 0.382213 0.287176 0.382213 0.248248
3 0.376766 0.298059 0.414046 0.298059 0.424940 0.293004 0.382213 0.293004
3 0.414046 0.301855 0.603505 0.301855 0.614399 0.293004 0.414046 0.293004
3 0.652377 0.060410 0.652377 0.298054 0.646930 0.292994 0.646930 0.060410
2 0.652377 0.247869 0.652377 0.287060 0.646930 0.287060 0.646930 0.247869
3 0.652377 0.298054 0.614399 0.298019 0.614404 0.292964 0.646930 0.292994
3 0.414046 0.298059 0.414046 0.373750 0.424940 0.363640 0.424940 0.293004
3 0.414046 0.373750 0.614404 0.373750 0.603510 0.363640 0.424940 0.363640
2 0.428029 0.373750 0.468992 0.373750 0.468992 0.363640 0.428029 0.363640
2 0.559753 0.373750 0.601734 0.373750 0.601734 0.363640 0.559753 0.363640
3 0.614404 0.373750 0.614399 0.293004 0.603505 0.301855 0.603510 0.363640
3 0.424940 0.335682 0.376766 0.335682 0.382207 0.340737 0.424940 0.340737
3 0.376766 0.335682 0.376608 0.453450 0.382066 0.444968 0.382207 0.340737
2 0.376717 0.373492 0.376662 0.413628 0.382109 0.413633 0.382164 0.373497
3 0.376608 0.453450 0.652377 0.453450 0.646930 0.444968 0.382066 0.444968
3 0.646930 0.444968 0.646930 0.340747 0.652377 0.335692 0.652377 0.453450
2 0.646930 0.413471 0.646930 0.373922 0.652377 0.373922 0.652377 0.413471
3 0.652377 0.335692 0.603510 0.335692 0.603510 0.340747 0.646930 0.340747
3 0.198801 0.439332 0.329833 0.439332 0.324385 0.431633 0.198801 0.431633
3 0.329833 0.439332 0.329833 0.256321 0.324385 0.252833 0.324385 0.431633
2 0.329833 0.393323 0.329833 0.357297 0.324385 0.357297 0.324385 0.393323
3 0.329833 0.256321 0.382213 0.237830 0.380279 0.233104 0.324385 0.252833
2 0.333667 0.254966 0.373808 0.240798 0.371869 0.236071 0.331728 0.250240
3 0.198801 0.292392 0.329833 0.292392 0.329833 0.285508 0.198801 0.285508
3 0.198801 0.483329 0.316879 0.483329 0.311432 0.478274 0.198801 0.478274
2 0.252069 0.483329 0.285160 0.483329 0.285160 0.478274 0.252069 0.478274
3 0.316879 0.483329 0.316879 0.431633 0.311432 0.431633 0.311432 0.478274
3 0.198801 0.582232 0.314085 0.582232 0.314085 0.576085 0.198801 0.576085
3 0.830663 0.439332 0.700236 0.439332 0.705683 0.431502 0.830663 0.431502
3 0.700236 0.439332 0.700236 0.253713 0.705683 0.249826 0.705683 0.431502
2 0.700236 0.392615 0.700236 0.358404 0.705683 0.358404 0.705683 0.392615
3 0.700236 0.253713 0.646663 0.240499 0.648063 0.235616 0.705683 0.249826
2 0.695965 0.252656 0.655939 0.242789 0.657339 0.237901 0.697365 0.247773
3 0.700236 0.292392 0.830663 0.292392 0.830663 0.286296 0.700236 0.286296
3 0.712694 0.431502 0.712694 0.483329 0.718141 0.478274 0.718141 0.431502
3 0.712694 0.483329 0.830663 0.483329 0.830663 0.478274 0.718141 0.478274
2 0.744233 0.483329 0.774982 0.483329 0.774982 0.478274 0.744233 0.478274
3 0.716387 0.576085 0.830663 0.576085 0.830663 0.582222 0.716387 0.582222
3 0.520462 0.803988 0.520462 0.453450 0.508479 0.453450 0.508479 0.803988
3 0.523600 0.453450 0.523600 0.373750 0.504818 0.373750 0.504818 0.453450
