0 0.237382 0.617066 0.121199 0.617066 0.121199 0.501419 0.237382 0.501419
0 0.435691 0.891096 0.121199 0.891096 0.121199 0.617066 0.308126 0.617066 0.308126 0.580502 0.435691 0.580502
0 0.496388 0.891096 0.441139 0.891096 0.441139 0.816761 0.496388 0.816761
0 0.644681 0.759051 0.568412 0.759051 0.568412 0.765574 0.594348 0.765574 0.594348 0.891096 0.496388 0.891096 0.496388 0.816761 0.441139 0.816761 0.441139 0.891096 0.435691 0.891096 0.435691 0.580502 0.644681 0.580502
0 0.437983 0.580476 0.442977 0.580502 0.308126 0.580502 0.308126 0.492287 0.324819 0.492287 0.324819 0.396565 0.437983 0.396565
0 0.582077 0.580404 0.644681 0.580404 0.644681 0.580502 0.442977 0.580502 0.442977 0.580476 0.498803 0.580476 0.498803 0.573954 0.442977 0.573954 0.442977 0.396565 0.582077 0.396565
0 0.324819 0.492287 0.203002 0.492287 0.203002 0.238692 0.324819 0.238692
0 0.153827 0.183995 0.082652 0.183995 0.082652 0.092787 0.153827 0.092787
0 0.271572 0.230135 0.203002 0.230135 0.203002 0.230030 0.159729 0.230030 0.159729 0.092787 0.271572 0.092787
0 0.986380 0.938866 0.825570 0.938866 0.825570 0.441922 0.986380 0.441922
0 0.819214 0.938866 0.650583 0.938866 0.650583 0.677450 0.819214 0.677450
0 0.819214 0.668971 0.650583 0.668971 0.650583 0.441922 0.819214 0.441922
0 0.153373 0.237857 0.197555 0.237857 0.197555 0.362127 0.082652 0.362127 0.082652 0.192475 0.153373 0.192475
0 0.196647 0.492287 0.082652 0.492287 0.082652 0.370606 0.196647 0.370606
0 0.644681 0.938866 0.598888 0.938866 0.598888 0.765574 0.644681 0.765574
0 0.644681 0.573882 0.587525 0.573882 0.587525 0.441922 0.644681 0.441922
0 0.301317 0.607283 0.243738 0.607283 0.243738 0.502071 0.301317 0.502071
0 0.838718 0.428864 0.838718 0.332268 0.886908 0.332268 0.886908 0.429001 0.838718 0.428864
3 0.121199 0.891096 0.598888 0.891096 0.589354 0.904793 0.107126 0.904793
2 0.445901 0.891096 0.486677 0.891096 0.486677 0.904793 0.445901 0.904793
1 0.522465 0.891096 0.549508 0.891096 0.549508 0.904793 0.522465 0.904793
1 0.348744 0.891096 0.417191 0.891096 0.417191 0.904793 0.348744 0.904793
1 0.276134 0.891096 0.342711 0.891096 0.342711 0.904793 0.276134 0.904793
1 0.186051 0.891096 0.269270 0.891096 0.269270 0.904793 0.186051 0.904793
3 0.598888 0.891096 0.598888 0.938866 0.589354 0.952563 0.589354 0.904793
3 0.589354 0.952563 0.999999 0.952563 0.986380 0.938866 0.598888 0.938866
2 0.844129 0.952563 0.963735 0.952563 0.963735 0.938866 0.844129 0.938866
1 0.655622 0.952563 0.814334 0.952563 0.814334 0.938866 0.655622 0.938866
1 0.613611 0.952563 0.642007 0.952563 0.642007 0.938866 0.613611 0.938866
3 0.986380 0.938866 0.986380 0.441922 0.999999 0.428877 0.999999 0.952563
1 0.986380 0.562070 0.986380 0.484852 0.999999 0.484852 0.999999 0.562070
1 0.986380 0.733640 0.986380 0.655013 0.999999 0.655013 0.999999 0.733640
1 0.986380 0.903241 0.986380 0.822533 0.999999 0.822533 0.999999 0.903241
3 0.986380 0.441922 0.582077 0.441922 0.591157 0.428877 0.999999 0.428877
1 0.642706 0.441922 0.614146 0.441922 0.614146 0.428877 0.642706 0.428877
1 0.814452 0.441922 0.655781 0.441922 0.655781 0.428877 0.814452 0.428877
2 0.878091 0.441922 0.847334 0.441922 0.847334 0.428877 0.878091 0.428877
3 0.582077 0.441922 0.582077 0.396565 0.591157 0.382216 0.591157 0.428877
3 0.582077 0.396565 0.324819 0.396565 0.333899 0.382216 0.591157 0.382216
2 0.377495 0.396565 0.338130 0.396565 0.338130 0.382216 0.377495 0.382216
1 0.433571 0.396565 0.380160 0.396565 0.380160 0.382216 0.433571 0.382216
1 0.543902 0.396565 0.446890 0.396565 0.446890 0.382216 0.543902 0.382216
3 0.324819 0.396565 0.324819 0.238692 0.333899 0.224995 0.333899 0.382216
1 0.324819 0.371813 0.324819 0.254300 0.333899 0.254300 0.333899 0.371813
3 0.324819 0.238692 0.271572 0.238692 0.281105 0.224995 0.333899 0.224995
3 0.271572 0.238692 0.271572 0.092787 0.281105 0.074544 0.281105 0.224995
2 0.271572 0.216666 0.271572 0.165296 0.281105 0.165296 0.281105 0.216666
1 0.271572 0.162341 0.271572 0.122222 0.281105 0.122222 0.281105 0.162341
3 0.271572 0.092787 0.082652 0.092787 0.070394 0.074544 0.281105 0.074544
3 0.082652 0.092787 0.082652 0.492287 0.070394 0.512507 0.070394 0.074544
1 0.082652 0.375694 0.082652 0.436391 0.070394 0.436391 0.070394 0.375694
1 0.082652 0.199512 0.082652 0.314821 0.070394 0.314821 0.070394 0.199512
3 0.082652 0.492287 0.121199 0.492287 0.107126 0.512507 0.070394 0.512507
3 0.121199 0.492287 0.121199 0.891096 0.107126 0.904793 0.107126 0.512507
3 0.121199 0.492287 0.243738 0.492287 0.243738 0.501419 0.121199 0.501419
3 0.243738 0.492287 0.243738 0.607283 0.237382 0.617066 0.237382 0.492287
3 0.243738 0.607283 0.301317 0.607283 0.308126 0.617066 0.237382 0.617066
3 0.301317 0.607283 0.301317 0.502071 0.308126 0.492287 0.308126 0.617066
3 0.308126 0.492287 0.243738 0.492287 0.243738 0.502071 0.301317 0.502071
2 0.273397 0.492287 0.245291 0.492287 0.245291 0.502071 0.273397 0.502071
3 0.203002 0.492287 0.203002 0.362127 0.196647 0.362127 0.196647 0.492287
3 0.203002 0.362127 0.082652 0.362127 0.082652 0.370606 0.196647 0.370606
2 0.155820 0.362127 0.123560 0.362127 0.123560 0.370606 0.155820 0.370606
3 0.203002 0.362127 0.203002 0.230030 0.197555 0.237857 0.197555 0.362127
3 0.203002 0.230030 0.159729 0.230030 0.153373 0.237857 0.197555 0.237857
2 0.195689 0.230030 0.162725 0.230030 0.162725 0.237857 0.195689 0.237857
3 0.153373 0.237857 0.153373 0.183995 0.159729 0.183995 0.159729 0.230030
3 0.153373 0.192475 0.082652 0.192475 0.082652 0.183995 0.159729 0.183995
3 0.159729 0.183995 0.159729 0.092787 0.153827 0.092787 0.153827 0.183995
2 0.159729 0.181941 0.159729 0.136291 0.153827 0.136291 0.153827 0.181941
3 0.281105 0.074544 0.379442 0.074544 0.379442 0.091502 0.281105 0.091502
3 0.582077 0.441922 0.582077 0.580404 0.587525 0.573882 0.587525 0.441922
3 0.582077 0.580404 0.644681 0.580404 0.650583 0.573882 0.587525 0.573882
2 0.588796 0.580404 0.620148 0.580404 0.620148 0.573882 0.588796 0.573882
3 0.650583 0.580404 0.650583 0.441922 0.644681 0.441922 0.644681 0.580404
3 0.650583 0.573882 0.650583 0.938866 0.644681 0.938866 0.644681 0.580404
2 0.650583 0.801832 0.650583 0.844012 0.644681 0.844012 0.644681 0.801832
2 0.650583 0.682166 0.650583 0.732864 0.644681 0.732864 0.644681 0.682166
2 0.650583 0.616036 0.650583 0.666499 0.644681 0.666499 0.644681 0.616036
3 0.650583 0.668971 0.825570 0.668971 0.819214 0.677450 0.650583 0.677450
3 0.825570 0.677450 0.825570 0.441922 0.819214 0.441922 0.819214 0.677450
3 0.825570 0.668971 0.825570 0.938866 0.819214 0.938866 0.819214 0.677450
3 0.644681 0.759051 0.568412 0.759051 0.568412 0.765574 0.644681 0.765574
3 0.598888 0.891096 0.598888 0.765574 0.594348 0.765574 0.594348 0.891096
3 0.501836 0.891096 0.501836 0.808934 0.496388 0.816761 0.496388 0.891096
3 0.501836 0.808934 0.441139 0.808934 0.435691 0.816761 0.496388 0.816761
2 0.488965 0.808934 0.447358 0.808934 0.447358 0.816761 0.488965 0.816761
3 0.435691 0.808934 0.435691 0.891096 0.441139 0.891096 0.441139 0.816761
3 0.435691 0.816761 0.435691 0.748961 0.441139 0.748961 0.441139 0.808934
3 0.107126 0.904793 0.107126 0.950098 0.114390 0.950098 0.114390 0.904793
3 0.498803 0.573954 0.442977 0.573954 0.437983 0.580476 0.498803 0.580476
2 0.488666 0.573954 0.455221 0.573954 0.455221 0.580476 0.488666 0.580476
3 0.442977 0.573954 0.442977 0.396565 0.437983 0.396565 0.437983 0.580476
3 0.271572 0.238692 0.203002 0.238692 0.203002 0.230135 0.271572 0.230135
2 0.268280 0.238692 0.234432 0.238692 0.234432 0.230135 0.268280 0.230135
3 0.999999 0.428877 0.999999 0.385393 0.993189 0.385393 0.993189 0.428877
