0 0.776978 0.858174 0.776978 0.945774 0.928703 0.945774 0.928703 0.858363 0.776978 0.858174 0.776978 0.858174
0 0.284004 0.857527 0.283680 1.000000 0.499156 0.999927 0.499156 0.858341 0.284594 0.858341 0.284004 0.857527
0 0.825312 0.295913 0.825312 0.220109 0.897266 0.220109 0.897266 0.295688 0.825312 0.295913 0.825312 0.295913
0 0.427862 0.597517 0.499156 0.597517 0.499156 0.711522 0.285390 0.711522 0.285390 0.596180 0.072700 0.596180 0.072700 0.596129 0.350995 0.596129 0.350995 0.562377 0.419945 0.562377 0.419945 0.606479 0.427408 0.606479 0.427408 0.553655 0.394658 0.553655 0.427862 0.553372
0 0.387817 0.322398 0.387817 0.419344 0.351076 0.419344 0.351076 0.428066 0.387817 0.428066 0.387817 0.553655 0.350982 0.553655 0.350995 0.562377 0.350995 0.596129 0.072700 0.596129 0.072700 0.322390 0.269457 0.322390
0 0.715690 0.597081 0.499156 0.597081 0.499156 0.597517 0.427862 0.597517 0.427862 0.553372 0.394658 0.553655 0.394658 0.388427 0.427345 0.388427 0.427345 0.322398 0.715690 0.322398
0 0.985073 0.840898 0.733103 0.840898 0.733725 0.490497 0.985073 0.490497
0 0.262616 0.314403 0.072700 0.314403 0.073260 0.046282 0.262616 0.046282
0 0.985073 0.482502 0.733725 0.482502 0.733725 0.322398 0.734024 0.322398 0.734024 0.315355 0.985073 0.315355
0 0.715690 0.605803 0.715068 0.829996 0.506619 0.829996 0.506619 0.605803
0 0.277928 0.829996 0.072078 0.829996 0.072700 0.604901 0.277928 0.604901
0 0.352469 0.160694 0.387817 0.160694 0.387817 0.314403 0.269457 0.314403 0.269457 0.046282 0.352469 0.046282
0 0.501184 0.180397 0.395280 0.180397 0.395280 0.152699 0.359310 0.152699 0.359310 0.046282 0.501184 0.046282
0 0.499156 0.829996 0.427451 0.829996 0.427451 0.776483 0.421232 0.776483 0.421232 0.829996 0.362400 0.829996 0.362400 0.719517 0.499156 0.719517
0 0.501184 0.311496 0.397146 0.311496 0.397146 0.191299 0.501184 0.191299
0 0.356181 0.829996 0.285390 0.829996 0.285390 0.719517 0.356181 0.719517
3 0.049049 0.018664 0.524816 0.018664 0.501184 0.046282 0.073260 0.046282
2 0.297804 0.018664 0.347245 0.018664 0.347245 0.046282 0.297804 0.046282
1 0.170985 0.018664 0.240452 0.018664 0.240452 0.046282 0.170985 0.046282
1 0.240452 0.018664 0.260365 0.018664 0.260365 0.046282 0.240452 0.046282
3 0.524816 0.018664 0.524816 0.295506 0.501184 0.322398 0.501184 0.046282
1 0.524816 0.056050 0.524816 0.083385 0.501184 0.083385 0.501184 0.056050
1 0.524816 0.083385 0.524816 0.122886 0.501184 0.122886 0.501184 0.083385
1 0.524816 0.202986 0.524816 0.251150 0.501184 0.251150 0.501184 0.202986
3 0.501184 0.322398 0.734024 0.322398 0.734024 0.295506 0.524816 0.295506
1 0.528722 0.322398 0.598878 0.322398 0.598878 0.295506 0.528722 0.295506
1 0.598878 0.322398 0.617635 0.322398 0.617635 0.295506 0.598878 0.295506
1 0.617635 0.322398 0.689178 0.322398 0.689178 0.295506 0.617635 0.295506
3 0.734024 0.315355 0.985073 0.315355 0.999998 0.295506 0.734024 0.295506
2 0.832433 0.315355 0.887994 0.315355 0.887994 0.295506 0.832433 0.295506
3 0.999998 0.295506 0.999998 0.858341 0.985073 0.840898 0.985073 0.315355
1 0.999998 0.367241 0.999998 0.409722 0.985073 0.409722 0.985073 0.367241
1 0.999998 0.409722 0.999998 0.432993 0.985073 0.432993 0.985073 0.409722
1 0.999998 0.432993 0.999998 0.474660 0.985073 0.474660 0.985073 0.432993
1 0.999998 0.496580 0.999998 0.535006 0.985073 0.535006 0.985073 0.496580
1 0.999998 0.535006 0.999998 0.559630 0.985073 0.559630 0.985073 0.535006
1 0.999998 0.559630 0.999998 0.598324 0.985073 0.598324 0.985073 0.559630
1 0.999998 0.598324 0.999998 0.625928 0.985073 0.625928 0.985073 0.598324
1 0.999998 0.625928 0.999998 0.663270 0.985073 0.663270 0.985073 0.625928
3 0.999998 0.858341 0.733103 0.858341 0.733103 0.840898 0.985073 0.840898
2 0.917167 0.858341 0.783620 0.858341 0.783620 0.840898 0.917167 0.840898
3 0.733103 0.858341 0.047781 0.858341 0.072078 0.829996 0.733103 0.829996
2 0.490008 0.858341 0.434472 0.858341 0.434472 0.829996 0.490008 0.829996
1 0.581589 0.858341 0.562254 0.858341 0.562254 0.829996 0.581589 0.829996
1 0.653724 0.858341 0.581167 0.858341 0.581167 0.829996 0.653724 0.829996
1 0.402413 0.858341 0.365330 0.858341 0.365330 0.829996 0.402413 0.829996
1 0.348756 0.858341 0.311865 0.858341 0.311865 0.829996 0.348756 0.829996
1 0.150096 0.858341 0.130568 0.858341 0.130568 0.829996 0.150096 0.829996
1 0.222697 0.858341 0.150096 0.858341 0.150096 0.829996 0.222697 0.829996
3 0.047781 0.858341 0.049049 0.018664 0.073260 0.046282 0.072078 0.829996
1 0.048253 0.544498 0.048384 0.458366 0.072638 0.458417 0.072507 0.544549
1 0.048384 0.458954 0.048421 0.434338 0.072675 0.434382 0.072638 0.458998
1 0.048421 0.434331 0.048539 0.354224 0.072794 0.354275 0.072675 0.434382
1 0.048539 0.354224 0.048583 0.328757 0.072837 0.328808 0.072794 0.354275
3 0.734024 0.295506 0.733103 0.858341 0.715068 0.858305 0.715988 0.295463
3 0.715671 0.490497 0.999998 0.490497 0.999998 0.482502 0.715671 0.482502
2 0.759882 0.490497 0.813876 0.490497 0.813876 0.482502 0.759882 0.482502
3 0.501184 0.322398 0.427345 0.322398 0.387817 0.311496 0.501184 0.311496
3 0.387817 0.322398 0.387817 0.180397 0.397146 0.180397 0.397146 0.311496
3 0.387817 0.180397 0.524816 0.180397 0.524816 0.191299 0.397146 0.191299
2 0.398844 0.180397 0.441407 0.180397 0.441407 0.191299 0.398844 0.191299
3 0.387817 0.180397 0.387817 0.160694 0.395280 0.152699 0.395280 0.180397
3 0.395280 0.152699 0.359310 0.152699 0.352469 0.160694 0.387817 0.160694
3 0.352469 0.160694 0.352469 0.018664 0.359310 0.018664 0.359310 0.152699
2 0.352469 0.149109 0.352469 0.097259 0.359310 0.097259 0.359310 0.149109
3 0.387817 0.322398 0.048589 0.322390 0.048589 0.314396 0.387817 0.314403
2 0.258574 0.322390 0.209021 0.322390 0.209021 0.314396 0.258574 0.314396
2 0.343059 0.322398 0.294053 0.322390 0.294053 0.314396 0.343059 0.314403
3 0.269457 0.322390 0.269457 0.018664 0.262616 0.018664 0.262616 0.322390
3 0.387817 0.311496 0.387817 0.388427 0.427345 0.388427 0.427345 0.322398
3 0.387817 0.388427 0.387817 0.553655 0.394658 0.562377 0.394658 0.388427
3 0.394658 0.553655 0.427408 0.553655 0.419945 0.562377 0.394658 0.562377
3 0.427408 0.553655 0.427408 0.606479 0.419945 0.606479 0.419945 0.562377
3 0.394658 0.562377 0.350982 0.562377 0.350982 0.553655 0.387817 0.553655
3 0.351076 0.428066 0.394658 0.428066 0.394658 0.419344 0.351076 0.419344
3 0.048160 0.604901 0.277928 0.604901 0.285390 0.596180 0.048160 0.596180
3 0.285390 0.596180 0.285390 0.858341 0.277928 0.858341 0.277928 0.604901
2 0.285390 0.608078 0.285390 0.664964 0.277928 0.664964 0.277928 0.608078
3 0.506619 0.858341 0.506619 0.605803 0.499156 0.597081 0.499156 0.858341
2 0.506619 0.665538 0.506619 0.608557 0.499156 0.608557 0.499156 0.665538
3 0.499156 0.597081 0.733532 0.597081 0.733532 0.605803 0.506619 0.605803
3 0.277928 0.719517 0.506619 0.719517 0.506619 0.711522 0.277928 0.711522
2 0.435430 0.719517 0.493516 0.719517 0.493516 0.711522 0.435430 0.711522
2 0.309837 0.719517 0.353401 0.719517 0.353401 0.711522 0.309837 0.711522
3 0.362400 0.858341 0.362400 0.711522 0.356181 0.711522 0.356181 0.858341
2 0.362400 0.773503 0.362400 0.723332 0.356181 0.723332 0.356181 0.773503
3 0.427451 0.858341 0.427451 0.776483 0.421232 0.776483 0.421232 0.858341
