0 0.166999 0.999998 0.449838 0.999998 0.449838 0.913216 0.166999 0.913158 0.166999 0.999998
0 0.728743 0.127354 0.570390 0.127354 0.570390 0.056684 0.268493 0.056684 0.268493 0.281193 0.728845 0.281251 0.728743 0.127354 0.728743 0.127354
0 0.569564 0.551262 0.402413 0.551262 0.402413 0.548038 0.261337 0.548038 0.261337 0.295693 0.569564 0.295693
0 0.569564 0.560492 0.728845 0.560492 0.728845 0.644694 0.463366 0.644694 0.463366 0.754744 0.402413 0.754744 0.402413 0.551262 0.569564 0.551262
0 0.939012 0.426827 0.877662 0.426827 0.877662 0.482015 0.904376 0.560188 0.904479 0.560326 0.904479 0.644694 0.736426 0.644694 0.736426 0.281236 0.736331 0.141811 0.939012 0.141811
0 0.161340 0.985541 0.041952 0.985541 0.041952 0.555591 0.161340 0.555591
0 0.396349 0.898701 0.261337 0.898701 0.261337 0.559603 0.396349 0.559603
0 0.728845 0.548927 0.575628 0.548927 0.575628 0.295693 0.728845 0.295693
0 0.254514 0.898701 0.168162 0.898701 0.168162 0.585343 0.254514 0.585343
0 0.728845 0.898701 0.603832 0.898701 0.603832 0.656982 0.728845 0.656982
0 0.161340 0.545602 0.041952 0.545602 0.041952 0.295693 0.161340 0.295693
0 0.852543 0.898701 0.736426 0.898701 0.736426 0.656982 0.852543 0.656982
0 0.254514 0.572332 0.168162 0.572332 0.168162 0.295693 0.254514 0.295693
0 0.597389 0.898701 0.533097 0.898701 0.533097 0.802016 0.516397 0.755438 0.515278 0.755438 0.515278 0.656982 0.597389 0.656982
0 0.939012 0.898701 0.857850 0.898701 0.857850 0.656982 0.939012 0.656982
0 0.527790 0.805146 0.527790 0.898701 0.454318 0.898701 0.454318 0.765557 0.513599 0.765557
0 0.449012 0.898701 0.402413 0.898701 0.402413 0.765557 0.449012 0.765557
0 0.939012 0.551074 0.907511 0.551074 0.882968 0.479008 0.882968 0.436947 0.939012 0.436947
0 0.509972 0.755438 0.469809 0.755438 0.469809 0.656982 0.509972 0.656982
0 0.939012 0.644694 0.909785 0.644694 0.909785 0.561193 0.939012 0.561193
3 0.034371 0.281236 0.736426 0.281236 0.728845 0.295693 0.041952 0.295693
2 0.110022 0.281236 0.145644 0.281236 0.145644 0.295693 0.110022 0.295693
1 0.293968 0.281236 0.383807 0.281236 0.383807 0.295693 0.293968 0.295693
2 0.399715 0.281236 0.435147 0.281236 0.435147 0.295693 0.399715 0.295693
1 0.507554 0.281236 0.554963 0.281236 0.554963 0.295693 0.507554 0.295693
1 0.619274 0.281236 0.671221 0.281236 0.671221 0.295693 0.619274 0.295693
3 0.736426 0.281236 0.736426 0.898701 0.728845 0.913158 0.728845 0.281251
2 0.736426 0.562263 0.736426 0.642041 0.728845 0.642041 0.728845 0.562263
3 0.736426 0.913158 0.166999 0.913158 0.161340 0.898701 0.728845 0.898701
1 0.199808 0.913158 0.178813 0.913158 0.178813 0.898701 0.199808 0.898701
2 0.245235 0.913158 0.210118 0.913158 0.210118 0.898701 0.245235 0.898701
1 0.373213 0.913158 0.322134 0.913158 0.322134 0.898701 0.373213 0.898701
2 0.443694 0.913158 0.410498 0.913158 0.410498 0.898701 0.443694 0.898701
1 0.505132 0.913158 0.475036 0.913158 0.475036 0.898701 0.505132 0.898701
1 0.581189 0.913158 0.549452 0.913158 0.549452 0.898701 0.581189 0.898701
1 0.688800 0.913158 0.640364 0.913158 0.640364 0.898701 0.688800 0.898701
3 0.166999 0.913158 0.166999 0.999998 0.161340 0.985541 0.161340 0.898701
2 0.166999 0.921571 0.166999 0.980539 0.161340 0.980539 0.161340 0.921571
3 0.166999 0.999998 0.034371 0.999998 0.041952 0.985541 0.161340 0.985541
2 0.145219 0.999998 0.052837 0.999998 0.052837 0.985541 0.145219 0.985541
3 0.034371 0.999998 0.034371 0.281236 0.041952 0.295693 0.041952 0.985541
1 0.034371 0.644759 0.034371 0.594046 0.041952 0.594046 0.041952 0.644759
1 0.034371 0.707023 0.034371 0.649277 0.041952 0.649277 0.041952 0.707023
3 0.161340 0.898701 0.161340 0.281236 0.168162 0.281236 0.168162 0.898701
2 0.161340 0.490299 0.161340 0.427991 0.168162 0.427991 0.168162 0.490299
3 0.254514 0.913158 0.254514 0.281236 0.261337 0.281236 0.261337 0.913158
2 0.254514 0.882951 0.254514 0.817882 0.261337 0.817882 0.261337 0.882951
3 0.034371 0.555591 0.168162 0.555591 0.168162 0.545602 0.034371 0.545602
2 0.120764 0.555591 0.156321 0.555591 0.156321 0.545602 0.120764 0.545602
3 0.161340 0.585343 0.261337 0.585343 0.261337 0.572332 0.161340 0.572332
3 0.254514 0.559603 0.396349 0.559603 0.402413 0.548038 0.254514 0.548038
3 0.396349 0.559603 0.396349 0.913158 0.402413 0.913158 0.402413 0.548038
2 0.396349 0.599062 0.396349 0.696903 0.402413 0.696903 0.402413 0.599062
3 0.569564 0.281236 0.569564 0.560492 0.575628 0.548927 0.575628 0.281236
3 0.569564 0.560492 0.736426 0.560492 0.736426 0.548927 0.575628 0.548927
2 0.578975 0.560492 0.611690 0.560492 0.611690 0.548927 0.578975 0.548927
3 0.728845 0.913158 0.946593 0.913158 0.939012 0.898701 0.736426 0.898701
1 0.767640 0.913158 0.816732 0.913158 0.816732 0.898701 0.767640 0.898701
1 0.879133 0.913158 0.918135 0.913158 0.918135 0.898701 0.879133 0.898701
3 0.946593 0.913158 0.946593 0.127354 0.939012 0.141811 0.939012 0.898701
2 0.946593 0.639424 0.946593 0.575765 0.939012 0.575765 0.939012 0.639424
3 0.946593 0.127354 0.728743 0.127354 0.736331 0.141811 0.939012 0.141811
1 0.796116 0.127354 0.745610 0.127354 0.745610 0.141811 0.796116 0.141811
1 0.904763 0.127354 0.854844 0.127354 0.854844 0.141811 0.904763 0.141811
3 0.736331 0.141811 0.736426 0.281236 0.728845 0.281251 0.728743 0.127354
1 0.736339 0.153586 0.736407 0.253256 0.728826 0.253277 0.728758 0.153600
3 0.946593 0.644694 0.463366 0.644694 0.469809 0.656982 0.946593 0.656982
2 0.502554 0.644694 0.477094 0.644694 0.477094 0.656982 0.502554 0.656982
2 0.580120 0.644694 0.554721 0.644694 0.554721 0.656982 0.580120 0.656982
2 0.723891 0.644694 0.691241 0.644694 0.691241 0.656982 0.723891 0.656982
2 0.770717 0.644694 0.739356 0.644694 0.739356 0.656982 0.770717 0.656982
2 0.896761 0.644694 0.862925 0.644694 0.862925 0.656982 0.896761 0.656982
3 0.463366 0.644694 0.463366 0.765557 0.469809 0.755438 0.469809 0.656982
3 0.463366 0.754744 0.396349 0.754744 0.396349 0.765557 0.469809 0.765557
2 0.444573 0.754744 0.410926 0.754744 0.410926 0.765557 0.444573 0.765557
3 0.603832 0.644694 0.603832 0.913158 0.597389 0.913158 0.597389 0.644694
3 0.463366 0.765557 0.513599 0.765557 0.516397 0.755438 0.469809 0.755438
3 0.515278 0.765557 0.515278 0.644694 0.509972 0.644694 0.509972 0.755438
3 0.513599 0.765557 0.527790 0.805146 0.533097 0.802016 0.516397 0.755438
2 0.514626 0.768434 0.525296 0.798185 0.529674 0.792475 0.519008 0.762716
3 0.527790 0.805146 0.527790 0.913158 0.533097 0.913158 0.533097 0.802016
3 0.449012 0.754744 0.449012 0.913158 0.454318 0.913158 0.454318 0.754744
3 0.852543 0.644694 0.852543 0.913158 0.857850 0.913158 0.857850 0.644694
3 0.946593 0.426827 0.877662 0.426827 0.882968 0.436947 0.946593 0.436947
3 0.877662 0.426827 0.877662 0.482015 0.882968 0.479008 0.882968 0.436947
3 0.877662 0.482015 0.904479 0.560326 0.909785 0.557312 0.882968 0.479008
2 0.882771 0.496941 0.897307 0.539378 0.901750 0.533849 0.887217 0.491412
3 0.904479 0.560326 0.904479 0.656982 0.909785 0.656982 0.909785 0.557312
2 0.904479 0.580912 0.904479 0.629912 0.909785 0.629912 0.909785 0.580912
3 0.904839 0.551124 0.946593 0.551074 0.946597 0.561193 0.904839 0.561244
