0 0.088145 0.895541 0.088296 0.703080 0.318061 0.703080 0.318061 0.752093 0.274573 0.751982 0.274573 0.895541 0.088145 0.895541 0.088145 0.895541
0 0.318316 0.581834 0.318107 0.581834 0.318107 0.684779 0.315793 0.684779 0.315793 0.703080 0.088053 0.703080 0.088215 0.260427 0.318316 0.260427
0 0.593363 0.581834 0.318316 0.581834 0.318316 0.260427 0.593363 0.260427
0 0.935194 0.751982 0.821925 0.751982 0.821925 0.720280 0.782719 0.720280 0.782719 0.591930 0.935194 0.591930
0 0.935194 0.581834 0.896751 0.581834 0.896751 0.591930 0.796038 0.591930 0.796038 0.581834 0.606093 0.581834 0.606093 0.260427 0.935194 0.260427
0 0.088215 0.228302 0.088215 0.064964 0.699630 0.064772 0.699630 0.228302 0.088215 0.228302 0.088215 0.228302
0 0.768844 0.751982 0.338937 0.751982 0.338937 0.591930 0.768844 0.591930
3 0.088215 0.260427 0.699630 0.260427 0.699630 0.228302 0.063925 0.228302
2 0.214548 0.260427 0.311824 0.260427 0.311824 0.228302 0.214548 0.228302
1 0.336600 0.260427 0.544262 0.260427 0.544262 0.228302 0.336600 0.228302
3 0.699630 0.260427 0.935194 0.260427 0.999998 0.217288 0.699630 0.217288
1 0.762849 0.260427 0.900928 0.260427 0.900928 0.217288 0.762849 0.217288
3 0.935194 0.260427 0.935194 0.751982 0.999998 0.771257 0.999998 0.217288
1 0.935194 0.313891 0.935194 0.370815 0.999998 0.370815 0.999998 0.313891
3 0.935194 0.751982 0.274573 0.751982 0.298874 0.771257 0.999998 0.771257
3 0.274573 0.751982 0.274573 0.895541 0.298874 0.914816 0.298874 0.771257
3 0.274573 0.895541 0.088053 0.895541 0.063751 0.914816 0.298874 0.914816
2 0.268162 0.895541 0.160761 0.895541 0.160761 0.914816 0.268162 0.914816
3 0.088053 0.895541 0.088215 0.260427 0.063925 0.228302 0.063751 0.914816
3 0.063913 0.260427 0.063913 0.058540 0.088215 0.058540 0.088215 0.260427
3 0.699630 0.260427 0.699630 0.058347 0.740133 0.058347 0.740133 0.260427
3 0.338937 0.771257 0.338937 0.739913 0.318107 0.739913 0.318107 0.771257
3 0.338937 0.739913 0.338937 0.684779 0.315793 0.684779 0.315793 0.739913
3 0.338937 0.684779 0.338937 0.591930 0.318107 0.581834 0.318107 0.684779
2 0.338937 0.672195 0.338937 0.596263 0.318107 0.596263 0.318107 0.672195
3 0.338937 0.591930 0.796038 0.591930 0.796038 0.581834 0.318107 0.581834
3 0.896751 0.591930 0.999998 0.591930 0.999998 0.581834 0.896751 0.581834
3 0.768844 0.771257 0.768844 0.720280 0.821925 0.720280 0.821925 0.771257
3 0.768844 0.720280 0.768844 0.581834 0.782719 0.581834 0.782719 0.720280
3 0.606093 0.591930 0.606093 0.228302 0.593363 0.228302 0.593363 0.591930
2 0.606093 0.567259 0.606093 0.489371 0.593363 0.489371 0.593363 0.567259
3 0.063797 0.744071 0.128671 0.744071 0.128671 0.703493 0.063797 0.703493
