0 0.951932 0.255858 0.922135 0.255858 0.922135 0.262655 0.859740 0.262655 0.859740 0.255858 0.830611 0.255858 0.829614 0.255858 0.829614 0.020664 0.951932 0.020664 0.951932 0.255858
0 0.154354 0.665895 0.023215 0.665895 0.023402 0.225835 0.154354 0.225835 0.154354 0.665895
0 0.723767 0.904887 0.600193 0.904887 0.600193 0.544986 0.723767 0.544986
0 0.927339 0.708005 0.807700 0.708005 0.807700 0.814652 0.730886 0.814652 0.730886 0.544986 0.848117 0.544986 0.848117 0.634767 0.856530 0.634767 0.856530 0.544986 0.927339 0.544986
0 0.683777 0.544986 0.593074 0.544986 0.593074 0.668029 0.175064 0.668029 0.175064 0.304584 0.683777 0.304584
0 0.613357 0.296345 0.376060 0.296345 0.376060 0.040438 0.613357 0.040438
0 0.804374 0.279455 0.683130 0.279455 0.683130 0.296345 0.618534 0.296345 0.618534 0.040438 0.804374 0.040438
0 0.741584 0.544986 0.741584 0.670089 0.730918 0.670089 0.730918 0.544986
0 0.922135 0.287991 0.927339 0.287991 0.927339 0.535099 0.689602 0.535099 0.689602 0.287694 0.804374 0.287694 0.804374 0.287991 0.859740 0.287991 0.859740 0.278112 0.922135 0.278112
0 0.370882 0.296345 0.175064 0.296345 0.175064 0.040438 0.370882 0.040438
0 0.921857 0.898552 0.820644 0.898552 0.820644 0.724483 0.921857 0.724483
0 0.813525 0.904887 0.730886 0.904887 0.730886 0.823716 0.813525 0.823716
3 0.175064 0.040438 0.804374 0.040438 0.829614 0.007481 0.154354 0.007481
1 0.212490 0.040438 0.329424 0.040438 0.329424 0.007481 0.212490 0.007481
1 0.457955 0.040438 0.572953 0.040438 0.572953 0.007481 0.457955 0.007481
3 0.804374 0.040438 0.804374 0.287991 0.829614 0.255858 0.829614 0.007481
1 0.804374 0.089765 0.804374 0.214819 0.829614 0.214819 0.829614 0.089765
3 0.804374 0.287991 0.859740 0.287991 0.859740 0.255858 0.829614 0.255858
3 0.859740 0.278112 0.922135 0.278112 0.922135 0.262655 0.859740 0.262655
2 0.861197 0.278112 0.919100 0.278112 0.919100 0.262655 0.861197 0.262655
3 0.922135 0.287991 0.927339 0.287991 0.951932 0.255858 0.922135 0.255858
3 0.600193 0.904887 0.600193 0.668029 0.585955 0.686155 0.585955 0.924661
3 0.600193 0.668029 0.175064 0.668029 0.154354 0.686155 0.585955 0.686155
3 0.154354 0.684021 0.013047 0.684021 0.013047 0.665895 0.154354 0.665895
3 0.175064 0.668029 0.175064 0.684021 0.154354 0.684021 0.154354 0.686155
3 0.175064 0.684021 0.175064 0.040438 0.154354 0.007481 0.154354 0.684021
2 0.175064 0.410169 0.175064 0.334830 0.154354 0.334830 0.154354 0.410169
3 0.175064 0.304584 0.689602 0.304584 0.689602 0.296345 0.175064 0.296345
2 0.238345 0.304584 0.321476 0.304584 0.321476 0.296345 0.238345 0.296345
2 0.503801 0.304584 0.556515 0.304584 0.556515 0.296345 0.503801 0.296345
2 0.620806 0.304584 0.674315 0.304584 0.674315 0.296345 0.620806 0.296345
3 0.683130 0.304584 0.683130 0.279455 0.689602 0.287694 0.689602 0.304584
3 0.683130 0.279455 0.804374 0.279455 0.804374 0.287694 0.689602 0.287694
3 0.618534 0.296345 0.618534 0.007481 0.613357 0.007481 0.613357 0.296345
3 0.376060 0.296345 0.376060 0.007481 0.370882 0.007481 0.370882 0.296345
3 0.689602 0.304584 0.689602 0.535099 0.683777 0.544986 0.683777 0.304584
2 0.689602 0.405720 0.689602 0.481932 0.683777 0.481932 0.683777 0.405720
3 0.683777 0.544986 0.951932 0.544986 0.951932 0.535099 0.689602 0.535099
3 0.600193 0.668029 0.600193 0.544986 0.593074 0.544986 0.593074 0.668029
3 0.723767 0.544986 0.723767 0.684021 0.730886 0.684021 0.730886 0.544986
3 0.723767 0.684021 0.723767 0.904887 0.730886 0.904887 0.730886 0.684021
2 0.723767 0.827580 0.723767 0.888582 0.730886 0.888582 0.730886 0.827580
2 0.723767 0.689146 0.723767 0.757193 0.730886 0.757193 0.730886 0.689146
3 0.741584 0.670089 0.741584 0.544986 0.730918 0.544986 0.730918 0.670089
3 0.820644 0.904887 0.820644 0.814652 0.813525 0.823716 0.813525 0.924661
3 0.813525 0.823716 0.730886 0.823716 0.730886 0.814652 0.820644 0.814652
3 0.820644 0.814652 0.820644 0.724483 0.807700 0.708005 0.807700 0.814652
3 0.807700 0.708005 0.927339 0.708005 0.951932 0.724483 0.820644 0.724483
2 0.874173 0.708005 0.914719 0.708005 0.914719 0.724483 0.874173 0.724483
3 0.927339 0.287991 0.927339 0.708005 0.951932 0.708005 0.951932 0.255858
1 0.927339 0.334797 0.927339 0.482731 0.951932 0.482731 0.951932 0.334797
1 0.927339 0.628720 0.927339 0.700516 0.951932 0.700516 0.951932 0.628720
3 0.921857 0.708005 0.921857 0.898552 0.951932 0.924661 0.951932 0.708005
1 0.921857 0.744035 0.921857 0.809898 0.951932 0.809898 0.951932 0.744035
3 0.921857 0.898552 0.820644 0.898552 0.820644 0.924661 0.951932 0.924661
3 0.820644 0.904887 0.600193 0.904887 0.585955 0.924661 0.820644 0.924661
2 0.667779 0.904887 0.608600 0.904887 0.608600 0.924661 0.667779 0.924661
3 0.856530 0.544986 0.856530 0.634767 0.848117 0.634767 0.848117 0.544986
