0 0.423326 0.496724 0.187121 0.496724 0.187121 0.199917 0.423326 0.199917
0 0.551094 0.546841 0.429284 0.546841 0.429284 0.507250 0.424253 0.507250 0.424253 0.496724 0.423326 0.496724 0.423326 0.199917 0.551094 0.199917
0 0.422124 0.804903 0.351489 0.804903 0.351489 0.681781 0.422124 0.681781
0 0.494503 0.732553 0.501544 0.732553 0.501544 0.681781 0.501625 0.681781 0.501625 0.804903 0.429165 0.804903 0.429165 0.681781 0.494503 0.681781
0 0.424253 0.507250 0.423326 0.507250 0.423326 0.555619 0.551094 0.555619 0.551094 0.804903 0.501625 0.804903 0.501625 0.681781 0.501544 0.681781 0.501544 0.671407 0.351489 0.671407 0.351489 0.496876 0.187121 0.496876 0.187121 0.496724 0.424253 0.496724
0 0.040035 0.339366 0.040035 0.184754 0.072097 0.184762 0.071994 0.175976 0.172498 0.175976 0.172498 0.338975 0.040035 0.339366 0.040035 0.339366
0 0.344449 0.804903 0.187652 0.804903 0.187652 0.625895 0.187121 0.625895 0.187121 0.507250 0.344449 0.507250
0 0.173039 0.493524 0.054116 0.493524 0.054116 0.368096 0.173039 0.368096
0 0.173039 0.625895 0.054116 0.625895 0.054116 0.503898 0.173039 0.503898
0 0.551636 0.841501 0.565982 0.841868 0.565982 0.982706 0.321967 0.983241 0.321967 0.828964 0.551636 0.828844
3 0.054116 0.625895 0.187652 0.625895 0.171404 0.659372 0.034077 0.659372
1 0.089851 0.625895 0.148462 0.625895 0.148462 0.659372 0.089851 0.659372
3 0.187652 0.625895 0.187652 0.804903 0.171404 0.828844 0.171404 0.659372
3 0.187652 0.804903 0.551094 0.804903 0.567342 0.828844 0.171404 0.828844
2 0.368598 0.804903 0.418051 0.804903 0.418051 0.828844 0.368598 0.828844
1 0.228688 0.804903 0.290116 0.804903 0.290116 0.828844 0.228688 0.828844
3 0.551094 0.804903 0.551094 0.199917 0.567342 0.175976 0.567342 0.828844
3 0.551094 0.199917 0.187121 0.199917 0.172498 0.175976 0.567342 0.175976
1 0.290636 0.199917 0.230779 0.199917 0.230779 0.175976 0.290636 0.175976
1 0.355914 0.199917 0.295564 0.199917 0.295564 0.175976 0.355914 0.175976
1 0.508633 0.199917 0.445819 0.199917 0.445819 0.175976 0.508633 0.175976
3 0.187121 0.339366 0.034077 0.339366 0.054116 0.368096 0.173039 0.368096
1 0.148148 0.339366 0.091107 0.339366 0.091107 0.368096 0.148148 0.368096
3 0.054116 0.368096 0.054116 0.625895 0.034077 0.659372 0.034077 0.339366
3 0.187121 0.339366 0.187121 0.625895 0.173039 0.625895 0.173039 0.368096
2 0.187121 0.397663 0.187121 0.470979 0.173039 0.470979 0.173039 0.397663
3 0.173039 0.493524 0.054116 0.493524 0.054116 0.503898 0.173039 0.503898
2 0.150477 0.493524 0.107122 0.493524 0.107122 0.503898 0.150477 0.503898
3 0.187121 0.507250 0.344449 0.507250 0.351489 0.496876 0.187121 0.496876
3 0.351489 0.496876 0.351489 0.804903 0.344449 0.804903 0.344449 0.507250
2 0.351489 0.555915 0.351489 0.628145 0.344449 0.628145 0.344449 0.555915
3 0.351489 0.671407 0.501544 0.671407 0.494503 0.681781 0.351489 0.681781
2 0.369784 0.671407 0.416632 0.671407 0.416632 0.681781 0.369784 0.681781
2 0.432274 0.671407 0.476365 0.671407 0.476365 0.681781 0.432274 0.681781
3 0.501544 0.671407 0.501544 0.732553 0.494503 0.732553 0.494503 0.681781
3 0.429165 0.681781 0.429165 0.804903 0.422124 0.804903 0.422124 0.681781
3 0.551094 0.555619 0.423326 0.555619 0.429284 0.546841 0.551094 0.546841
3 0.423326 0.555619 0.423326 0.507250 0.429284 0.507250 0.429284 0.546841
3 0.423326 0.441156 0.423326 0.392636 0.429284 0.392636 0.429284 0.441156
3 0.567342 0.828844 0.567342 0.841501 0.551636 0.841501 0.551636 0.828844
3 0.565982 0.965165 0.565982 1.000000 0.554067 0.983241 0.554067 0.965165
3 0.554067 0.983241 0.321967 0.983241 0.321967 1.000000 0.565982 1.000000
1 0.517336 0.983241 0.484429 0.983241 0.484429 1.000000 0.517336 1.000000
3 0.187121 0.368096 0.187121 0.199917 0.172498 0.175976 0.172498 0.368096
2 0.187121 0.296200 0.187121 0.232134 0.172498 0.232134 0.172498 0.296200
0 0.824188 0.510011 0.868371 0.510011 0.868371 0.803586 0.623884 0.803586 0.623884 0.200228 0.824188 0.200228
0 0.928845 0.667105 0.983752 0.667105 0.983752 0.803586 0.880828 0.803586 0.880828 0.506955 0.928845 0.506955
0 0.989201 0.083499 0.870234 0.083499 0.870234 0.176287 0.989201 0.176287 0.989201 0.083499
0 0.983752 0.497378 0.880828 0.497378 0.880828 0.491656 0.836644 0.491656 0.836644 0.200228 0.983752 0.200228
0 0.983752 0.657529 0.935344 0.657529 0.935344 0.506955 0.983752 0.506955
3 0.623884 0.803586 0.983752 0.803586 1.000000 0.825133 0.606553 0.825133
1 0.662857 0.803586 0.723305 0.803586 0.723305 0.825133 0.662857 0.825133
3 0.983752 0.803586 0.983752 0.200228 1.000000 0.176287 1.000000 0.825133
3 0.983752 0.200228 0.623884 0.200228 0.606553 0.176287 1.000000 0.176287
1 0.924096 0.200228 0.880985 0.200228 0.880985 0.176287 0.924096 0.176287
2 0.976831 0.200228 0.933362 0.200228 0.933362 0.176287 0.976831 0.176287
1 0.789764 0.200228 0.730974 0.200228 0.730974 0.176287 0.789764 0.176287
1 0.724561 0.200228 0.665056 0.200228 0.665056 0.176287 0.724561 0.176287
3 0.623884 0.200228 0.623884 0.803586 0.606553 0.825133 0.606553 0.176287
3 0.868371 0.803586 0.868371 0.510011 0.880828 0.491656 0.880828 0.803586
2 0.868371 0.579201 0.868371 0.515334 0.880828 0.515334 0.880828 0.579201
3 0.880828 0.491656 0.836644 0.491656 0.824188 0.510011 0.868371 0.510011
3 0.824188 0.510011 0.824188 0.200228 0.836644 0.200228 0.836644 0.491656
3 0.880828 0.506955 0.983752 0.506955 0.983752 0.497378 0.880828 0.497378
2 0.882691 0.506955 0.926240 0.506955 0.926240 0.497378 0.882691 0.497378
3 0.935344 0.506955 0.935344 0.657529 0.928845 0.667105 0.928845 0.506955
2 0.935344 0.574238 0.935344 0.631904 0.928845 0.631904 0.928845 0.574238
3 0.928845 0.667105 0.983752 0.667105 0.983752 0.657529 0.935344 0.657529
3 0.989201 0.176287 0.989201 0.073124 0.996241 0.073124 0.996241 0.176287
