0 0.256851 0.735830 0.052505 0.735830 0.052505 0.982855 0.256851 0.982855 0.256851 0.735830
0 0.467271 0.296412 0.581847 0.296412 0.581847 0.412824 0.582173 0.412824 0.582173 0.847200 0.473119 0.847200 0.473119 0.451097 0.466093 0.451097 0.466093 0.095274 0.467271 0.095274
0 0.582173 0.626841 0.582173 0.412824 0.582775 0.412824
0 0.979551 0.847200 0.582173 0.847200 0.582173 0.626841 0.979551 0.626841
0 0.979551 0.626841 0.581939 0.626841 0.582775 0.412824 0.979551 0.412824
0 0.466093 0.451097 0.063642 0.451097 0.063642 0.095274 0.466093 0.095274
0 0.268164 0.815412 0.268205 0.719069 0.373115 0.719069 0.373115 0.815412
0 0.466435 0.984479 0.268164 0.984479 0.268164 0.824842 0.379849 0.824842 0.379849 0.719069 0.466435 0.719069
0 0.466435 0.719069 0.063642 0.719069 0.063642 0.466225 0.466435 0.466225
0 0.582883 0.288344 0.473119 0.288344 0.473119 0.095274 0.582883 0.095274
0 0.979551 0.396688 0.588531 0.396688 0.588531 0.288344 0.582883 0.288344 0.582883 0.095274 0.979551 0.095274
0 0.587696 0.530386 0.587696 0.626841 0.634419 0.626841 0.634419 0.636926 0.587696 0.636926 0.587696 0.732159 0.581847 0.732159 0.581847 0.530386
3 0.979551 0.095274 0.979551 0.847200 0.999997 0.862742 0.999997 0.074469
1 0.979551 0.141898 0.979551 0.354825 0.999997 0.354825 0.999997 0.141898
1 0.979551 0.466205 0.979551 0.630824 0.999997 0.630824 0.999997 0.466205
1 0.979551 0.646789 0.979551 0.811751 0.999997 0.811751 0.999997 0.646789
3 0.999997 0.862742 0.478776 0.862742 0.466435 0.847200 0.979551 0.847200
2 0.569623 0.862742 0.493765 0.862742 0.493765 0.847200 0.569623 0.847200
3 0.478776 0.862742 0.478776 1.000000 0.466435 0.984479 0.466435 0.847200
3 0.478776 1.000000 0.256851 1.000000 0.268164 0.984479 0.466435 0.984479
3 0.256851 1.000000 0.256851 0.735830 0.268164 0.719069 0.268164 0.984479
1 0.256851 0.981413 0.256851 0.819275 0.268164 0.819275 0.268164 0.981413
1 0.256851 0.819154 0.256851 0.736345 0.268164 0.736345 0.268164 0.819154
3 0.256851 0.735830 0.044149 0.735830 0.063642 0.719069 0.268164 0.719069
1 0.179439 0.735830 0.083812 0.735830 0.083812 0.719069 0.179439 0.719069
2 0.252314 0.735830 0.183934 0.735830 0.183934 0.719069 0.252314 0.719069
3 0.063642 0.719069 0.063642 0.095274 0.044149 0.074469 0.044149 0.735830
1 0.063642 0.667574 0.063642 0.506979 0.044149 0.506979 0.044149 0.667574
1 0.063642 0.396537 0.063642 0.149976 0.044149 0.149976 0.044149 0.396537
3 0.063642 0.095274 0.979551 0.095274 0.999997 0.074469 0.044149 0.074469
3 0.466435 0.847200 0.466435 0.466225 0.473119 0.451097 0.473119 0.847200
2 0.466435 0.813214 0.466435 0.751553 0.473119 0.751553 0.473119 0.813214
2 0.466435 0.620588 0.466435 0.547178 0.473119 0.547178 0.473119 0.620588
3 0.466435 0.466225 0.044149 0.466225 0.044149 0.451097 0.473119 0.451097
2 0.257519 0.466225 0.081047 0.466225 0.081047 0.451097 0.257519 0.451097
3 0.999997 0.412824 0.581847 0.412824 0.588531 0.396688 0.999997 0.396688
3 0.581847 0.412824 0.581847 0.296412 0.588531 0.288344 0.588531 0.396688
2 0.581847 0.386220 0.581847 0.302604 0.588531 0.302604 0.588531 0.386220
3 0.581847 0.296412 0.467271 0.296412 0.473119 0.288344 0.588531 0.288344
2 0.577778 0.296412 0.526903 0.296412 0.526903 0.288344 0.577778 0.288344
3 0.473119 0.288344 0.473119 0.074469 0.467271 0.074469 0.467271 0.296412
3 0.581847 0.530386 0.581847 0.732159 0.587696 0.732159 0.587696 0.530386
2 0.581847 0.537335 0.581847 0.620951 0.587696 0.620951 0.587696 0.537335
2 0.581847 0.641414 0.581847 0.725029 0.587696 0.725029 0.587696 0.641414
3 0.581847 0.636926 0.634419 0.636926 0.634419 0.626841 0.581847 0.626841
3 0.373115 0.719069 0.373115 0.815412 0.379849 0.824842 0.379849 0.719069
2 0.373115 0.750242 0.373115 0.812528 0.379849 0.812528 0.379849 0.750242
3 0.379849 0.824842 0.268164 0.824842 0.268164 0.815412 0.373115 0.815412
3 0.256851 1.000000 0.052505 1.000000 0.052505 0.982855 0.256851 0.982855
