0 0.281412 0.309977 0.345006 0.309977 0.345006 0.550876 0.289919 0.550876 0.289919 0.665309 0.289911 0.677059 0.345716 0.677059 0.345006 0.677362 0.401045 0.748615 0.613585 0.748615 0.649064 0.699638 0.785695 0.699638 0.785695 0.763997 0.755082 0.763997 0.755019 0.699638 0.745086 0.699647 0.744909 0.855772 0.656279 0.854950 0.337969 0.854950 0.300319 0.916880 0.114028 0.916880 0.114028 0.772153 0.219266 0.772153 0.219266 0.729071 0.114028 0.729071 0.114028 0.260599 0.281412 0.260599
0 0.654676 0.668344 0.654704 0.668344 0.608591 0.731969 0.405755 0.731969 0.357067 0.670068 0.357067 0.122824 0.654676 0.122824
0 0.925631 0.668305 0.666736 0.668305 0.666736 0.122824 0.925631 0.122824
0 0.925631 0.971605 0.755082 0.971605 0.755082 0.855801 0.754841 0.855772 0.755082 0.777705 0.925631 0.777705
0 0.925631 0.763997 0.792079 0.763997 0.792079 0.699638 0.925631 0.699638
0 0.710147 0.869480 0.743490 0.869480 0.700214 0.919416 0.665381 0.868658
0 0.345006 0.300186 0.290635 0.300186 0.290635 0.260599 0.345006 0.260599
0 0.345006 0.610291 0.298432 0.610291 0.298432 0.562626 0.345006 0.562626
0 0.345006 0.665309 0.298432 0.665309 0.298432 0.622041 0.345006 0.622041
3 0.096292 0.210663 0.096292 0.931568 0.114028 0.916880 0.114028 0.260599
3 0.096292 0.931568 0.305278 0.931568 0.300319 0.916880 0.114028 0.916880
2 0.148109 0.931568 0.201970 0.931568 0.201970 0.916880 0.148109 0.916880
1 0.124549 0.931568 0.143782 0.931568 0.143782 0.916880 0.124549 0.916880
3 0.305278 0.931568 0.342935 0.869637 0.337969 0.854950 0.300319 0.916880
3 0.342935 0.869637 0.651675 0.869637 0.656279 0.854950 0.337969 0.854950
3 0.651675 0.869637 0.699278 0.939606 0.700144 0.919426 0.656279 0.854950
3 0.699278 0.939606 0.745150 0.886478 0.755082 0.855801 0.700144 0.919426
3 0.755082 0.855801 0.755082 0.971605 0.745150 1.000000 0.745150 0.886478
3 0.745150 1.000000 0.966069 1.000000 0.925631 0.971605 0.755082 0.971605
3 0.966069 1.000000 0.966069 0.067013 0.925631 0.067013 0.925631 0.971605
3 0.966069 0.067013 0.316629 0.067013 0.316629 0.122824 0.966069 0.122824
1 0.464050 0.067013 0.375058 0.067013 0.375058 0.122824 0.464050 0.122824
1 0.627150 0.067013 0.536384 0.067013 0.536384 0.122824 0.627150 0.122824
1 0.845912 0.067013 0.719688 0.067013 0.719688 0.122824 0.845912 0.122824
3 0.316629 0.067013 0.316629 0.210663 0.357067 0.260599 0.357067 0.067013
2 0.316629 0.128895 0.316629 0.202791 0.357067 0.202791 0.357067 0.128895
3 0.316629 0.210663 0.096292 0.210663 0.114028 0.260599 0.357067 0.260599
1 0.255631 0.210663 0.134233 0.210663 0.134233 0.260599 0.255631 0.260599
3 0.357067 0.260599 0.357067 0.677059 0.345006 0.665309 0.345006 0.260599
3 0.357067 0.670068 0.405755 0.731969 0.401045 0.748615 0.345006 0.677362
2 0.361558 0.675766 0.401861 0.727015 0.393688 0.739254 0.353385 0.688015
3 0.405755 0.731969 0.608591 0.731969 0.613585 0.748615 0.401045 0.748615
3 0.608591 0.731969 0.654704 0.668305 0.649064 0.699638 0.613585 0.748615
3 0.654704 0.668305 0.925631 0.668305 0.925631 0.699638 0.649064 0.699638
2 0.792647 0.668305 0.841471 0.668305 0.841471 0.699638 0.792647 0.699638
2 0.679605 0.668305 0.738985 0.668305 0.738985 0.699638 0.679605 0.699638
3 0.755082 0.855801 0.654704 0.854950 0.654647 0.868658 0.755019 0.869509
2 0.716595 0.855478 0.673476 0.855116 0.673412 0.868824 0.716532 0.869186
3 0.755082 0.855801 0.755019 0.699638 0.745086 0.699647 0.745150 0.855811
2 0.755047 0.763302 0.755026 0.706237 0.745093 0.706237 0.745115 0.763311
2 0.755082 0.851327 0.755054 0.785763 0.745122 0.785763 0.745150 0.851327
3 0.755054 0.777705 0.925631 0.777705 0.925631 0.763997 0.755054 0.763997
3 0.114028 0.772153 0.219266 0.772153 0.219266 0.729071 0.114028 0.729071
3 0.357067 0.677059 0.289911 0.677059 0.289911 0.665309 0.345006 0.665309
2 0.340338 0.677059 0.301135 0.677059 0.301135 0.665309 0.340338 0.665309
3 0.289919 0.665612 0.289919 0.550876 0.298432 0.562626 0.298432 0.665612
3 0.298432 0.562626 0.345006 0.562626 0.345006 0.550876 0.289919 0.550876
2 0.299446 0.562626 0.342169 0.562626 0.342169 0.550876 0.299446 0.550876
3 0.298432 0.622041 0.345006 0.622041 0.345006 0.610291 0.298432 0.610291
3 0.654676 0.668344 0.654676 0.122824 0.666736 0.122824 0.666736 0.668344
2 0.654676 0.542328 0.654676 0.416058 0.666736 0.416058 0.666736 0.542328
3 0.792079 0.699638 0.792079 0.763997 0.785695 0.763997 0.785695 0.699638
