0 0.671772 0.377855 0.656587 0.384354 0.495578 0.453593 0.495578 0.646861 0.325208 0.646861 0.325208 0.636584 0.314916 0.636584 0.314916 0.388359 0.513374 0.388359 0.513374 0.377520 0.513073 0.377257 0.612291 0.323066
0 0.495578 0.647172 0.560144 0.647172 0.560144 0.677622 0.676625 0.677622 0.676625 0.647172 0.923825 0.647172 0.923825 0.974692 0.314916 0.974692 0.314916 0.648876 0.325208 0.648876 0.325208 0.646861 0.495578 0.646861
0 0.923825 0.371798 0.686062 0.371798 0.621520 0.312089 0.621520 0.191833 0.923825 0.191833
0 0.605342 0.311491 0.584249 0.323066 0.497196 0.371033 0.497196 0.375804 0.314916 0.375804 0.314916 0.191833 0.605342 0.191833
0 0.923825 0.632853 0.773354 0.632853 0.773354 0.384354 0.923825 0.384354
0 0.298738 0.636584 0.050676 0.636584 0.050676 0.444081 0.298738 0.444081
0 0.298738 0.375804 0.280434 0.375804 0.280434 0.388359 0.298738 0.388359 0.298738 0.431526 0.050676 0.431526 0.050676 0.249342 0.298738 0.249342
0 0.764202 0.523741 0.506363 0.523741 0.506363 0.458520 0.678520 0.384354 0.764202 0.384354
0 0.636172 0.638802 0.506363 0.638802 0.506363 0.532112 0.636172 0.532112
0 0.764202 0.638802 0.645378 0.638802 0.645378 0.532112 0.764202 0.532112
3 0.279779 0.191833 0.954054 0.191833 0.954054 0.179278 0.279779 0.179278
1 0.406977 0.191833 0.492573 0.191833 0.492573 0.179278 0.406977 0.179278
1 0.381600 0.191833 0.403256 0.191833 0.403256 0.179278 0.381600 0.179278
3 0.923825 0.167607 0.923825 1.000000 0.940003 1.000000 0.940003 0.167607
1 0.923825 0.257485 0.923825 0.323048 0.940003 0.323048 0.940003 0.257485
1 0.923825 0.236978 0.923825 0.253647 0.940003 0.253647 0.940003 0.236978
1 0.923825 0.783026 0.923825 0.847585 0.940003 0.847585 0.940003 0.783026
1 0.923825 0.762095 0.923825 0.778016 0.940003 0.778016 0.940003 0.762095
1 0.923825 0.517171 0.923825 0.567823 0.940003 0.567823 0.940003 0.517171
2 0.923825 0.428124 0.923825 0.474692 0.940003 0.474692 0.940003 0.428124
3 0.953600 0.987247 0.283469 0.987247 0.283469 0.974692 0.953600 0.974692
1 0.669530 0.987247 0.649469 0.987247 0.649469 0.974692 0.669530 0.974692
1 0.759626 0.987247 0.674445 0.987247 0.674445 0.974692 0.759626 0.974692
3 0.314916 0.999109 0.314916 0.636584 0.298738 0.649139 0.298738 0.999109
1 0.314916 0.824327 0.314916 0.758657 0.298738 0.758657 0.298738 0.824327
1 0.314916 0.845594 0.314916 0.826940 0.298738 0.826940 0.298738 0.845594
3 0.050676 0.636584 0.050676 0.249342 0.034498 0.236787 0.034498 0.649139
1 0.050676 0.353438 0.050676 0.287128 0.034498 0.287128 0.034498 0.353438
1 0.050676 0.426551 0.050676 0.358968 0.034498 0.358968 0.034498 0.426551
1 0.050676 0.526444 0.050676 0.461832 0.034498 0.461832 0.034498 0.526444
1 0.050676 0.600837 0.050676 0.534521 0.034498 0.534521 0.034498 0.600837
3 0.314916 0.249342 0.314916 0.167476 0.298738 0.167476 0.298738 0.236787
3 0.034498 0.249342 0.314916 0.249342 0.298738 0.236787 0.034498 0.236787
1 0.068310 0.249342 0.155270 0.249342 0.155270 0.236787 0.068310 0.236787
1 0.161988 0.249342 0.243024 0.249342 0.243024 0.236787 0.161988 0.236787
1 0.248563 0.249342 0.268323 0.249342 0.268323 0.236787 0.248563 0.236787
3 0.034498 0.649139 0.298738 0.649139 0.314916 0.636584 0.034498 0.636584
2 0.163274 0.649139 0.228996 0.649139 0.228996 0.636584 0.163274 0.636584
3 0.314916 0.249342 0.314916 0.636584 0.298738 0.636584 0.298738 0.249342
2 0.314916 0.448248 0.314916 0.499617 0.298738 0.499617 0.298738 0.448248
3 0.050676 0.444081 0.298738 0.444081 0.298738 0.431526 0.050676 0.431526
2 0.061638 0.444081 0.129154 0.444081 0.129154 0.431526 0.061638 0.431526
3 0.034498 0.249342 0.034498 0.224136 0.050676 0.224136 0.050676 0.236787
3 0.034498 0.249342 0.018350 0.249342 0.018350 0.236787 0.034498 0.236787
3 0.034498 0.636584 0.034498 0.660935 0.050676 0.660935 0.050676 0.649139
3 0.034498 0.636584 0.019113 0.636584 0.019113 0.649139 0.034498 0.649139
3 0.953785 0.384354 0.678520 0.384354 0.686062 0.371798 0.953785 0.371798
3 0.678520 0.384354 0.612291 0.323066 0.615103 0.306128 0.686062 0.371798
2 0.668143 0.374752 0.628330 0.337911 0.640725 0.329840 0.680539 0.366681
3 0.615103 0.306128 0.497196 0.371033 0.513374 0.377520 0.612291 0.323066
2 0.555321 0.339035 0.510901 0.363488 0.520261 0.373730 0.564681 0.349277
3 0.497196 0.371033 0.497196 0.375804 0.513374 0.388359 0.513374 0.377520
3 0.497196 0.375804 0.280434 0.375804 0.280434 0.388359 0.513374 0.388359
3 0.621520 0.313859 0.621520 0.191833 0.605342 0.191833 0.605342 0.313859
3 0.678520 0.384354 0.506363 0.458520 0.495578 0.453593 0.685438 0.371798
2 0.625418 0.407234 0.579411 0.427048 0.574180 0.419730 0.620179 0.399916
3 0.506363 0.458520 0.506363 0.638802 0.495578 0.647172 0.495578 0.453593
3 0.495578 0.647172 0.773354 0.647172 0.773354 0.638802 0.506363 0.638802
3 0.773354 0.647172 0.957444 0.647172 0.957444 0.632853 0.773354 0.632853
3 0.773354 0.647172 0.773354 0.384354 0.764202 0.384354 0.764202 0.638802
2 0.773354 0.467386 0.773354 0.426366 0.764202 0.426366 0.764202 0.467386
2 0.773354 0.619526 0.773354 0.579708 0.764202 0.579708 0.764202 0.619526
3 0.314916 0.636584 0.325208 0.636584 0.325208 0.648876 0.314916 0.648876
3 0.560144 0.647172 0.560144 0.677622 0.676625 0.677622 0.676625 0.647172
3 0.506363 0.532112 0.764202 0.532112 0.764202 0.523741 0.506363 0.523741
2 0.587515 0.532112 0.632544 0.532112 0.632544 0.523741 0.587515 0.523741
3 0.636172 0.532112 0.636172 0.638802 0.645378 0.638802 0.645378 0.532112
