0 0.080358 0.761979 0.080358 0.954068 0.374270 0.954049 0.374270 0.967661 0.657548 0.967661 0.657548 0.954049 0.952367 0.954049 0.952367 0.761668 0.080358 0.761979 0.080358 0.761979
0 0.953007 0.748289 0.459707 0.748289 0.459707 0.094392 0.953007 0.094392
0 0.445254 0.748289 0.080709 0.748289 0.080709 0.406522 0.445254 0.406522
0 0.445254 0.312461 0.395474 0.312461 0.395474 0.386512 0.239134 0.386512 0.239134 0.392910 0.080709 0.392910 0.080709 0.094392 0.445254 0.094392
3 0.030145 0.094392 1.000000 0.094392 1.000000 0.080779 0.030145 0.080779
3 0.032313 0.761901 0.999071 0.761901 0.999071 0.748289 0.032313 0.748289
2 0.120311 0.761901 0.245597 0.761901 0.245597 0.748289 0.120311 0.748289
2 0.533066 0.761901 0.658332 0.761901 0.658332 0.748289 0.533066 0.748289
1 0.665641 0.761901 0.856709 0.761901 0.856709 0.748289 0.665641 0.748289
1 0.856709 0.761901 0.903186 0.761901 0.903186 0.748289 0.856709 0.748289
3 0.445254 0.052232 0.445254 0.094392 0.459707 0.094392 0.459707 0.052232
3 0.445254 0.094392 0.445254 0.312461 0.459707 0.312461 0.459707 0.094392
3 0.445254 0.761901 0.445254 0.791401 0.459707 0.791401 0.459707 0.761901
3 0.395474 0.312461 0.395474 0.386512 0.459707 0.406522 0.459707 0.312461
3 0.445254 0.406522 0.445254 0.761901 0.459707 0.761901 0.459707 0.406522
3 0.459707 0.406522 0.239134 0.406522 0.239134 0.386512 0.395474 0.386512
3 0.239134 0.406522 0.064501 0.406522 0.064501 0.392910 0.239134 0.392910
2 0.229327 0.406522 0.117874 0.406522 0.117874 0.392910 0.229327 0.392910
3 0.064501 0.406522 0.029938 0.406522 0.029938 0.392910 0.064501 0.392910
3 0.032581 0.967661 0.110565 0.967661 0.110565 0.954049 0.032581 0.954049
3 0.327690 0.923965 0.327690 0.997744 0.342803 0.997744 0.342803 0.923965
3 0.657548 0.967661 0.737183 0.967661 0.737183 0.954049 0.657548 0.954049
3 0.689530 0.925482 0.689530 0.999494 0.706399 0.999494 0.706399 0.925482
3 0.921644 0.967661 0.998472 0.967661 0.998472 0.954049 0.921644 0.954049
3 0.297752 0.967661 0.374270 0.967661 0.374270 0.954049 0.297752 0.954049
3 0.066256 0.050716 0.066256 0.789845 0.080709 0.789845 0.080709 0.050716
1 0.066256 0.175793 0.066256 0.309000 0.080709 0.309000 0.080709 0.175793
1 0.066256 0.509354 0.066256 0.641354 0.080709 0.641354 0.080709 0.509354
3 0.066256 0.923518 0.066256 0.997589 0.080709 0.997589 0.080709 0.923518
3 0.953007 0.050871 0.953007 0.792043 0.967460 0.792043 0.967460 0.050871
1 0.953007 0.319345 0.953007 0.531969 0.967460 0.531969 0.967460 0.319345
1 0.953007 0.266354 0.953007 0.319345 0.967460 0.319345 0.967460 0.266354
3 0.953007 0.926532 0.953007 1.000000 0.967460 1.000000 0.967460 0.926532
