0 0.464197 0.883601 0.393496 0.883601 0.393496 0.807648 0.464197 0.807648
0 0.202023 0.189704 0.113906 0.189704 0.113906 0.042726 0.202023 0.042726
0 0.396832 0.799379 0.386896 0.799379 0.386896 0.883601 0.306346 0.883601 0.306346 0.696016 0.396832 0.696016
0 0.603066 0.883601 0.471259 0.883601 0.471259 0.732867 0.507636 0.732867 0.507636 0.644429 0.603066 0.644429
0 0.606200 0.033661 0.209086 0.033321 0.209086 0.178911 0.606200 0.178911 0.606200 0.033661
0 0.603022 0.457929 0.306346 0.455759 0.306346 0.199890 0.603066 0.199890
0 0.603022 0.457929 0.603066 0.616323 0.587012 0.616323 0.587012 0.637368 0.507636 0.637368 0.507636 0.592783 0.500574 0.592783 0.500574 0.637368 0.465886 0.637368 0.465886 0.644429 0.500574 0.644429 0.500574 0.723463 0.465870 0.723463 0.465870 0.457206
0 0.491648 0.906027 0.491648 0.997671 0.393404 0.997671 0.393496 0.906027 0.491648 0.906027
0 0.465870 0.723463 0.464197 0.723463 0.464197 0.799379 0.402265 0.799379 0.402265 0.602658 0.465870 0.602658
0 0.364095 0.605624 0.396832 0.605624 0.396832 0.688268 0.306346 0.688268 0.306346 0.605624 0.325110 0.605624 0.325110 0.602658 0.364095 0.602658
0 0.465870 0.457206 0.465870 0.602658 0.402265 0.602658 0.402265 0.598390 0.369528 0.598390 0.369528 0.532391 0.402227 0.532391 0.402227 0.524477 0.355501 0.524477 0.355501 0.532391 0.364095 0.532391 0.364095 0.602658 0.325110 0.602658 0.325110 0.598390 0.306346 0.598390 0.306346 0.455759
3 0.617734 0.906027 0.617734 0.178911 0.603066 0.199890 0.603066 0.883601
3 0.603066 0.199890 0.306346 0.199890 0.289505 0.178911 0.617734 0.178911
2 0.497461 0.199890 0.453723 0.199890 0.453723 0.178911 0.497461 0.178911
1 0.576288 0.199890 0.516355 0.199890 0.516355 0.178911 0.576288 0.178911
1 0.436604 0.199890 0.339208 0.199890 0.339208 0.178911 0.436604 0.178911
3 0.306346 0.199890 0.306346 0.883601 0.289505 0.906027 0.289505 0.178911
3 0.306346 0.883601 0.603066 0.883601 0.617734 0.906027 0.289505 0.906027
2 0.410653 0.883601 0.461323 0.883601 0.461323 0.906027 0.410653 0.906027
1 0.356397 0.883601 0.378367 0.883601 0.378367 0.906027 0.356397 0.906027
1 0.509749 0.883601 0.575218 0.883601 0.575218 0.906027 0.509749 0.906027
3 0.471259 0.906027 0.471259 0.799379 0.464197 0.799379 0.464197 0.906027
3 0.464197 0.799379 0.386896 0.799379 0.393496 0.807648 0.471259 0.807648
2 0.462295 0.799379 0.412250 0.799379 0.412250 0.807648 0.462295 0.807648
3 0.386896 0.799379 0.386896 0.906027 0.393496 0.906027 0.393496 0.807648
3 0.402265 0.807648 0.402265 0.598390 0.396832 0.605624 0.396832 0.807648
2 0.402265 0.796876 0.402265 0.737172 0.396832 0.737172 0.396832 0.796876
2 0.402265 0.652625 0.402265 0.607244 0.396832 0.607244 0.396832 0.652625
3 0.402265 0.598390 0.369528 0.598390 0.364095 0.605624 0.396832 0.605624
3 0.325110 0.598390 0.289505 0.598390 0.289505 0.605624 0.325110 0.605624
3 0.289505 0.696016 0.402265 0.696016 0.402265 0.688268 0.289505 0.688268
3 0.471259 0.807648 0.471259 0.732867 0.464197 0.723463 0.464197 0.799379
2 0.471259 0.797223 0.471259 0.736998 0.464197 0.736998 0.464197 0.797223
3 0.471259 0.732867 0.507636 0.732867 0.500574 0.723463 0.464197 0.723463
3 0.507636 0.732867 0.507636 0.592783 0.500574 0.592783 0.500574 0.723463
3 0.465886 0.644429 0.617734 0.644429 0.617734 0.637368 0.465886 0.637368
3 0.113906 0.042726 0.202023 0.042726 0.209086 0.033321 0.106844 0.033321
3 0.202023 0.042726 0.202023 0.189704 0.209086 0.199109 0.209086 0.033321
2 0.202023 0.078897 0.202023 0.141459 0.209086 0.141459 0.209086 0.078897
3 0.202023 0.189704 0.113906 0.189704 0.106844 0.199109 0.209086 0.199109
3 0.113906 0.189704 0.113906 0.042726 0.106844 0.033321 0.106844 0.199109
3 0.402227 0.532391 0.355501 0.532391 0.355501 0.524477 0.402227 0.524477
3 0.364095 0.605624 0.364095 0.524477 0.369528 0.524477 0.369528 0.598390
3 0.617734 0.637368 0.587012 0.637368 0.587012 0.616323 0.617734 0.616323
0 0.741630 0.905853 0.741777 0.991319 0.841406 0.991319 0.848213 0.991319 0.848469 0.906837 0.740560 0.906837 0.741630 0.905853
0 0.951135 0.432768 0.935543 0.432768 0.935543 0.476145 0.918767 0.476145 0.918767 0.479538 0.855287 0.479538 0.855287 0.309547 0.951135 0.309547
0 0.918767 0.483235 0.951135 0.483235 0.951135 0.598368 0.855287 0.598368 0.855287 0.479538 0.918767 0.479538
0 0.849311 0.598368 0.847344 0.598368 0.791535 0.651084 0.750605 0.598368 0.652247 0.598368 0.652247 0.202588 0.849311 0.202588
0 0.951135 0.885445 0.793843 0.885445 0.793843 0.659042 0.849251 0.606326 0.951135 0.606326
0 0.787868 0.657595 0.787868 0.885445 0.652247 0.885445 0.652247 0.606326 0.748193 0.606326
0 0.951135 0.299419 0.855287 0.299419 0.855287 0.202588 0.951135 0.202588
3 0.965803 0.906837 0.965803 0.180068 0.951135 0.202588 0.951135 0.885445
3 0.951135 0.202588 0.652247 0.202588 0.635406 0.180068 0.965803 0.180068
1 0.915236 0.202588 0.880657 0.202588 0.880657 0.180068 0.915236 0.180068
1 0.784950 0.202588 0.684816 0.202588 0.684816 0.180068 0.784950 0.180068
3 0.652247 0.202588 0.652247 0.885445 0.635406 0.906837 0.635406 0.180068
3 0.652247 0.885445 0.951135 0.885445 0.965803 0.906837 0.635406 0.906837
2 0.794278 0.885445 0.840374 0.885445 0.840374 0.906837 0.794278 0.906837
1 0.668502 0.885445 0.734454 0.885445 0.734454 0.906837 0.668502 0.906837
1 0.857780 0.885445 0.924221 0.885445 0.924221 0.906837 0.857780 0.906837
3 0.635406 0.606326 0.748193 0.606326 0.750605 0.598368 0.635406 0.598368
3 0.748193 0.606326 0.791154 0.661458 0.791730 0.651142 0.750605 0.598368
2 0.752240 0.611513 0.784825 0.653327 0.788970 0.647597 0.756385 0.605783
3 0.791154 0.661458 0.849251 0.606326 0.847344 0.598368 0.791730 0.651142
2 0.797657 0.655287 0.834523 0.620302 0.831057 0.613820 0.794186 0.648812
3 0.849251 0.606326 0.965803 0.606326 0.965803 0.598368 0.847344 0.598368
3 0.787868 0.651142 0.787868 0.906837 0.793843 0.906837 0.793843 0.651142
3 0.855287 0.606326 0.855287 0.180068 0.849311 0.180068 0.849311 0.606326
2 0.855287 0.594990 0.855287 0.535567 0.849311 0.535567 0.849311 0.594990
3 0.849311 0.309547 0.965803 0.309547 0.965803 0.299419 0.849311 0.299419
2 0.857161 0.309547 0.902415 0.309547 0.902415 0.299419 0.857161 0.299419
3 0.965803 0.483235 0.918767 0.483235 0.918767 0.476145 0.965803 0.476145
3 0.965803 0.476145 0.935543 0.476145 0.935543 0.432768 0.965803 0.432768
