0 0.767773 0.807799 0.981953 0.807799 0.981953 0.931683 0.767773 0.931683 0.767773 0.807799 0.767773 0.807799
0 0.747161 0.669362 0.533195 0.669362 0.533195 0.563451 0.747161 0.563451
0 0.747161 0.563451 0.588958 0.563451 0.588958 0.559041 0.391739 0.559041 0.391739 0.284661 0.747161 0.284661
0 0.747161 0.701011 0.747339 0.701011 0.747339 0.737120 0.586482 0.737120 0.586482 0.673772 0.747161 0.673772
0 0.964004 0.797019 0.774900 0.797019 0.774900 0.737120 0.761663 0.737120 0.761663 0.706891 0.964004 0.706891
0 0.975584 0.701011 0.755427 0.701011 0.755427 0.582851 0.975584 0.582851
0 0.524884 0.673772 0.578464 0.673772 0.578464 0.737120 0.138490 0.737120 0.138490 0.563451 0.524884 0.563451
0 0.383722 0.559041 0.138490 0.559041 0.138490 0.284661 0.383722 0.284661
0 0.975584 0.546825 0.920649 0.546825 0.920649 0.579911 0.755427 0.579911 0.755427 0.284661 0.975584 0.284661
0 0.645986 0.268549 0.645986 0.165025 0.976100 0.165025 0.976100 0.268250 0.645986 0.268549 0.645986 0.268549
0 0.571712 0.941890 0.571712 0.750924 0.746395 0.751183 0.746314 0.941890 0.571712 0.941890 0.571712 0.941890
3 0.109094 0.751203 0.109094 0.268490 0.138490 0.284661 0.138490 0.737140
1 0.109094 0.523050 0.109094 0.493179 0.138490 0.493179 0.138490 0.523050
3 0.109094 0.268490 1.000000 0.268490 0.975584 0.284661 0.138490 0.284661
2 0.670028 0.268490 0.743669 0.268490 0.743669 0.284661 0.670028 0.284661
1 0.426390 0.268490 0.625409 0.268490 0.625409 0.284661 0.426390 0.284661
1 0.206091 0.268490 0.345106 0.268490 0.345106 0.284661 0.206091 0.284661
1 0.786373 0.268490 0.928176 0.268490 0.928176 0.284661 0.786373 0.284661
3 1.000000 0.268490 1.000000 0.701011 0.975584 0.701011 0.975584 0.284661
3 0.999929 0.701011 0.999929 0.807799 0.964004 0.797019 0.964004 0.706891
3 0.999929 0.807799 0.767773 0.807799 0.746395 0.797019 0.964004 0.797019
3 0.746395 0.807799 0.746395 0.751183 0.774900 0.737120 0.774900 0.807799
1 0.746395 0.789879 0.746395 0.759033 0.774900 0.759033 0.774900 0.789879
3 0.109094 0.751203 0.746395 0.751183 0.774900 0.737120 0.138490 0.737140
2 0.602774 0.751188 0.677216 0.751183 0.677216 0.737120 0.602765 0.737125
1 0.271724 0.751198 0.442130 0.751193 0.442130 0.737130 0.271724 0.737135
3 0.746395 0.797019 0.746395 0.943443 0.767773 0.931683 0.767773 0.807799
2 0.746395 0.843937 0.746395 0.886367 0.767773 0.886367 0.767773 0.843937
3 0.746395 0.943443 0.991012 0.943443 0.981953 0.931683 0.767773 0.931683
3 0.991012 0.943443 0.991012 0.807799 0.981953 0.807799 0.981953 0.931683
3 0.999929 0.701011 0.747339 0.701011 0.761663 0.706891 0.964004 0.706891
2 0.826360 0.701011 0.766847 0.701011 0.766847 0.706891 0.826360 0.706891
3 0.747339 0.701011 0.747339 0.737120 0.761663 0.737120 0.761663 0.706891
3 0.747161 0.701011 0.747161 0.268490 0.755427 0.268490 0.755427 0.701011
2 0.747161 0.658449 0.747161 0.616671 0.755427 0.616671 0.755427 0.658449
2 0.747161 0.543238 0.747161 0.504194 0.755427 0.504194 0.755427 0.543238
2 0.747161 0.385696 0.747161 0.337175 0.755427 0.337175 0.755427 0.385696
3 1.000000 0.582851 0.750082 0.582851 0.750082 0.579911 1.000000 0.579911
3 0.586482 0.751188 0.586482 0.670802 0.578464 0.670802 0.578464 0.751188
3 0.755427 0.673772 0.524884 0.673772 0.533195 0.669362 0.755427 0.669362
2 0.677065 0.673772 0.604342 0.673772 0.604342 0.669362 0.677065 0.669362
3 0.524884 0.673772 0.524884 0.560991 0.533195 0.560991 0.533195 0.669362
3 0.109094 0.563451 0.588958 0.563451 0.588958 0.559041 0.109094 0.559041
2 0.436857 0.563451 0.512823 0.563451 0.512823 0.559041 0.436857 0.559041
3 0.391739 0.563451 0.391739 0.268490 0.383722 0.268490 0.383722 0.563451
2 0.391739 0.551593 0.391739 0.509609 0.383722 0.509609 0.383722 0.551593
3 1.000000 0.579911 0.920649 0.579911 0.920649 0.546825 1.000000 0.546825
