0 0.490659 0.946487 0.303656 0.946487 0.303656 0.837755 0.490659 0.837524 0.490659 0.946487 0.490659 0.946487
0 0.321531 0.232460 0.327228 0.232460 0.327228 0.310392 0.317055 0.310392 0.317055 0.319725 0.046952 0.319725 0.046952 0.149472 0.321531 0.149472
0 0.317055 0.528345 0.046952 0.528345 0.046952 0.319725 0.317055 0.319725
0 0.327666 0.389017 0.450127 0.389017 0.450127 0.395608 0.490659 0.395608 0.490659 0.739100 0.327228 0.739100 0.327228 0.310392
0 0.881769 0.389017 0.327666 0.389017 0.327228 0.310392 0.327228 0.232460 0.331705 0.232460 0.331705 0.149472 0.881769 0.149472
0 0.348939 0.135696 0.348939 0.078275 0.472774 0.078275 0.472774 0.135525 0.348939 0.135696 0.348939 0.135696
0 0.317055 0.825634 0.046952 0.825634 0.046952 0.535595 0.317055 0.535595
0 0.874647 0.825634 0.500833 0.825634 0.500833 0.601604 0.874647 0.601604
0 0.708978 0.507873 0.500833 0.507873 0.500833 0.395608 0.708978 0.395608
0 0.676452 0.939896 0.500833 0.939896 0.500833 0.837498 0.676452 0.837498
0 0.708978 0.515176 0.868543 0.515176 0.868543 0.515571 0.874647 0.515571 0.874647 0.594354 0.674112 0.594354 0.674112 0.515123 0.708978 0.515123
0 0.868543 0.503048 0.726589 0.503048 0.726812 0.400221 0.868543 0.400221
0 0.490659 0.825634 0.327228 0.825634 0.327228 0.746350 0.490659 0.746350
0 0.662921 0.594354 0.500833 0.594354 0.500833 0.515123 0.662921 0.515123
3 0.016431 0.837498 0.016431 0.135631 0.046952 0.149472 0.046952 0.825634
3 0.016431 0.135631 0.906186 0.135631 0.881769 0.149472 0.046952 0.149472
1 0.118219 0.135631 0.268312 0.135631 0.268312 0.149472 0.118219 0.149472
1 0.268312 0.135631 0.295629 0.135631 0.295629 0.149472 0.268312 0.149472
2 0.368259 0.135631 0.451175 0.135631 0.451175 0.149472 0.368259 0.149472
1 0.485695 0.135631 0.630742 0.135631 0.630742 0.149472 0.485695 0.149472
1 0.674825 0.135631 0.824714 0.135631 0.824714 0.149472 0.674825 0.149472
3 0.906186 0.135631 0.906186 0.389017 0.881769 0.389017 0.881769 0.149472
3 0.906186 0.389017 0.906186 0.515571 0.868543 0.515571 0.868543 0.389017
3 0.906186 0.515571 0.906186 0.837498 0.874647 0.825634 0.874647 0.515571
3 0.676452 0.825634 0.676452 0.939896 0.686626 0.946487 0.686626 0.837498
3 0.676452 0.939896 0.500833 0.939896 0.490659 0.946487 0.686626 0.946487
2 0.625614 0.939896 0.543013 0.939896 0.543013 0.946487 0.625614 0.946487
3 0.500833 0.939896 0.500833 0.825634 0.490659 0.837498 0.490659 0.946487
3 0.500833 0.825634 0.046952 0.825634 0.016431 0.837498 0.490659 0.837498
1 0.103752 0.825634 0.074838 0.825634 0.074838 0.837498 0.103752 0.837498
1 0.261282 0.825634 0.103752 0.825634 0.103752 0.837498 0.261282 0.837498
2 0.480964 0.825634 0.395026 0.825634 0.395026 0.837498 0.480964 0.837498
3 0.874647 0.825634 0.676452 0.825634 0.686626 0.837498 0.906186 0.837498
1 0.869316 0.825634 0.836709 0.825634 0.836709 0.837498 0.869316 0.837498
1 0.836709 0.825634 0.690970 0.825634 0.690970 0.837498 0.836709 0.837498
3 0.686626 0.825634 0.490659 0.825634 0.490659 0.837498 0.686626 0.837498
3 0.317055 0.837498 0.317055 0.310392 0.327228 0.310392 0.327228 0.837498
2 0.317055 0.592219 0.317055 0.536946 0.327228 0.536946 0.327228 0.592219
2 0.317055 0.477851 0.317055 0.424641 0.327228 0.424641 0.327228 0.477851
3 0.321531 0.232460 0.321531 0.149472 0.331705 0.149472 0.331705 0.232460
3 0.490659 0.837524 0.490659 0.389017 0.500833 0.389017 0.500833 0.837524
2 0.490659 0.711714 0.490659 0.658834 0.500833 0.658834 0.500833 0.711714
2 0.490659 0.591059 0.490659 0.552336 0.500833 0.552336 0.500833 0.591059
2 0.490659 0.447466 0.490659 0.399608 0.500833 0.399608 0.500833 0.447466
3 0.906186 0.389017 0.709242 0.389017 0.726812 0.400221 0.906186 0.400221
3 0.709242 0.389017 0.450127 0.389017 0.450127 0.395608 0.709232 0.395608
3 0.905382 0.515176 0.708978 0.515176 0.726589 0.503048 0.905382 0.503048
3 0.708978 0.515176 0.709242 0.389017 0.726812 0.400221 0.726589 0.503048
2 0.709130 0.442167 0.709222 0.402561 0.726802 0.402581 0.726721 0.442187
3 0.709609 0.515123 0.490659 0.515123 0.490659 0.507873 0.709609 0.507873
3 0.327228 0.535595 0.016431 0.535595 0.016431 0.528345 0.327228 0.528345
3 0.500833 0.746350 0.317055 0.746350 0.317055 0.739100 0.500833 0.739100
2 0.480689 0.746350 0.393673 0.746350 0.393673 0.739100 0.480689 0.739100
3 0.490659 0.594354 0.906186 0.594354 0.906186 0.601604 0.490659 0.601604
2 0.742744 0.594354 0.804662 0.594354 0.804662 0.601604 0.742744 0.601604
3 0.662921 0.601604 0.662921 0.507873 0.674112 0.507873 0.674112 0.601604
