0 0.159082 0.096030 0.040951 0.096030 0.040951 0.507324 0.159082 0.507324 0.159082 0.096030 0.159082 0.096030
0 0.726700 0.808960 0.726700 0.806016 0.979578 0.806016 0.979578 0.982618 0.871062 0.982618 0.871062 0.952396 0.726578 0.952396 0.726578 0.896021 0.718409 0.896021 0.718531 0.808960
0 0.726700 0.630180 0.726700 0.524706 0.979578 0.524706 0.979578 0.794950 0.726700 0.794950 0.726700 0.720045 0.718531 0.720045 0.718531 0.630180
0 0.718531 0.507555 0.718531 0.806016 0.718409 0.897029 0.718409 0.982618 0.572307 0.982618 0.572307 0.518819 0.581007 0.518819 0.581007 0.507324 0.648319 0.506918
0 0.979578 0.507324 0.718531 0.507324 0.718531 0.507555 0.648319 0.506918 0.642348 0.506918 0.642348 0.315183 0.648066 0.315183 0.648066 0.093260 0.979578 0.093260
0 0.642348 0.506918 0.581007 0.507324 0.181138 0.507324 0.181138 0.093260 0.642348 0.093260
3 0.559237 1.000000 0.719773 1.000000 0.719773 0.982618 0.572307 0.982618
2 0.622652 1.000000 0.691312 1.000000 0.691312 0.982618 0.622652 0.982618
3 0.719773 1.000000 0.871062 1.000000 0.871062 0.952396 0.719773 0.952396
3 0.871062 1.000000 1.000000 1.000000 0.979578 0.982618 0.871062 0.982618
3 1.000000 1.000000 1.000000 0.058496 0.979578 0.093260 0.979578 0.982618
1 1.000000 0.905743 1.000000 0.813931 0.979578 0.813931 0.979578 0.905743
1 1.000000 0.758853 1.000000 0.642730 0.979578 0.642730 0.979578 0.758853
1 1.000000 0.384676 1.000000 0.280465 0.979578 0.280465 0.979578 0.384676
1 1.000000 0.279967 1.000000 0.158385 0.979578 0.158385 0.979578 0.279967
3 1.000000 0.058496 0.159082 0.058496 0.181138 0.093260 0.979578 0.093260
3 0.159082 0.058496 0.159082 0.525864 0.181138 0.507324 0.181138 0.093260
2 0.159082 0.413020 0.159082 0.497161 0.181138 0.497161 0.181138 0.413020
1 0.159082 0.267197 0.159082 0.401803 0.181138 0.401803 0.181138 0.267197
1 0.159082 0.144503 0.159082 0.267197 0.181138 0.267197 0.181138 0.144503
3 0.159082 0.525864 0.559237 0.525864 0.572307 0.507324 0.181138 0.507324
3 0.572307 0.507324 0.572307 0.982618 0.559237 1.000000 0.559237 0.525864
3 0.159082 0.525864 0.040951 0.525864 0.040951 0.507324 0.159082 0.507324
3 0.159082 0.096030 0.040951 0.096030 0.040951 0.058786 0.159082 0.058786
3 0.572307 0.507324 0.581007 0.507324 0.581007 0.518819 0.572307 0.518819
3 0.637152 0.507324 0.656611 0.507324 0.656611 0.517567 0.637152 0.517567
3 0.718531 0.507324 1.000000 0.507324 1.000000 0.524706 0.726700 0.524706
3 0.718531 0.507324 0.718531 0.630180 0.726700 0.630180 0.726700 0.524706
3 0.718531 0.720045 0.718531 0.808960 0.726700 0.808960 0.726700 0.720045
3 0.726578 0.896021 0.726578 1.000000 0.718409 1.000000 0.718409 0.896021
3 0.648066 0.517567 0.648066 0.401397 0.642348 0.401397 0.642348 0.517567
3 0.648066 0.315183 0.648066 0.058496 0.642348 0.058496 0.642348 0.315183
3 0.718531 0.806016 1.000000 0.806016 1.000000 0.794950 0.718531 0.794950
