0 0.155984 0.106384 0.043723 0.106384 0.043723 0.394941 0.155984 0.394941 0.155984 0.106384 0.155984 0.106384
0 0.575968 0.394941 0.575922 0.106384 0.175588 0.106384 0.175588 0.394941 0.575968 0.394941 0.575968 0.394941
0 0.575968 0.494729 0.476427 0.494729 0.476427 0.414387 0.575968 0.414387
0 0.711345 0.306701 0.584261 0.306701 0.584261 0.106384 0.711345 0.106384
0 0.980396 0.626540 0.708751 0.626540 0.708751 0.408976 0.980396 0.408976
0 0.980396 0.394941 0.708751 0.394941 0.708751 0.315278 0.719639 0.315278 0.719639 0.106384 0.980396 0.106384
0 0.445310 0.502448 0.575968 0.502448 0.575968 0.626540 0.584261 0.626540 0.175588 0.626540 0.175588 0.408976 0.445310 0.408976
0 0.980396 0.924555 0.755257 0.924555 0.755257 0.848221 0.746963 0.848221 0.746963 0.924555 0.746684 0.924555 0.746918 0.848111 0.708751 0.848111 0.708751 0.640575 0.980396 0.640575
0 0.700458 0.848221 0.708751 0.848221 0.708751 0.848111 0.746918 0.848111 0.746684 0.924555 0.584261 0.924555 0.584261 0.414387 0.584307 0.414387 0.584307 0.315278 0.700458 0.315278
3 0.175588 0.106384 0.980396 0.106384 1.000000 0.080654 0.155984 0.080654
3 1.000000 0.080654 1.000000 0.938590 0.980396 0.924555 0.980396 0.106384
1 1.000000 0.688239 1.000000 0.830045 0.980396 0.830045 0.980396 0.688239
1 1.000000 0.205221 1.000000 0.345780 0.980396 0.345780 0.980396 0.205221
1 1.000000 0.458511 1.000000 0.579094 0.980396 0.579094 0.980396 0.458511
3 1.000000 0.938590 0.570690 0.938590 0.584261 0.924555 0.980396 0.924555
2 0.692307 0.938590 0.632923 0.938590 0.632923 0.924555 0.692307 0.924555
3 0.584261 0.924555 0.584261 0.626540 0.570690 0.640162 0.570690 0.938590
3 0.584261 0.626540 0.175588 0.626540 0.155984 0.640162 0.570690 0.640162
3 0.175588 0.626540 0.175588 0.106384 0.155984 0.080654 0.155984 0.640162
2 0.175588 0.352026 0.175588 0.288853 0.155984 0.288853 0.155984 0.352026
1 0.175588 0.282444 0.175588 0.123780 0.155984 0.123780 0.155984 0.282444
3 0.755257 0.938590 0.755257 0.848221 0.746963 0.848221 0.746963 0.938590
3 0.708751 0.848221 0.708751 0.315278 0.700458 0.306701 0.700458 0.848221
2 0.708751 0.706227 0.708751 0.644926 0.700458 0.644926 0.700458 0.706227
2 0.708751 0.391386 0.708751 0.328993 0.700458 0.328993 0.700458 0.391386
2 0.708751 0.624637 0.708751 0.566307 0.700458 0.566307 0.700458 0.624637
3 0.708751 0.306701 0.576081 0.306701 0.584307 0.315278 0.708751 0.315278
2 0.640388 0.306701 0.588476 0.306701 0.588476 0.315278 0.640388 0.315278
3 0.585679 0.306701 0.585679 0.080654 0.575922 0.080654 0.575922 0.306701
3 0.700458 0.626540 1.000000 0.626540 1.000000 0.640575 0.700458 0.640575
3 0.700458 0.408976 1.000000 0.408976 1.000000 0.394941 0.700458 0.394941
3 0.576081 0.306701 0.576081 0.394941 0.584307 0.414387 0.584307 0.315278
2 0.576081 0.330810 0.576081 0.390294 0.584307 0.390294 0.584307 0.330810
3 0.584307 0.394941 0.584261 0.626540 0.575968 0.626540 0.576013 0.394941
2 0.584276 0.561504 0.584261 0.623164 0.575968 0.623164 0.575983 0.561504
2 0.584299 0.444344 0.584284 0.492585 0.575990 0.492585 0.576005 0.444344
3 0.584284 0.502448 0.445310 0.502448 0.476427 0.494729 0.584284 0.494729
3 0.445310 0.502448 0.445310 0.394941 0.476427 0.414387 0.476427 0.494729
3 0.576081 0.394941 0.445310 0.394941 0.476427 0.414387 0.584307 0.414387
3 0.476427 0.394941 0.155984 0.394941 0.155984 0.408976 0.445310 0.408976
3 0.700458 0.306701 0.711345 0.306701 0.719639 0.315278 0.708751 0.315278
3 0.719639 0.315278 0.719639 0.080654 0.711345 0.080654 0.711345 0.306701
