0 0.172859 0.230025 0.172859 0.111566 0.535301 0.111566 0.535301 0.230025 0.172859 0.230025 0.172859 0.230025
0 0.329839 0.589047 0.134997 0.588995 0.135256 0.527625 0.110044 0.527625 0.110044 0.269056 0.329839 0.269056
0 0.753853 0.702863 0.427562 0.702863 0.427614 0.589047 0.134997 0.589047 0.134997 0.588995 0.329839 0.589047 0.329839 0.269056 0.753853 0.269056
0 0.427562 0.702863 0.427303 0.702863 0.427303 0.881942 0.278206 0.881942 0.278206 0.778182 0.330254 0.778182 0.330254 0.589108 0.134997 0.589108 0.134997 0.589047 0.427614 0.589047
0 0.981851 0.702863 0.762487 0.702863 0.762487 0.269056 0.981600 0.269056
0 0.322500 0.766883 0.268708 0.766883 0.268708 0.787806 0.116088 0.786984 0.110044 0.786984 0.110044 0.599472 0.134997 0.599472 0.134997 0.599380 0.322500 0.599380
0 0.261309 0.803880 0.261309 0.957590 0.116088 0.957590 0.116088 0.803213
3 0.999715 0.230025 0.091912 0.230025 0.110044 0.269056 0.981600 0.269056
2 0.414956 0.230025 0.345122 0.230025 0.345122 0.269056 0.414956 0.269056
1 0.339208 0.230025 0.231745 0.230025 0.231745 0.269056 0.339208 0.269056
1 0.531071 0.230025 0.420802 0.230025 0.420802 0.269056 0.531071 0.269056
1 0.749985 0.230025 0.647228 0.230025 0.647228 0.269056 0.749985 0.269056
1 0.871565 0.230025 0.766951 0.230025 0.766951 0.269056 0.871565 0.269056
1 0.976774 0.230025 0.871090 0.230025 0.871090 0.269056 0.976774 0.269056
3 0.091912 0.230025 0.091912 0.527625 0.110044 0.527625 0.110044 0.269056
3 0.091912 0.527625 0.091912 0.599472 0.134997 0.599472 0.134997 0.527625
3 0.091912 0.599472 0.091912 0.786984 0.110044 0.786984 0.110044 0.599472
3 0.091912 0.786984 0.091912 0.988404 0.116088 0.957590 0.116088 0.786984
3 0.091912 0.988404 0.286348 0.988404 0.261309 0.957590 0.116088 0.957590
3 0.286348 0.988404 0.286348 0.905566 0.261309 0.881942 0.261309 0.957590
3 0.286348 0.905566 0.444572 0.905566 0.427303 0.881942 0.261309 0.881942
2 0.338966 0.905566 0.418350 0.905566 0.418350 0.881942 0.338966 0.881942
3 0.444572 0.905566 0.444572 0.724432 0.427303 0.702863 0.427303 0.881942
3 0.444572 0.724432 1.000000 0.724432 0.981851 0.702863 0.427303 0.702863
3 1.000000 0.724432 0.999715 0.230025 0.981600 0.269056 0.981851 0.702863
3 0.261309 0.881942 0.261309 0.788052 0.278206 0.788052 0.278206 0.881942
3 0.278206 0.788052 0.091912 0.786984 0.091843 0.802905 0.261309 0.803880
2 0.254721 0.787919 0.203563 0.787621 0.203502 0.803552 0.254652 0.803839
3 0.278206 0.788052 0.278206 0.778182 0.268708 0.766883 0.268708 0.788052
3 0.268708 0.766883 0.322500 0.766883 0.330254 0.778182 0.278206 0.778182
3 0.330254 0.778182 0.330254 0.589108 0.322500 0.599380 0.322500 0.766883
2 0.330254 0.747142 0.330254 0.673322 0.322500 0.673322 0.322500 0.747142
3 0.330254 0.589108 0.091912 0.589108 0.091912 0.599380 0.322500 0.599380
3 0.753853 0.230025 0.753853 0.724432 0.762487 0.724432 0.762487 0.230025
2 0.753853 0.305159 0.753853 0.389486 0.762487 0.389486 0.762487 0.305159
