0 0.467001 0.534538 0.363366 0.534538 0.363366 0.786131 0.114052 0.786131 0.114052 0.127414 0.467001 0.127414
0 0.467001 0.666123 0.370220 0.666123 0.370220 0.542994 0.467001 0.542994
0 0.467001 0.786131 0.370220 0.786131 0.370220 0.674580 0.467001 0.674580
0 0.188959 0.813614 0.188959 0.998967 0.433608 0.998967 0.433608 0.813614 0.188959 0.813614 0.188959 0.813614
3 0.091778 0.099931 0.489274 0.099931 0.467001 0.127414 0.114052 0.127414
1 0.171786 0.099931 0.265277 0.099931 0.265277 0.127414 0.171786 0.127414
1 0.335153 0.099931 0.427828 0.099931 0.427828 0.127414 0.335153 0.127414
3 0.489274 0.099931 0.489274 0.813614 0.467001 0.786131 0.467001 0.127414
3 0.489274 0.813614 0.091778 0.813614 0.114052 0.786131 0.467001 0.786131
1 0.422043 0.813614 0.374926 0.813614 0.374926 0.786131 0.422043 0.786131
1 0.219719 0.813614 0.149529 0.813614 0.149529 0.786131 0.219719 0.786131
2 0.352378 0.813614 0.293096 0.813614 0.293096 0.786131 0.352378 0.786131
3 0.091778 0.813614 0.091778 0.099931 0.114052 0.127414 0.114052 0.786131
1 0.091778 0.686425 0.091778 0.598692 0.114052 0.598692 0.114052 0.686425
1 0.091778 0.484942 0.091778 0.370051 0.114052 0.370051 0.114052 0.484942
3 0.489274 0.534538 0.363366 0.534538 0.370220 0.542994 0.489274 0.542994
3 0.363366 0.534538 0.363366 0.813614 0.370220 0.813614 0.370220 0.542994
2 0.363366 0.701647 0.363366 0.785377 0.370220 0.785377 0.370220 0.701647
2 0.363366 0.579243 0.363366 0.636125 0.370220 0.636125 0.370220 0.579243
3 0.363366 0.674580 0.489274 0.674580 0.489274 0.666123 0.363366 0.666123
3 0.433608 0.813614 0.433608 0.998967 0.427896 0.998967 0.427896 0.813614
3 0.253866 0.534552 0.253866 0.670514 0.260183 0.670514 0.260183 0.534552
0 0.693779 0.541838 0.700632 0.541838 0.700632 0.396998 0.945058 0.396998 0.945058 0.533016 0.827985 0.533016 0.827985 0.641530 0.765694 0.641530 0.765865 0.541902 0.765694 0.541838 0.590613 0.541838 0.590613 0.396998 0.693779 0.396998
0 0.757698 0.649986 0.827985 0.649986 0.827985 0.785525 0.590613 0.785525 0.590613 0.551704 0.757698 0.551704
0 0.765694 0.389598 0.590613 0.389598 0.590613 0.127463 0.764552 0.127463
0 0.945058 0.389598 0.772547 0.389598 0.771405 0.127463 0.945058 0.127463
0 0.945058 0.670077 0.834839 0.670077 0.834839 0.542881 0.945058 0.542881
0 0.945058 0.785525 0.834839 0.785525 0.834839 0.678533 0.945058 0.678533
0 0.693779 0.541838 0.590613 0.541838 0.590613 0.399464 0.693779 0.399464
0 0.700632 0.812303 0.700632 0.999389 0.953928 0.999389 0.953928 0.812303 0.700632 0.812303 0.700632 0.812303
3 0.568910 0.100685 0.966760 0.100685 0.945058 0.127463 0.590613 0.127463
1 0.672790 0.100685 0.741953 0.100685 0.741953 0.127463 0.672790 0.127463
1 0.787990 0.100685 0.857312 0.100685 0.857312 0.127463 0.787990 0.127463
3 0.966760 0.100685 0.966760 0.812303 0.945058 0.785525 0.945058 0.127463
3 0.966760 0.812303 0.568910 0.812303 0.590613 0.785525 0.945058 0.785525
1 0.696972 0.812303 0.625205 0.812303 0.625205 0.785525 0.696972 0.785525
1 0.911488 0.812303 0.861841 0.812303 0.861841 0.785525 0.911488 0.785525
2 0.822485 0.812303 0.770308 0.812303 0.770308 0.785525 0.822485 0.785525
3 0.568910 0.812303 0.568910 0.100685 0.590613 0.127463 0.590613 0.785525
1 0.568910 0.271818 0.568910 0.185198 0.590613 0.185198 0.590613 0.271818
1 0.568910 0.484491 0.568910 0.441752 0.590613 0.441752 0.590613 0.484491
1 0.568910 0.629283 0.568910 0.599573 0.590613 0.599573 0.590613 0.629283
3 0.568910 0.400105 0.966760 0.400105 0.966760 0.389598 0.568910 0.389598
2 0.780166 0.400105 0.827243 0.400105 0.827243 0.389598 0.780166 0.389598
2 0.709959 0.400105 0.756042 0.400105 0.756042 0.389598 0.709959 0.389598
3 0.568910 0.541838 0.765694 0.541838 0.757698 0.551704 0.568910 0.551704
3 0.765694 0.541838 0.765694 0.641530 0.757698 0.649986 0.757698 0.551704
3 0.966760 0.542881 0.834839 0.542881 0.827985 0.533016 0.966760 0.533016
3 0.827985 0.533016 0.827985 0.812303 0.834839 0.812303 0.834839 0.542881
2 0.827985 0.581378 0.827985 0.637281 0.834839 0.637281 0.834839 0.581378
3 0.966760 0.670077 0.827985 0.670077 0.827985 0.678533 0.966760 0.678533
2 0.890220 0.670077 0.843577 0.670077 0.843577 0.678533 0.890220 0.678533
3 0.765694 0.641530 0.834839 0.641530 0.834839 0.649986 0.757698 0.649986
2 0.776002 0.641530 0.823536 0.641530 0.823536 0.649986 0.776002 0.649986
3 0.693779 0.389598 0.693779 0.541838 0.700632 0.541838 0.700632 0.389598
2 0.693779 0.478459 0.693779 0.535235 0.700632 0.535235 0.700632 0.478459
3 0.946503 0.812303 0.946503 0.999389 0.953928 0.999389 0.953928 0.812303
3 0.764660 0.100685 0.765688 0.396772 0.772541 0.396730 0.771513 0.100650
