0 0.718681 0.986402 0.512372 0.986402 0.512372 0.796517 0.553721 0.796517 0.553721 0.737872 0.624491 0.737872 0.624491 0.655756 0.512372 0.655756 0.512372 0.533620 0.718681 0.533620
0 0.450526 0.796517 0.494600 0.796517 0.494600 0.979960 0.450526 0.979960 0.450526 0.876745 0.352496 0.876745 0.352496 0.737872 0.450526 0.737872
0 0.502140 0.655756 0.473861 0.655756 0.473861 0.725292 0.352496 0.725292 0.352496 0.533620 0.502140 0.533620
0 0.445141 0.979960 0.352496 0.979960 0.352496 0.883366 0.445141 0.883366
3 0.352496 0.533620 0.718681 0.533620 0.728914 0.521041 0.342264 0.521041
3 0.718681 0.533620 0.718681 0.986402 0.728914 0.998981 0.728914 0.521041
3 0.352496 0.979960 0.352496 0.533620 0.342264 0.521041 0.342264 0.998981
3 0.342264 0.737872 0.473861 0.737872 0.473861 0.725292 0.342264 0.725292
2 0.366697 0.737872 0.413152 0.737872 0.413152 0.725292 0.366697 0.725292
3 0.473861 0.737872 0.624491 0.737872 0.624491 0.655756 0.473861 0.655756
3 0.502140 0.521041 0.502140 0.796517 0.512372 0.796517 0.512372 0.521041
3 0.512372 0.796517 0.512372 0.986402 0.494600 0.998981 0.494600 0.796517
3 0.718681 0.986402 0.512372 0.986402 0.512372 0.998981 0.728914 0.998981
3 0.512372 0.979960 0.352496 0.979960 0.342264 0.998981 0.512372 0.998981
3 0.553721 0.737872 0.512372 0.737872 0.512372 0.796517 0.553721 0.796517
3 0.502140 0.737872 0.450526 0.737872 0.450526 0.796517 0.512372 0.796517
3 0.342264 0.883366 0.445141 0.883366 0.450526 0.876745 0.342264 0.876745
3 0.450526 0.876745 0.450526 0.998981 0.445141 0.998981 0.445141 0.883366
2 0.450526 0.889265 0.450526 0.935986 0.445141 0.935986 0.445141 0.889265
0 0.489554 0.470075 0.300381 0.470075 0.300381 0.260335 0.489554 0.260335
0 0.489554 0.245108 0.337325 0.245108 0.337325 0.205397 0.300381 0.205397 0.300381 0.038744 0.489554 0.038744
0 0.291226 0.470075 0.134409 0.470075 0.134409 0.260335 0.291226 0.260335
0 0.291226 0.102156 0.180120 0.102156 0.180120 0.170004 0.187121 0.170004 0.187121 0.110763 0.291226 0.110763 0.291226 0.205397 0.264504 0.205397 0.264504 0.245108 0.134409 0.245108 0.134409 0.038744 0.291226 0.038744
0 0.116098 0.173592 0.037240 0.173592 0.037240 0.038744 0.116098 0.038744
0 0.116098 0.283759 0.037240 0.283759 0.037240 0.182199 0.116098 0.182199
3 0.489554 0.470075 0.489554 0.038744 0.505710 0.018882 0.505710 0.492585
1 0.489554 0.132392 0.489554 0.078487 0.505710 0.078487 0.505710 0.132392
3 0.489554 0.038744 0.037240 0.038744 0.022161 0.018882 0.505710 0.018882
1 0.421655 0.038744 0.366643 0.038744 0.366643 0.018882 0.421655 0.018882
3 0.022161 0.018882 0.022161 0.299648 0.037240 0.283759 0.037240 0.038744
1 0.022161 0.157226 0.022161 0.226159 0.037240 0.226159 0.037240 0.157226
1 0.022161 0.070648 0.022161 0.143177 0.037240 0.143177 0.037240 0.070648
3 0.037240 0.283759 0.134409 0.283759 0.116098 0.299648 0.022161 0.299648
2 0.052244 0.283759 0.095300 0.283759 0.095300 0.299648 0.052244 0.299648
3 0.134409 0.283759 0.134409 0.470075 0.116098 0.492585 0.116098 0.299648
1 0.134409 0.396057 0.134409 0.462707 0.116098 0.462707 0.116098 0.396057
3 0.134409 0.470075 0.489554 0.470075 0.505710 0.492585 0.116098 0.492585
1 0.367171 0.470075 0.412618 0.470075 0.412618 0.492585 0.367171 0.492585
1 0.418467 0.470075 0.458863 0.470075 0.458863 0.492585 0.418467 0.492585
1 0.144199 0.470075 0.177686 0.470075 0.177686 0.492585 0.144199 0.492585
1 0.184859 0.470075 0.218346 0.470075 0.218346 0.492585 0.184859 0.492585
1 0.226849 0.470075 0.264321 0.470075 0.264321 0.492585 0.226849 0.492585
3 0.134409 0.283759 0.134409 0.018882 0.116098 0.018882 0.116098 0.283759
2 0.134409 0.245220 0.134409 0.186376 0.116098 0.186376 0.116098 0.245220
1 0.134409 0.155193 0.134409 0.103328 0.116098 0.103328 0.116098 0.155193
1 0.134409 0.096330 0.134409 0.048158 0.116098 0.048158 0.116098 0.096330
3 0.037240 0.182199 0.134409 0.182199 0.134409 0.173592 0.037240 0.173592
2 0.039362 0.182199 0.079478 0.182199 0.079478 0.173592 0.039362 0.173592
3 0.116098 0.260335 0.505710 0.260335 0.505710 0.245108 0.116098 0.245108
2 0.196675 0.260335 0.237437 0.260335 0.237437 0.245108 0.196675 0.245108
3 0.291226 0.018882 0.291226 0.492585 0.300381 0.492585 0.300381 0.018882
2 0.291226 0.326448 0.291226 0.457198 0.300381 0.457198 0.300381 0.326448
2 0.291226 0.140118 0.291226 0.194023 0.300381 0.194023 0.300381 0.140118
3 0.264504 0.245108 0.337325 0.245108 0.337325 0.205397 0.264504 0.205397
3 0.300381 0.110763 0.187121 0.110763 0.180120 0.102156 0.300381 0.102156
2 0.284758 0.110763 0.247276 0.110763 0.247276 0.102156 0.284758 0.102156
3 0.180120 0.102156 0.180120 0.170004 0.187121 0.170004 0.187121 0.110763
0 0.858621 0.472558 0.592410 0.472558 0.592410 0.260931 0.858621 0.260931
0 0.910623 0.249676 0.770301 0.249676 0.770301 0.210667 0.697560 0.210667 0.697560 0.026767 0.910623 0.026767
0 0.691097 0.249676 0.592410 0.249676 0.592410 0.123083 0.539832 0.123083 0.539832 0.026767 0.691097 0.026767
0 0.910623 0.479635 0.873307 0.479635 0.873307 0.260931 0.910623 0.260931
0 0.577089 0.479635 0.539832 0.479635 0.539832 0.260931 0.577089 0.260931
0 0.577089 0.249676 0.539832 0.249676 0.539832 0.134338 0.577089 0.134338
3 0.539832 0.026767 0.910623 0.026767 0.919778 0.015512 0.529600 0.015512
1 0.711740 0.026767 0.778621 0.026767 0.778621 0.015512 0.711740 0.015512
3 0.910623 0.026767 0.910623 0.479635 0.919778 0.490890 0.919778 0.015512
3 0.539832 0.479635 0.539832 0.026767 0.529600 0.015512 0.529600 0.490890
3 0.910623 0.479635 0.873307 0.479635 0.873307 0.490890 0.919778 0.490890
3 0.858621 0.260931 0.919778 0.260931 0.919778 0.249676 0.858621 0.249676
3 0.873307 0.260931 0.873307 0.490890 0.858621 0.490890 0.858621 0.249676
3 0.529600 0.134338 0.577089 0.134338 0.592410 0.123083 0.529600 0.123083
3 0.577089 0.134338 0.577089 0.490890 0.592410 0.479635 0.592410 0.123083
3 0.873307 0.472558 0.577089 0.472558 0.577089 0.490890 0.873307 0.490890
1 0.778115 0.472558 0.708724 0.472558 0.708724 0.490890 0.778115 0.490890
3 0.577089 0.479635 0.539832 0.479635 0.529600 0.490890 0.577089 0.490890
3 0.529600 0.260931 0.577089 0.260931 0.577089 0.249676 0.529600 0.249676
3 0.577089 0.260931 0.858621 0.260931 0.858621 0.249676 0.577089 0.249676
2 0.632294 0.260931 0.677548 0.260931 0.677548 0.249676 0.632294 0.249676
3 0.770301 0.260931 0.691097 0.260931 0.697560 0.210667 0.770301 0.210667
3 0.691097 0.260931 0.691097 0.015512 0.697560 0.015512 0.697560 0.210667
2 0.691097 0.198777 0.691097 0.145805 0.697560 0.145805 0.697560 0.198777
