0 0.483720 0.859948 0.321301 0.859948 0.321301 0.605583 0.483720 0.605583
0 0.311476 0.859948 0.183532 0.859948 0.183532 0.605583 0.311476 0.605583
0 0.174262 0.835839 0.135169 0.835839 0.135169 0.798793 0.174262 0.798793
0 0.174262 0.870756 0.135169 0.870756 0.135169 0.835839 0.174262 0.835839
0 0.173707 0.597680 0.043472 0.597680 0.043472 0.787310 0.173707 0.785337 0.173707 0.597680 0.173707 0.597680
3 0.183532 0.859948 0.483720 0.859948 0.493545 0.884942 0.183532 0.884942
3 0.483720 0.859948 0.483720 0.605583 0.493545 0.580589 0.493545 0.884942
3 0.483720 0.605583 0.183532 0.605583 0.173707 0.580589 0.493545 0.580589
3 0.183532 0.605583 0.183532 0.798793 0.173707 0.785337 0.173707 0.580589
2 0.183532 0.669757 0.183532 0.723636 0.173707 0.723636 0.173707 0.669757
3 0.173707 0.785337 0.130124 0.785337 0.135169 0.798793 0.183532 0.798793
2 0.168428 0.785337 0.146566 0.785337 0.146566 0.798793 0.168428 0.798793
3 0.135169 0.798793 0.135169 0.870756 0.130124 0.884942 0.130124 0.785337
3 0.183532 0.884942 0.130124 0.884942 0.135169 0.870756 0.174262 0.870756
3 0.183532 0.798793 0.183532 0.884942 0.174262 0.870756 0.174262 0.798793
3 0.173707 0.597680 0.043472 0.597680 0.043472 0.587547 0.173707 0.587547
3 0.321301 0.605583 0.321301 0.859948 0.311476 0.859948 0.311476 0.605583
0 0.662600 0.876808 0.624471 0.876808 0.624471 0.774468 0.619160 0.774468 0.619160 0.781554 0.538411 0.781554 0.538411 0.588358 0.662600 0.588358
0 0.805921 0.975244 0.741917 0.975244 0.741917 0.985532 0.624471 0.985708 0.624471 0.876808 0.805921 0.876808
0 0.806832 0.654389 0.803114 0.654389 0.803114 0.852490 0.790456 0.852490 0.790456 0.855867 0.750999 0.855867 0.750999 0.809966 0.746073 0.810210 0.746073 0.716563 0.761432 0.716563 0.761432 0.595005 0.806832 0.595005
0 0.974368 0.716394 0.919953 0.716394 0.919849 0.716563 0.806832 0.716563 0.806832 0.595005 0.974368 0.595005
0 0.761432 0.716563 0.746073 0.716563 0.746073 0.810210 0.750999 0.809966 0.750999 0.855867 0.671894 0.855867 0.671894 0.595005 0.761432 0.595005
0 0.806834 0.727372 0.870517 0.727372 0.870517 0.852490 0.806832 0.852490 0.806832 0.716563
0 0.971410 0.848234 0.923567 0.848234 0.923567 0.728554 0.971410 0.728554
0 0.919849 0.852490 0.874500 0.852490 0.874500 0.727372 0.919849 0.727203
3 0.671894 0.855867 0.790456 0.855867 0.790456 0.876808 0.662600 0.876808
1 0.725810 0.855867 0.741912 0.855867 0.741912 0.876808 0.725810 0.876808
2 0.765901 0.855867 0.789569 0.855867 0.789569 0.876808 0.765901 0.876808
3 0.790456 0.876808 0.923567 0.876808 0.919849 0.852490 0.790456 0.852490
3 0.919849 0.876808 0.983927 0.876808 0.971410 0.848234 0.919849 0.848234
3 0.971410 0.848234 0.971410 0.728554 0.983927 0.716394 0.983927 0.876808
3 0.974368 0.716394 0.974368 0.595005 0.983927 0.572713 0.983927 0.716394
3 0.974368 0.595005 0.671894 0.595005 0.662600 0.572713 0.983927 0.572713
3 0.671894 0.595005 0.671894 0.855867 0.662600 0.876808 0.662600 0.572713
2 0.671894 0.759323 0.671894 0.812452 0.662600 0.812452 0.662600 0.759323
1 0.671894 0.636974 0.671894 0.715455 0.662600 0.715455 0.662600 0.636974
3 0.765150 0.595005 0.765150 0.727372 0.761432 0.716563 0.761432 0.595005
2 0.765150 0.658861 0.765150 0.714017 0.761432 0.714017 0.761432 0.658861
3 0.765150 0.727372 0.749260 0.727372 0.746073 0.716563 0.761432 0.716563
3 0.746073 0.716563 0.746073 0.810210 0.749260 0.810210 0.749260 0.727372
3 0.806832 0.852490 0.806832 0.654389 0.803114 0.654389 0.803114 0.852490
2 0.806832 0.790566 0.806832 0.737234 0.803114 0.737234 0.803114 0.790566
2 0.806832 0.712807 0.806832 0.659665 0.803114 0.659665 0.803114 0.712807
3 0.919849 0.852490 0.919849 0.727203 0.923567 0.716388 0.923567 0.876808
2 0.919849 0.789188 0.919849 0.738335 0.923567 0.738335 0.923567 0.789188
3 0.919849 0.716394 0.983927 0.716394 0.971410 0.728554 0.923567 0.728554
3 0.923567 0.716388 0.806832 0.716563 0.806834 0.727372 0.919849 0.727203
3 0.874500 0.727270 0.874500 0.852490 0.870517 0.852490 0.870517 0.727270
2 0.874500 0.737511 0.874500 0.791390 0.870517 0.791390 0.870517 0.737511
3 0.662600 0.588358 0.533100 0.588358 0.533100 0.579576 0.662600 0.579576
0 0.346052 0.430491 0.269337 0.430491 0.269337 0.170344 0.346052 0.170344
0 0.437486 0.430491 0.346052 0.430491 0.346052 0.170344 0.437486 0.170344
0 0.266150 0.320193 0.181610 0.320193 0.181610 0.170344 0.266150 0.170344
0 0.266150 0.387265 0.264292 0.387265 0.264292 0.430491 0.220427 0.430491 0.220427 0.328299 0.266150 0.328299
0 0.214585 0.430491 0.181610 0.430491 0.181610 0.329650 0.214585 0.329650
0 0.512106 0.445257 0.446979 0.445257 0.447046 0.164730 0.512106 0.164730
3 0.181610 0.430491 0.437486 0.430491 0.447046 0.454809 0.172581 0.454809
1 0.232559 0.430491 0.248083 0.430491 0.248083 0.454809 0.232559 0.454809
1 0.189308 0.430491 0.204831 0.430491 0.204831 0.454809 0.189308 0.454809
1 0.368156 0.430491 0.414647 0.430491 0.414647 0.454809 0.368156 0.454809
3 0.437486 0.430491 0.437486 0.170344 0.447046 0.149403 0.447046 0.454809
1 0.437486 0.412887 0.437486 0.293294 0.447046 0.293294 0.447046 0.412887
2 0.437486 0.283952 0.437486 0.229755 0.447046 0.229755 0.447046 0.283952
3 0.437486 0.170344 0.181610 0.170344 0.172581 0.149403 0.447046 0.149403
3 0.181610 0.170344 0.181610 0.430491 0.172581 0.454809 0.172581 0.149403
1 0.181610 0.228526 0.181610 0.309162 0.172581 0.309162 0.172581 0.228526
3 0.220427 0.430491 0.220427 0.328299 0.214585 0.320193 0.214585 0.430491
3 0.220427 0.320193 0.181610 0.320193 0.181610 0.329650 0.220427 0.329650
2 0.211396 0.320193 0.188997 0.320193 0.188997 0.329650 0.211396 0.329650
3 0.269337 0.430491 0.269337 0.387265 0.264292 0.387265 0.264292 0.430491
3 0.269337 0.387265 0.269337 0.170344 0.266150 0.170344 0.266150 0.387265
2 0.269337 0.319612 0.269337 0.263261 0.266150 0.263261 0.266150 0.319612
2 0.269337 0.385042 0.269337 0.331514 0.266150 0.331514 0.266150 0.385042
3 0.214585 0.320193 0.266150 0.320193 0.266150 0.328299 0.220427 0.328299
3 0.447046 0.164730 0.509501 0.164730 0.509501 0.156624 0.447046 0.156624
0 0.746450 0.171587 0.746450 0.337250 0.671657 0.337250 0.671657 0.171587 0.749671 0.171587 0.749671 0.431240 0.749637 0.431240 0.749637 0.171587
0 0.736856 0.345356 0.736856 0.431240 0.671657 0.431240 0.671657 0.345356
0 0.839337 0.431240 0.749671 0.431240 0.749671 0.171587 0.839337 0.171587
0 0.849162 0.165224 0.911341 0.165224 0.911341 0.444717 0.849162 0.444717 0.849162 0.165224 0.849162 0.165224
3 0.671657 0.431240 0.839337 0.431240 0.849162 0.456234 0.662098 0.456234
1 0.792729 0.431240 0.816338 0.431240 0.816338 0.456234 0.792729 0.456234
1 0.691608 0.431240 0.704465 0.431240 0.704465 0.456234 0.691608 0.456234
3 0.839337 0.431240 0.839337 0.171587 0.849162 0.149971 0.849162 0.456234
1 0.839337 0.414062 0.839337 0.294564 0.849162 0.294564 0.849162 0.414062
2 0.839337 0.284810 0.839337 0.230093 0.849162 0.230093 0.849162 0.284810
3 0.839337 0.171587 0.671657 0.171587 0.662098 0.149971 0.849162 0.149971
3 0.671657 0.171587 0.671657 0.431240 0.662098 0.456234 0.662098 0.149971
1 0.671657 0.218143 0.671657 0.308081 0.662098 0.308081 0.662098 0.218143
3 0.749637 0.431240 0.749637 0.337250 0.736856 0.345356 0.736856 0.431240
3 0.749637 0.337250 0.749637 0.171587 0.746450 0.171587 0.746450 0.337250
2 0.749637 0.322861 0.749637 0.270347 0.746450 0.270347 0.746450 0.322861
3 0.749637 0.337250 0.671657 0.337250 0.671657 0.345356 0.736856 0.345356
2 0.719545 0.337250 0.698283 0.337250 0.698283 0.345356 0.719545 0.345356
3 0.911341 0.157117 0.849162 0.157117 0.849162 0.165224 0.911341 0.165224
