0 0.612907 0.161284 0.612907 0.060684 0.033909 0.060684 0.033909 0.161284 0.612907 0.161284 0.612907 0.161284
0 0.619491 0.663224 0.327271 0.663224 0.327271 0.666472 0.036104 0.666472 0.036104 0.499034 0.619491 0.499034
0 0.619491 0.499034 0.036104 0.499034 0.036104 0.498944 0.182307 0.498944 0.182307 0.494885 0.036104 0.494885 0.036104 0.186454 0.619491 0.186454
0 0.961588 0.990671 0.520014 0.990671 0.520014 0.676312 0.961588 0.676312
0 0.961588 0.663224 0.632660 0.663224 0.632660 0.427218 0.961588 0.427218
0 0.961588 0.419098 0.632660 0.419098 0.632660 0.186454 0.961588 0.186454
0 0.513430 0.842403 0.334283 0.842403 0.334283 0.668932 0.513430 0.668932
3 0.036104 0.666472 0.036104 0.186454 0.019643 0.161284 0.019643 0.680275
3 0.961588 0.186454 0.961588 0.990671 0.999996 1.000000 0.999996 0.161284
1 0.961588 0.452802 0.961588 0.594786 0.999996 0.594786 0.999996 0.452802
1 0.961588 0.804323 0.961588 0.942913 0.999996 0.942913 0.999996 0.804323
3 0.961588 0.990671 0.520014 0.990671 0.504651 1.000000 0.999996 1.000000
3 0.520014 0.990671 0.520014 0.842403 0.504651 0.857432 0.504651 1.000000
3 0.520014 0.842403 0.334283 0.842403 0.314442 0.857432 0.504651 0.857432
3 0.334283 0.842403 0.334283 0.666472 0.314442 0.680275 0.314442 0.857432
3 0.334283 0.666472 0.036104 0.666472 0.019643 0.680275 0.314442 0.680275
2 0.131038 0.666472 0.042282 0.666472 0.042282 0.680275 0.131038 0.680275
3 0.327271 0.663224 0.520014 0.663224 0.513430 0.668932 0.327271 0.668932
2 0.343227 0.663224 0.406545 0.663224 0.406545 0.668932 0.343227 0.668932
3 0.520014 0.663224 0.520014 0.857432 0.513430 0.857432 0.513430 0.668932
3 0.619491 0.186454 0.619491 0.676312 0.632660 0.663224 0.632660 0.161284
2 0.619491 0.186429 0.619491 0.294222 0.632660 0.294222 0.632660 0.186429
2 0.619491 0.548838 0.619491 0.615441 0.632660 0.615441 0.632660 0.548838
3 0.619491 0.427218 0.999996 0.427218 0.999996 0.419098 0.619491 0.419098
3 0.019643 0.161284 0.019643 0.050129 0.033909 0.050129 0.033909 0.161284
3 0.612907 0.161284 0.612907 0.050129 0.627173 0.050129 0.627173 0.161284
3 0.036104 0.498944 0.182307 0.498944 0.182307 0.494885 0.036104 0.494885
3 0.287173 0.498944 0.503016 0.498944 0.503016 0.494885 0.287173 0.494885
3 0.036104 0.186454 0.619491 0.186454 0.619491 0.161284 0.019643 0.161284
1 0.096405 0.186454 0.185292 0.186454 0.185292 0.161284 0.096405 0.161284
1 0.326953 0.186454 0.493062 0.186454 0.493062 0.161284 0.326953 0.161284
2 0.234180 0.186454 0.319172 0.186454 0.319172 0.161284 0.234180 0.161284
3 0.619491 0.186454 0.961588 0.186454 0.999996 0.161284 0.619491 0.161284
1 0.636182 0.186454 0.830286 0.186454 0.830286 0.161284 0.636182 0.161284
3 0.999996 0.676312 0.619491 0.676312 0.632660 0.663224 0.999996 0.663224
3 0.632660 0.676312 0.513430 0.676312 0.513430 0.663224 0.632660 0.663224
2 0.615947 0.676312 0.525556 0.676312 0.525556 0.663224 0.615947 0.663224
