0 0.771562 0.712568 0.731325 0.741242 0.668098 0.741242 0.668098 0.677686 0.771562 0.677686
0 0.771562 0.671873 0.668098 0.671873 0.668098 0.585902 0.771562 0.585902
0 0.859418 0.633043 0.909460 0.666463 0.909533 0.666705 0.909533 0.709498 0.780265 0.709498 0.780265 0.632869 0.859730 0.632869
0 0.982594 0.989829 0.808774 0.989829 0.808774 0.895705 0.982594 0.895705
0 0.984045 0.529184 0.851194 0.529184 0.851194 0.357643 0.984045 0.357643
0 0.515774 0.743257 0.254562 0.743257 0.254562 0.615011 0.515774 0.615011
0 0.515774 0.877784 0.254562 0.877784 0.254562 0.749069 0.515774 0.749069
0 0.984045 0.709498 0.918236 0.709498 0.918236 0.664327 0.863378 0.627057 0.780265 0.627057 0.780265 0.585902 0.851194 0.585902 0.851194 0.534997 0.984045 0.534997
0 0.984045 0.877784 0.668098 0.877784 0.668098 0.747054 0.735096 0.747054 0.735401 0.746865 0.779336 0.715310 0.984045 0.715310
0 0.465892 0.357643 0.842491 0.357643 0.842491 0.580089 0.659395 0.580089 0.659395 0.609121 0.254562 0.609121 0.254562 0.198016 0.465892 0.198016
0 0.659395 0.877784 0.524477 0.877784 0.524477 0.609199 0.254562 0.609199 0.254562 0.609121 0.659395 0.609121
0 0.492726 0.333827 0.492726 0.185229 0.985495 0.185321 0.985495 0.339722 0.492726 0.333827
0 0.793544 0.895705 0.793544 0.989829 0.526450 0.989829 0.526450 0.895642 0.793544 0.895705 0.793544 0.895705
3 0.254562 0.198016 0.465892 0.198016 0.492726 0.180095 0.227728 0.180095
1 0.268298 0.198016 0.444504 0.198016 0.444504 0.180095 0.268298 0.180095
3 0.465892 0.198016 0.465892 0.357643 0.492726 0.339722 0.492726 0.180095
2 0.465892 0.294343 0.465892 0.334031 0.492726 0.334031 0.492726 0.294343
1 0.465892 0.199963 0.465892 0.290502 0.492726 0.290502 0.492726 0.199963
3 0.465892 0.357643 0.984045 0.357643 1.000000 0.339722 0.492726 0.339722
2 0.865300 0.357643 0.922805 0.357643 0.922805 0.339722 0.865300 0.339722
1 0.530192 0.357643 0.655703 0.357643 0.655703 0.339722 0.530192 0.339722
1 0.661339 0.357643 0.790476 0.357643 0.790476 0.339722 0.661339 0.339722
3 0.984045 0.357643 0.984045 0.877784 1.000000 0.877784 1.000000 0.339722
3 0.254562 0.877784 0.254562 0.198016 0.227728 0.180095 0.227728 0.895705
1 0.254562 0.730843 0.254562 0.649976 0.227728 0.649976 0.227728 0.730843
1 0.254562 0.472656 0.254562 0.430208 0.227728 0.430208 0.227728 0.472656
1 0.254562 0.287277 0.254562 0.202380 0.227728 0.202380 0.227728 0.287277
3 1.000000 0.877784 1.000000 1.000000 0.982594 0.989829 0.982594 0.877784
3 0.982594 0.989829 0.808774 0.989829 0.793544 1.000000 1.000000 1.000000
3 0.984045 0.877784 0.793544 0.877784 0.808774 0.895705 1.000000 0.895705
3 0.808774 0.877784 0.254562 0.877784 0.227728 0.895705 0.793544 0.895705
2 0.654064 0.877784 0.583302 0.877784 0.583302 0.895705 0.654064 0.895705
1 0.787771 0.877784 0.672050 0.877784 0.672050 0.895705 0.787771 0.895705
1 0.454679 0.877784 0.337958 0.877784 0.337958 0.895705 0.454679 0.895705
3 0.808774 0.989829 0.808774 0.877784 0.793544 0.895705 0.793544 1.000000
2 0.808774 0.985097 0.808774 0.942019 0.793544 0.942019 0.793544 0.985097
3 0.524477 0.895705 0.524477 0.609199 0.515774 0.615011 0.515774 0.895705
2 0.524477 0.793188 0.524477 0.754498 0.515774 0.754498 0.515774 0.793188
2 0.524477 0.738927 0.524477 0.700973 0.515774 0.700973 0.515774 0.738927
3 0.524477 0.609199 0.227728 0.609199 0.227728 0.615011 0.515774 0.615011
3 0.524477 0.749069 0.227728 0.749069 0.227728 0.743257 0.524477 0.743257
3 0.668098 0.895705 0.668098 0.585902 0.659395 0.580089 0.659395 0.895705
2 0.668098 0.788684 0.668098 0.748783 0.659395 0.748783 0.659395 0.788684
2 0.668098 0.643205 0.668098 0.603808 0.659395 0.603808 0.659395 0.643205
3 0.659395 0.580089 0.842491 0.580089 0.851194 0.585902 0.668098 0.585902
3 0.851194 0.585902 0.851194 0.339722 0.842491 0.339722 0.842491 0.580089
2 0.851194 0.577455 0.851194 0.538561 0.842491 0.538561 0.842491 0.577455
3 0.659395 0.747054 0.735096 0.747054 0.731325 0.741242 0.659395 0.741242
3 0.735096 0.747054 0.780265 0.714869 0.771562 0.712568 0.731325 0.741242
2 0.740187 0.743426 0.774238 0.719160 0.767892 0.715184 0.733834 0.739455
3 0.780265 0.714869 0.780265 0.580089 0.771562 0.580089 0.771562 0.712568
3 0.771562 0.715310 1.000000 0.715310 1.000000 0.709498 0.771562 0.709498
3 0.918236 0.715310 0.918236 0.664327 0.909533 0.666705 0.909533 0.715310
3 0.918236 0.664327 0.863378 0.627057 0.859730 0.632869 0.909533 0.666705
2 0.909975 0.658714 0.869158 0.630985 0.862957 0.635058 0.903767 0.662792
3 0.863378 0.627057 0.771562 0.627057 0.771562 0.632869 0.859730 0.632869
3 0.842491 0.534997 1.000000 0.534997 1.000000 0.529184 0.842491 0.529184
2 0.856785 0.534997 0.913420 0.534997 0.913420 0.529184 0.856785 0.529184
3 0.659395 0.677686 0.780265 0.677686 0.780265 0.671873 0.659395 0.671873
3 1.000000 0.339722 1.000000 0.185321 0.985495 0.185321 0.985495 0.339722
