0 0.619119 0.864756 0.513230 0.864756 0.512709 0.788405 0.619119 0.788405
0 0.741048 0.864756 0.619119 0.864756 0.619119 0.788405 0.741048 0.788405
0 0.606060 0.879933 0.606060 0.940272 0.499181 0.940272 0.499181 0.879776 0.606060 0.879933 0.606060 0.879933
0 0.242106 0.280042 0.242106 0.227008 0.350382 0.226862 0.350382 0.280042 0.242106 0.280042 0.242106 0.280042
0 0.344485 0.613640 0.036543 0.613640 0.036693 0.295171 0.344485 0.295171
0 0.345130 0.368526 0.354856 0.368526 0.354856 0.295171 0.652073 0.295171 0.652073 0.548956 0.354856 0.548956 0.354856 0.431619 0.345130 0.431619 0.345130 0.554402 0.741136 0.554402 0.741136 0.781749 0.512700 0.781749 0.512700 0.613640 0.344485 0.613640 0.344485 0.295171 0.345130 0.295171
0 0.923180 0.518505 0.741136 0.518505 0.741136 0.548956 0.660914 0.548956 0.660914 0.295171 0.923180 0.295171
0 0.299153 0.864805 0.036543 0.864805 0.036543 0.620297 0.299153 0.620297
0 0.502974 0.620297 0.502974 0.864805 0.308879 0.864805 0.308879 0.620297
0 0.924064 0.864805 0.750862 0.864805 0.750862 0.723589 0.924064 0.723589
0 0.813603 0.993343 0.615786 0.993343 0.615786 0.879933 0.813603 0.879933
0 0.919643 0.622015 0.919643 0.715116 0.832091 0.715116 0.832091 0.718142 0.772675 0.718142 0.772675 0.715116 0.755283 0.715116 0.755283 0.621694
0 0.923180 0.612333 0.755283 0.611988 0.751746 0.611988 0.751746 0.525767 0.923180 0.525767
3 0.016366 0.280042 0.941747 0.280042 0.923180 0.295171 0.036693 0.295171
2 0.260028 0.280042 0.329135 0.280042 0.329135 0.295171 0.260028 0.295171
1 0.095986 0.280042 0.234634 0.280042 0.234634 0.295171 0.095986 0.295171
1 0.355926 0.280042 0.448623 0.280042 0.448623 0.295171 0.355926 0.295171
1 0.459039 0.280042 0.524760 0.280042 0.524760 0.295171 0.459039 0.295171
1 0.524760 0.280042 0.551206 0.280042 0.551206 0.295171 0.524760 0.295171
1 0.717378 0.280042 0.811411 0.280042 0.811411 0.295171 0.717378 0.295171
1 0.822100 0.280042 0.847476 0.280042 0.847476 0.295171 0.822100 0.295171
3 0.941747 0.280042 0.941747 0.612333 0.923180 0.612333 0.923180 0.295171
3 0.941747 0.612333 0.941747 0.723589 0.919643 0.723589 0.919643 0.612333
3 0.941747 0.723589 0.941747 0.879933 0.924064 0.864805 0.924064 0.723589
3 0.941747 0.879933 0.016198 0.879933 0.036543 0.864805 0.924064 0.864805
2 0.597263 0.879933 0.521603 0.879933 0.521603 0.864805 0.597263 0.864805
1 0.869979 0.879933 0.825230 0.879933 0.825230 0.864805 0.869979 0.864805
1 0.349365 0.879933 0.318773 0.879933 0.318773 0.864805 0.349365 0.864805
1 0.451806 0.879933 0.358968 0.879933 0.358968 0.864805 0.451806 0.864805
1 0.139152 0.879933 0.111053 0.879933 0.111053 0.864805 0.139152 0.864805
1 0.243724 0.879933 0.147331 0.879933 0.147331 0.864805 0.243724 0.864805
3 0.016198 0.879933 0.016366 0.280042 0.036693 0.295171 0.036543 0.864805
3 0.941747 0.723589 0.832091 0.723589 0.832091 0.715116 0.941747 0.715116
3 0.832091 0.723589 0.772675 0.723589 0.772675 0.718142 0.832091 0.718142
2 0.827538 0.723589 0.776052 0.723589 0.776052 0.718142 0.827538 0.718142
3 0.772675 0.723589 0.750862 0.723589 0.741136 0.715116 0.772675 0.715116
3 0.741136 0.723589 0.741136 0.611988 0.755283 0.611988 0.755283 0.723589
3 0.741136 0.611988 0.941747 0.612333 0.941712 0.622015 0.755283 0.621694
3 0.741136 0.611988 0.741136 0.518505 0.751746 0.525767 0.751746 0.611988
2 0.741136 0.591601 0.741136 0.556992 0.751746 0.556992 0.751746 0.591601
3 0.741136 0.518505 0.941747 0.518505 0.941747 0.525767 0.751746 0.525767
3 0.751746 0.554402 0.345130 0.554402 0.354856 0.548956 0.751746 0.548956
2 0.586343 0.554402 0.524353 0.554402 0.524353 0.548956 0.586343 0.548956
2 0.735919 0.554402 0.666724 0.554402 0.666724 0.548956 0.735919 0.548956
3 0.345130 0.554402 0.345130 0.431619 0.354856 0.431619 0.354856 0.548956
3 0.345130 0.368526 0.345130 0.280042 0.354856 0.280042 0.354856 0.368526
3 0.660914 0.554402 0.660914 0.280042 0.652073 0.280042 0.652073 0.554402
3 0.741136 0.715116 0.741136 0.879933 0.750862 0.879933 0.750862 0.723589
2 0.741136 0.726838 0.741136 0.770185 0.750862 0.770185 0.750862 0.726838
3 0.512700 0.879933 0.512700 0.613640 0.502974 0.620297 0.502974 0.879933
2 0.512700 0.717368 0.512700 0.669483 0.502974 0.669483 0.502974 0.717368
3 0.512700 0.613640 0.016269 0.613640 0.016269 0.620297 0.502974 0.620297
2 0.292539 0.613640 0.224484 0.613640 0.224484 0.620297 0.292539 0.620297
3 0.308879 0.879933 0.308879 0.613640 0.299153 0.613640 0.299153 0.879933
3 0.502974 0.788405 0.750862 0.788405 0.750862 0.781749 0.502974 0.781749
2 0.529030 0.788405 0.603319 0.788405 0.603319 0.781749 0.529030 0.781749
2 0.624964 0.788405 0.677201 0.788405 0.677201 0.781749 0.624964 0.781749
3 0.619526 0.879933 0.619526 0.781749 0.609800 0.781749 0.609800 0.879933
3 0.824213 0.864805 0.824213 1.000000 0.813603 0.993343 0.813603 0.864805
3 0.824213 1.000000 0.606060 1.000000 0.615786 0.993343 0.813603 0.993343
3 0.606060 1.000000 0.606060 0.879933 0.615786 0.879933 0.615786 0.993343
2 0.606060 0.990536 0.606060 0.943080 0.615786 0.943080 0.615786 0.990536
3 0.049205 0.295171 0.049205 0.222759 0.035942 0.222759 0.035942 0.295171
