0 0.812110 0.471561 0.985146 0.471561 0.985146 0.109374 0.812110 0.109374 0.812110 0.471561
0 0.324369 0.893550 0.102848 0.893550 0.102848 0.629660 0.153595 0.629660 0.153595 0.597496 0.324369 0.597496
0 0.784150 0.893550 0.324369 0.893550 0.324369 0.597496 0.329122 0.597496 0.329122 0.586211 0.407112 0.586211 0.407112 0.558693 0.784150 0.558693
0 0.784150 0.471561 0.742691 0.471561 0.742691 0.487548 0.784150 0.487548 0.784150 0.558693 0.407112 0.558693 0.407112 0.586211 0.271079 0.586211 0.271079 0.385030 0.784150 0.385030
0 0.564578 0.569979 0.417597 0.569979 0.417597 0.599312 0.407112 0.599312 0.407112 0.558693 0.564578 0.558693
0 0.784150 0.367161 0.760411 0.367161 0.760411 0.373744 0.387357 0.373744 0.387357 0.109374 0.784150 0.109374
0 0.260594 0.586211 0.102848 0.586211 0.102848 0.275449 0.260594 0.275449
0 0.377746 0.373744 0.293709 0.373744 0.293709 0.330512 0.271079 0.330512 0.271079 0.109374 0.377746 0.109374
0 0.252730 0.255699 0.102848 0.255699 0.102848 0.109374 0.252730 0.109374
3 0.102848 0.109374 0.784150 0.109374 0.812110 0.073637 0.084500 0.073637
3 0.812110 0.073637 0.812110 0.916121 0.784150 0.893550 0.784150 0.109374
2 0.812110 0.287881 0.812110 0.364914 0.784150 0.364914 0.784150 0.287881
1 0.812110 0.128654 0.812110 0.273925 0.784150 0.273925 0.784150 0.128654
1 0.812110 0.409378 0.812110 0.470376 0.784150 0.470376 0.784150 0.409378
1 0.812110 0.624440 0.812110 0.827587 0.784150 0.827587 0.784150 0.624440
3 0.784150 0.893550 0.102848 0.893550 0.084500 0.916121 0.812110 0.916121
2 0.181992 0.893550 0.104063 0.893550 0.104063 0.916121 0.181992 0.916121
3 0.102848 0.893550 0.102848 0.109374 0.084500 0.073637 0.084500 0.916121
3 0.102848 0.275449 0.260594 0.275449 0.271079 0.255699 0.102848 0.255699
2 0.186439 0.275449 0.249314 0.275449 0.249314 0.255699 0.186439 0.255699
3 0.271079 0.275449 0.271079 0.109374 0.252730 0.109374 0.252730 0.275449
3 0.271079 0.255699 0.271079 0.586211 0.260594 0.597496 0.260594 0.275449
3 0.271079 0.597496 0.102848 0.597496 0.102848 0.586211 0.260594 0.586211
2 0.233360 0.597496 0.163381 0.597496 0.163381 0.586211 0.233360 0.586211
3 0.153595 0.629660 0.102848 0.629660 0.102848 0.595691 0.153595 0.595691
3 0.260594 0.597496 0.329122 0.597496 0.329122 0.586211 0.271079 0.586211
3 0.417597 0.599312 0.417597 0.569979 0.407112 0.558693 0.407112 0.599312
3 0.407112 0.558693 0.564578 0.558693 0.564578 0.569979 0.417597 0.569979
3 0.271079 0.385030 0.784150 0.385030 0.784150 0.373744 0.271079 0.373744
2 0.573019 0.385030 0.654897 0.385030 0.654897 0.373744 0.573019 0.373744
3 0.760411 0.373744 0.784150 0.373744 0.784150 0.367161 0.760411 0.367161
3 0.387357 0.373744 0.387357 0.109374 0.377746 0.109374 0.377746 0.373744
2 0.387357 0.278035 0.387357 0.210351 0.377746 0.210351 0.377746 0.278035
3 0.293709 0.330512 0.293709 0.373744 0.270974 0.373744 0.270974 0.330512
3 0.742691 0.487548 0.784150 0.487548 0.784150 0.471561 0.742691 0.471561
3 0.812110 0.487548 0.930930 0.487548 0.930930 0.471561 0.812110 0.471561
3 0.812110 0.109374 0.930930 0.109374 0.930930 0.093387 0.812110 0.093387
