0 0.682955 0.659464 0.688416 0.659464 0.646680 0.660302 0.646680 0.866398 0.531594 0.866398 0.531594 0.410055 0.682955 0.410055
0 0.981956 0.866398 0.646680 0.866398 0.646680 0.660302 0.688507 0.659464 0.688507 0.536747 0.981956 0.536747
0 0.526042 0.547894 0.212967 0.547894 0.212967 0.126704 0.526042 0.126704
0 0.611098 0.400058 0.531594 0.400058 0.531594 0.126704 0.611098 0.126704
0 0.192841 0.526649 0.116661 0.526649 0.075077 0.435586 0.075077 0.121706 0.192841 0.121706 0.192841 0.526649 0.192841 0.526649
0 0.981956 0.519251 0.688507 0.519251 0.688507 0.410055 0.755713 0.410055 0.755713 0.126704 0.981956 0.126704
0 0.750161 0.400058 0.616650 0.400058 0.616650 0.126704 0.750161 0.126704
3 0.518408 0.887642 1.000000 0.887642 0.981956 0.866398 0.531594 0.866398
2 0.534974 0.887642 0.597378 0.887642 0.597378 0.866398 0.534974 0.866398
3 1.000000 0.887642 1.000000 0.102960 0.981956 0.126704 0.981956 0.866398
1 1.000000 0.440234 1.000000 0.267367 0.981956 0.267367 0.981956 0.440234
1 1.000000 0.794854 1.000000 0.616263 0.981956 0.616263 0.981956 0.794854
3 1.000000 0.102960 0.192841 0.102960 0.212967 0.126704 0.981956 0.126704
3 0.212967 0.126704 0.212967 0.547894 0.192841 0.571637 0.192841 0.102960
1 0.212967 0.185289 0.212967 0.365417 0.192841 0.365417 0.192841 0.185289
2 0.212967 0.372202 0.212967 0.468802 0.192841 0.468802 0.192841 0.372202
3 0.192841 0.571637 0.518408 0.571637 0.531594 0.547894 0.212967 0.547894
3 0.518408 0.571637 0.518408 0.887642 0.531594 0.866398 0.531594 0.547894
3 0.531594 0.547894 0.531594 0.126704 0.526042 0.126704 0.526042 0.547894
2 0.531594 0.540583 0.531594 0.447533 0.526042 0.447533 0.526042 0.540583
3 0.531594 0.410055 0.755713 0.410055 0.750161 0.400058 0.531594 0.400058
2 0.536480 0.410055 0.581263 0.410055 0.581263 0.400058 0.536480 0.400058
2 0.626047 0.410055 0.677722 0.410055 0.677722 0.400058 0.626047 0.400058
3 0.755713 0.410055 0.755713 0.126704 0.750161 0.126704 0.750161 0.400058
3 0.611098 0.400058 0.611098 0.126704 0.616650 0.126704 0.616650 0.400058
3 0.682955 0.410055 0.682955 0.659464 0.688507 0.659464 0.688507 0.410055
2 0.682955 0.415279 0.682955 0.513140 0.688507 0.513140 0.688507 0.415279
2 0.682955 0.545769 0.682955 0.644968 0.688507 0.644968 0.688507 0.545769
3 0.688507 0.519251 0.981956 0.519251 0.981956 0.536747 0.688507 0.536747
3 0.192841 0.102960 0.075077 0.102960 0.075077 0.121706 0.192841 0.121706
3 0.192841 0.571637 0.116661 0.571637 0.116661 0.526649 0.192841 0.526649
