0 0.366193 0.130099 0.366382 0.117771 0.773803 0.117742 0.773803 0.134142 0.366382 0.134142 0.366382 0.128773 0.366193 0.130099
0 0.814214 0.392957 0.568949 0.392957 0.568949 0.640656 0.333590 0.640221 0.320479 0.640221 0.321091 0.159707 0.814214 0.159707
0 0.814214 0.658865 0.568949 0.658865 0.568949 0.392957 0.814214 0.392957
0 0.814214 0.884682 0.568570 0.884682 0.568570 0.853303 0.554002 0.853303 0.554002 0.813317 0.568949 0.813317 0.568949 0.658865 0.814214 0.658865
0 0.551089 0.651053 0.551089 0.857952 0.333590 0.857952 0.333590 0.650655
3 0.280330 0.134142 0.857918 0.134142 0.814214 0.159707 0.321091 0.159707
2 0.594210 0.134142 0.728395 0.134142 0.728395 0.159707 0.594210 0.159707
1 0.391046 0.134142 0.541955 0.134142 0.541955 0.159707 0.391046 0.159707
3 0.857918 0.134142 0.857918 0.914981 0.814214 0.884682 0.814214 0.159707
3 0.857918 0.914981 0.568570 0.914981 0.568570 0.884682 0.814214 0.884682
2 0.702056 0.914981 0.571251 0.914981 0.571251 0.884682 0.702056 0.884682
3 0.554002 0.914981 0.279689 0.914981 0.333590 0.857952 0.551089 0.857952
3 0.279689 0.914981 0.279689 0.640221 0.333590 0.640221 0.333590 0.857952
3 0.279689 0.640221 0.280330 0.134142 0.321091 0.159707 0.320479 0.640240
3 0.568570 0.914981 0.568570 0.853303 0.551089 0.853303 0.551089 0.914981
3 0.551089 0.857952 0.551089 0.813317 0.554002 0.813317 0.554002 0.914981
3 0.551089 0.813317 0.551089 0.651053 0.568949 0.640656 0.568949 0.813317
2 0.551089 0.792315 0.551089 0.712230 0.568949 0.712230 0.568949 0.792315
3 0.568949 0.640656 0.279689 0.640240 0.279660 0.650655 0.551089 0.651053
