0 0.497043 0.484108 0.440922 0.484108 0.440922 0.581614 0.460691 0.623441 0.497043 0.623441 0.497043 0.484108
0 0.436968 0.484108 0.383879 0.484108 0.383879 0.785072 0.528196 0.785072 0.528196 0.705220 0.497064 0.705220 0.497043 0.632086 0.458877 0.632086 0.436968 0.585726 0.436968 0.484108 0.436968 0.484108
0 0.379924 0.571703 0.336751 0.571703 0.336751 0.785072 0.147473 0.785072 0.147473 0.482465 0.379924 0.482465
0 0.379924 0.785072 0.336751 0.785072 0.336751 0.571703 0.379924 0.571703
0 0.528196 0.623441 0.501019 0.623441 0.501019 0.474846 0.500969 0.474846 0.500969 0.420335 0.465118 0.420335 0.465118 0.474846 0.386275 0.474846 0.386275 0.199303 0.528196 0.199303
0 0.528196 0.695958 0.501019 0.695958 0.501019 0.632086 0.528196 0.632086
3 0.147473 0.785072 0.528196 0.785072 0.536106 0.804214 0.139300 0.804214
3 0.528196 0.785072 0.528196 0.199303 0.536106 0.176456 0.536106 0.804214
3 0.528196 0.199303 0.386275 0.199303 0.376784 0.176456 0.536106 0.176456
1 0.431186 0.199303 0.394016 0.199303 0.394016 0.176456 0.431186 0.176456
1 0.480330 0.199303 0.434988 0.199303 0.434988 0.176456 0.480330 0.176456
3 0.386275 0.199303 0.386275 0.482465 0.376784 0.462706 0.376784 0.176456
2 0.386275 0.403397 0.386275 0.454259 0.376784 0.454259 0.376784 0.403397
1 0.386275 0.294240 0.386275 0.380897 0.376784 0.380897 0.376784 0.294240
1 0.386275 0.217167 0.386275 0.285824 0.376784 0.285824 0.376784 0.217167
3 0.386275 0.482465 0.147473 0.482465 0.139300 0.462706 0.376784 0.462706
1 0.227046 0.482465 0.197459 0.482465 0.197459 0.462706 0.227046 0.462706
1 0.309585 0.482465 0.271482 0.482465 0.271482 0.462706 0.309585 0.462706
3 0.147473 0.482465 0.147473 0.785072 0.139300 0.804214 0.139300 0.462706
2 0.147473 0.549103 0.147473 0.700589 0.139300 0.700589 0.139300 0.549103
3 0.379924 0.482465 0.379924 0.785072 0.383879 0.785072 0.383879 0.482465
2 0.379924 0.496828 0.379924 0.547646 0.383879 0.547646 0.383879 0.496828
3 0.501019 0.474846 0.501019 0.695958 0.497064 0.705220 0.497064 0.484108
2 0.501019 0.647103 0.501019 0.683763 0.497064 0.683763 0.497064 0.647103
3 0.501019 0.695958 0.528196 0.695958 0.528196 0.705220 0.497064 0.705220
3 0.383879 0.474846 0.501019 0.474846 0.497064 0.484108 0.383879 0.484108
2 0.392516 0.474846 0.413946 0.474846 0.413946 0.484108 0.392516 0.484108
3 0.500969 0.474846 0.500969 0.420335 0.465118 0.420335 0.465118 0.474846
3 0.460691 0.623441 0.528196 0.623441 0.528196 0.632086 0.458877 0.632086
3 0.379924 0.561206 0.332269 0.561206 0.336751 0.571703 0.379924 0.571703
2 0.370694 0.561206 0.349604 0.561206 0.349604 0.571703 0.370694 0.571703
3 0.332269 0.561206 0.332269 0.785072 0.336751 0.785072 0.336751 0.571703
3 0.436968 0.484108 0.436968 0.585726 0.440922 0.581614 0.440922 0.484108
3 0.436968 0.585726 0.458877 0.632086 0.460691 0.623441 0.440922 0.581614
2 0.440005 0.592154 0.455877 0.625738 0.458529 0.618866 0.442655 0.585281
0 0.845005 0.645078 0.852914 0.716304 0.852846 0.716304 0.829035 0.771401 0.702143 0.771401 0.691220 0.744677 0.691220 0.600212 0.695174 0.600212 0.695174 0.486800 0.827604 0.486800
0 0.749937 0.957107 0.704545 0.957107 0.704545 0.780663 0.749937 0.780663
0 0.825840 0.901040 0.753563 0.901040 0.753563 0.780663 0.825840 0.780663
0 0.898684 0.957107 0.829795 0.957107 0.829795 0.782960 0.854470 0.725566 0.898684 0.725566
0 0.972883 0.957107 0.902639 0.957107 0.902639 0.725566 0.972883 0.725566
0 0.700590 0.780490 0.700590 0.957107 0.588607 0.957107 0.588607 0.724424 0.677338 0.724424
0 0.691220 0.744677 0.679015 0.715161 0.588607 0.715161 0.588607 0.486800 0.691220 0.486800
0 0.972883 0.424342 0.941873 0.424342 0.941873 0.424355 0.912768 0.424355 0.912768 0.487726 0.941873 0.487726 0.941873 0.642991 0.945564 0.642991 0.945564 0.432987 0.972883 0.432987 0.972883 0.716304 0.852914 0.716304 0.827604 0.486800 0.827617 0.486800 0.827617 0.199056 0.972883 0.199056
0 0.819971 0.468276 0.769005 0.468418 0.769005 0.190411 0.819971 0.190411
3 0.588607 0.957107 0.749937 0.957107 0.756792 0.973162 0.580961 0.973162
1 0.709744 0.957107 0.740992 0.957107 0.740992 0.973162 0.709744 0.973162
1 0.613065 0.957107 0.658619 0.957107 0.658619 0.973162 0.613065 0.973162
3 0.749937 0.957107 0.749937 0.901040 0.756792 0.917095 0.756792 0.973162
3 0.749937 0.901040 0.829795 0.901040 0.821806 0.917095 0.756792 0.917095
2 0.778222 0.901040 0.802198 0.901040 0.802198 0.917095 0.778222 0.917095
1 0.803021 0.901040 0.810385 0.901040 0.810385 0.917095 0.803021 0.917095
1 0.769838 0.901040 0.777376 0.901040 0.777376 0.917095 0.769838 0.917095
3 0.829795 0.901040 0.829795 0.957107 0.821806 0.973162 0.821806 0.917095
3 0.821806 0.973162 0.979738 0.973162 0.972883 0.957107 0.829795 0.957107
1 0.851150 0.973162 0.889235 0.973162 0.889235 0.957107 0.851150 0.957107
1 0.916154 0.973162 0.953840 0.973162 0.953840 0.957107 0.916154 0.957107
3 0.972883 0.957107 0.972883 0.199056 0.979738 0.181149 0.979738 0.973162
2 0.972883 0.701046 0.972883 0.653593 0.979738 0.653593 0.979738 0.701046
1 0.972883 0.540940 0.972883 0.491172 0.979738 0.491172 0.979738 0.540940
1 0.972883 0.614939 0.972883 0.549900 0.979738 0.549900 0.979738 0.614939
3 0.972883 0.199056 0.827617 0.199056 0.819971 0.181149 0.979738 0.181149
1 0.874336 0.199056 0.837008 0.199056 0.837008 0.181149 0.874336 0.181149
1 0.923154 0.199056 0.877671 0.199056 0.877671 0.181149 0.923154 0.181149
3 0.827617 0.199056 0.827617 0.486800 0.819971 0.468276 0.819971 0.181149
1 0.827617 0.298976 0.827617 0.388844 0.819971 0.388844 0.819971 0.298976
1 0.827617 0.223811 0.827617 0.291146 0.819971 0.291146 0.819971 0.223811
3 0.827617 0.486800 0.588607 0.486800 0.580961 0.468276 0.819971 0.468276
2 0.809720 0.486800 0.789298 0.486800 0.789298 0.468276 0.809720 0.468276
1 0.749558 0.486800 0.705098 0.486800 0.705098 0.468276 0.749558 0.468276
3 0.588607 0.486800 0.588607 0.957107 0.580961 0.973162 0.580961 0.468276
1 0.588607 0.567498 0.588607 0.656378 0.580961 0.656378 0.580961 0.567498
3 0.749937 0.901040 0.749937 0.771401 0.753563 0.780663 0.753563 0.901040
3 0.749937 0.771401 0.829795 0.771401 0.825840 0.780663 0.753563 0.780663
1 0.768567 0.771401 0.776674 0.771401 0.776674 0.780663 0.768567 0.780663
1 0.803778 0.771401 0.812122 0.771401 0.812122 0.780663 0.803778 0.780663
2 0.778111 0.771401 0.802119 0.771401 0.802119 0.780663 0.778111 0.780663
3 0.829795 0.771401 0.829795 0.901040 0.825840 0.901040 0.825840 0.780663
3 0.829441 0.783479 0.854470 0.725566 0.852846 0.716304 0.826662 0.776891
2 0.836046 0.768197 0.850921 0.733778 0.848142 0.727190 0.833267 0.761608
3 0.854470 0.725566 0.972883 0.725566 0.972883 0.716304 0.852846 0.716304
2 0.905088 0.725566 0.926623 0.725566 0.926623 0.716304 0.905088 0.716304
3 0.902639 0.725566 0.902639 0.957107 0.898684 0.957107 0.898684 0.725566
3 0.753892 0.771401 0.700590 0.771401 0.704545 0.780663 0.749937 0.780663
2 0.731769 0.771401 0.716266 0.771401 0.716266 0.780663 0.731769 0.780663
3 0.704545 0.780663 0.704545 0.957107 0.700590 0.957107 0.700590 0.771401
3 0.679015 0.715161 0.588607 0.715161 0.588607 0.724424 0.677338 0.724424
3 0.701673 0.783362 0.677338 0.724424 0.679015 0.715161 0.704516 0.776921
2 0.696316 0.770389 0.681383 0.734223 0.684225 0.727783 0.699158 0.763948
3 0.695174 0.486800 0.695174 0.600212 0.691220 0.600212 0.691220 0.486800
3 0.972883 0.424342 0.941873 0.424342 0.945564 0.432987 0.972883 0.432987
3 0.945564 0.432987 0.945564 0.642991 0.941873 0.642991 0.941873 0.424342
3 0.941873 0.487726 0.912768 0.487726 0.912768 0.424355 0.941873 0.424355
