0 0.152441 0.581846 0.152441 0.270193 0.945114 0.270193 0.956407 0.270193 0.956152 0.594893 0.574909 0.594720 0.574909 0.582044 0.152441 0.581846 0.152441 0.581846
0 0.999756 0.880173 0.368560 0.881698 0.368560 1.000000 0.999756 1.000000 0.999756 0.880173 0.999756 0.880173
0 0.976070 0.245951 0.976070 0.112809 0.457013 0.112809 0.457013 0.245951 0.976070 0.245951 0.976070 0.245951
0 0.956407 0.735568 0.955885 0.855497 0.589092 0.856773 0.589359 0.603014 0.956407 0.603014
0 0.404150 0.744410 0.152441 0.744410 0.152441 0.590140 0.404150 0.590140
0 0.340751 0.984051 0.152441 0.984051 0.152441 0.882291 0.234525 0.882291 0.341229 0.881653
0 0.314386 0.857411 0.163390 0.858049 0.152441 0.858049 0.152441 0.752703 0.314386 0.752703
0 0.574642 0.856773 0.369016 0.857411 0.368560 0.857328 0.340773 0.857328 0.340751 0.857411 0.328835 0.857411 0.328835 0.752703 0.418600 0.752703 0.418600 0.581846 0.574642 0.581846
3 0.124421 0.245951 0.983083 0.245951 0.956407 0.270193 0.124421 0.270193
1 0.271360 0.245951 0.422534 0.245951 0.422534 0.270193 0.271360 0.270193
2 0.462126 0.245951 0.560271 0.245951 0.560271 0.270193 0.462126 0.270193
1 0.601240 0.245951 0.876369 0.245951 0.876369 0.270193 0.601240 0.270193
3 0.124421 0.858132 0.999756 0.855248 1.000000 0.879490 0.124654 0.882374
2 0.455990 0.857041 0.569807 0.856664 0.570052 0.880907 0.456235 0.881283
1 0.600774 0.856562 0.749603 0.856071 0.749836 0.880313 0.601018 0.880805
3 0.983083 0.245951 0.983083 0.735568 0.956407 0.735568 0.956407 0.270193
3 0.956407 0.735568 0.956418 0.880173 0.999767 0.880173 0.999756 0.735568
3 0.124654 0.245951 0.124654 0.882010 0.152441 0.882010 0.152441 0.245951
3 0.983083 0.603014 0.589359 0.603014 0.574909 0.594720 0.983083 0.594720
3 0.574909 0.594720 0.574898 0.880894 0.589347 0.880894 0.589359 0.603014
2 0.574909 0.749003 0.574909 0.803657 0.589359 0.803657 0.589359 0.749003
3 0.124654 0.581846 0.418600 0.581846 0.404150 0.590140 0.124654 0.590140
3 0.418600 0.581846 0.418600 0.752703 0.404150 0.744410 0.404150 0.590140
2 0.418600 0.643422 0.418600 0.698401 0.404150 0.698401 0.404150 0.643422
3 0.418600 0.752703 0.124654 0.752703 0.124654 0.744410 0.404150 0.744410
2 0.253076 0.752703 0.156565 0.752703 0.156565 0.744410 0.253076 0.744410
3 0.328835 0.881698 0.328835 0.744410 0.314386 0.744410 0.314386 0.881698
3 0.124654 0.881698 0.124654 1.000000 0.152441 0.984051 0.152441 0.881698
3 0.124654 1.000000 0.368538 1.000000 0.340751 0.984051 0.152441 0.984051
3 0.368538 1.000000 0.368560 0.857328 0.340773 0.857328 0.340751 0.984051
2 0.368538 0.968243 0.368549 0.911624 0.340762 0.911624 0.340751 0.968243
