0 0.360049 0.874379 0.246128 0.874379 0.246128 0.755359 0.360049 0.755359
0 0.227589 0.794874 0.089705 0.794874 0.089705 0.690476 0.227589 0.690476
0 0.659540 0.886688 0.715718 0.886688 0.715718 0.987609 0.541787 0.987609 0.541787 0.858201 0.659540 0.858201
0 0.962923 0.771344 0.780980 0.771344 0.780980 0.515723 0.962923 0.515723
0 0.962923 0.987609 0.723271 0.987609 0.723271 0.858201 0.780980 0.858201 0.780980 0.778917 0.962923 0.778917
0 0.361422 0.747787 0.238575 0.747787 0.238575 0.679462 0.096571 0.679462 0.096571 0.548629 0.361422 0.548629
0 0.982148 0.183916 0.085585 0.183916 0.085585 0.053180 0.982148 0.053180
0 0.361422 0.539680 0.086959 0.539680 0.086959 0.424874 0.361422 0.424874
0 0.361422 0.415924 0.086959 0.415924 0.086959 0.204568 0.361422 0.204568
0 0.962923 0.508151 0.372408 0.508151 0.372408 0.204568 0.962923 0.204568
0 0.773427 0.850629 0.530115 0.850629 0.530115 0.833294 0.492866 0.833294 0.492866 0.874379 0.372408 0.874379 0.372408 0.691165 0.773427 0.689100
0 0.773427 0.689100 0.372408 0.691165 0.372408 0.508151 0.773427 0.508151
3 0.541787 0.874379 0.246128 0.874379 0.229704 0.885393 0.529428 0.885393
2 0.441700 0.874379 0.381080 0.874379 0.381080 0.885393 0.441700 0.885393
3 0.229704 0.885393 0.229704 0.810708 0.246128 0.794874 0.246128 0.874379
3 0.246128 0.794874 0.089705 0.794874 0.073913 0.810708 0.229704 0.810708
3 0.073913 0.810708 0.073913 0.679462 0.089705 0.679462 0.089705 0.794874
3 0.073913 0.679462 0.073913 0.539680 0.096571 0.548629 0.096571 0.679462
3 0.073913 0.539680 0.073913 0.183916 0.086959 0.204568 0.086959 0.539680
2 0.257875 0.204568 0.324771 0.204568 0.324771 0.183916 0.257875 0.183916
2 0.666900 0.204568 0.726758 0.204568 0.726758 0.183916 0.666900 0.183916
1 0.113077 0.204568 0.243120 0.204568 0.243120 0.183916 0.113077 0.183916
1 0.422324 0.204568 0.586423 0.204568 0.586423 0.183916 0.422324 0.183916
1 0.744336 0.204568 0.844964 0.204568 0.844964 0.183916 0.744336 0.183916
1 0.849221 0.204568 0.947530 0.204568 0.947530 0.183916 0.849221 0.183916
3 0.541787 0.987609 0.541787 0.874379 0.529428 0.885393 0.529428 1.000000
3 0.246128 0.794874 0.246128 0.747787 0.227589 0.747787 0.227589 0.794874
3 0.227589 0.747787 0.361422 0.747787 0.372408 0.755359 0.246128 0.755359
3 0.360049 0.755359 0.360049 0.874379 0.372408 0.874379 0.372408 0.755359
2 0.360049 0.767675 0.360049 0.822555 0.372408 0.822555 0.372408 0.767675
3 0.227589 0.747787 0.227589 0.690476 0.238575 0.679462 0.238575 0.747787
3 0.238575 0.679462 0.086959 0.679462 0.086959 0.690476 0.227589 0.690476
2 0.225193 0.679462 0.171494 0.679462 0.171494 0.690476 0.225193 0.690476
1 0.167360 0.679462 0.097656 0.679462 0.097656 0.690476 0.167360 0.690476
3 0.372408 0.755359 0.372408 0.204568 0.361422 0.204568 0.361422 0.747787
2 0.372408 0.675634 0.372408 0.620410 0.361422 0.620410 0.361422 0.675634
2 0.372408 0.291184 0.372408 0.216664 0.361422 0.216664 0.361422 0.291184
3 0.073913 0.424874 0.361422 0.424874 0.361422 0.415924 0.073913 0.415924
2 0.301571 0.424874 0.361031 0.424874 0.361031 0.415924 0.301571 0.415924
3 0.073913 0.539680 0.361422 0.539680 0.361422 0.548629 0.096571 0.548629
2 0.301303 0.539680 0.361031 0.539680 0.361031 0.548629 0.301303 0.548629
3 0.541787 0.874379 0.541787 0.858201 0.530115 0.850629 0.530115 0.874379
3 0.530115 0.850629 0.773427 0.850629 0.780980 0.858201 0.541787 0.858201
2 0.601480 0.850629 0.654782 0.850629 0.654782 0.858201 0.601480 0.858201
3 0.780980 0.858201 0.780980 0.515723 0.773427 0.508151 0.773427 0.850629
2 0.780980 0.847992 0.780980 0.794165 0.773427 0.794165 0.773427 0.847992
2 0.780980 0.650225 0.780980 0.597954 0.773427 0.597954 0.773427 0.650225
3 0.780980 0.515723 0.962923 0.515723 0.962923 0.508151 0.773427 0.508151
3 0.962923 0.778917 0.780980 0.778917 0.780980 0.771344 0.962923 0.771344
3 0.723271 0.987609 0.723271 0.886688 0.715718 0.886688 0.715718 0.987609
3 0.723271 0.886688 0.723271 0.858201 0.659540 0.858201 0.659540 0.886688
3 0.462450 0.736600 0.462450 0.690194 0.454897 0.682622 0.454897 0.736600
3 0.462450 0.690194 0.705803 0.690194 0.713356 0.682622 0.454897 0.682622
3 0.705803 0.690194 0.705803 0.736600 0.713356 0.736600 0.713356 0.682622
3 0.713356 0.552760 0.713356 0.506003 0.705803 0.512887 0.705803 0.552760
3 0.073913 0.183916 0.073913 0.040788 0.085585 0.053180 0.085585 0.183916
1 0.073913 0.176832 0.073913 0.055217 0.085585 0.055217 0.085585 0.176832
1 0.086615 0.053180 0.980054 0.053180 0.980054 0.040788 0.086615 0.040788
3 0.460932 0.690194 0.460932 0.705415 0.473154 0.705415 0.473154 0.690194
3 0.530115 0.874379 0.530115 0.833294 0.492866 0.833294 0.492866 0.874379
3 0.713356 0.506003 0.582551 0.506003 0.582551 0.512887 0.705803 0.512887
