0 0.355923 0.716999 0.297132 0.716999 0.297132 0.553959 0.355923 0.553959
0 0.529695 0.716999 0.505566 0.716999 0.505566 0.677380 0.499384 0.677380 0.499384 0.716999 0.471185 0.716999 0.471185 0.640534 0.529695 0.640534
0 0.501286 0.440897 0.432114 0.440897 0.432114 0.350784 0.501286 0.350784
0 0.492731 0.246471 0.432590 0.246471 0.432590 0.146714 0.492731 0.146714
0 0.495884 0.728698 0.497040 0.886755 0.451336 0.945250 0.346065 0.945250 0.300233 0.892410 0.300233 0.728665 0.499213 0.728665
0 0.651666 0.341895 0.432590 0.341895 0.432590 0.253693 0.498913 0.253693 0.498913 0.146714 0.651666 0.146714
0 0.499384 0.637201 0.465003 0.637201 0.465003 0.716999 0.362105 0.716999 0.362105 0.546737 0.297132 0.546737 0.297132 0.449785 0.499384 0.449785
0 0.289604 0.546737 0.289523 0.546737 0.289523 0.553959 0.289604 0.553959 0.289604 0.714377 0.080699 0.714016 0.080699 0.449785 0.289523 0.449785
0 0.895424 0.291689 0.895443 0.341895 0.905382 0.341890 0.905382 0.291695 0.990014 0.291695 0.990014 0.511435 0.895776 0.511435 0.905762 0.511407 0.905410 0.341895 0.658324 0.341895 0.658324 0.146714 0.895424 0.146714
0 0.895776 0.511435 0.895776 0.716999 0.534926 0.716999 0.534926 0.633312 0.505566 0.633312 0.505566 0.456629 0.652836 0.456629 0.651885 0.350784 0.895443 0.350784
0 0.651666 0.350784 0.645484 0.350850 0.646226 0.449408 0.505566 0.449408 0.505566 0.440897 0.506042 0.440897 0.506042 0.433676 0.505566 0.433676 0.505566 0.350784
0 0.905762 0.511407 0.905372 0.291917 0.989590 0.291917 0.990009 0.511329 0.905762 0.511407 0.905762 0.511407
0 0.077370 0.440897 0.077370 0.146714 0.425932 0.146714 0.425932 0.441386 0.077370 0.440897 0.077370 0.440897
3 0.070713 0.728237 0.070713 0.440897 0.080699 0.440897 0.080699 0.714016
1 0.070713 0.612864 0.070713 0.546515 0.080699 0.546515 0.080699 0.612864
3 0.070713 0.440897 0.070713 0.138937 0.077370 0.146714 0.077370 0.440897
1 0.070713 0.319275 0.070713 0.220829 0.077370 0.220829 0.077370 0.319275
3 0.077370 0.146714 0.895424 0.146714 0.902081 0.138937 0.070713 0.138937
1 0.133708 0.146714 0.190839 0.146714 0.190839 0.138937 0.133708 0.138937
1 0.333877 0.146714 0.391008 0.146714 0.391008 0.138937 0.333877 0.138937
1 0.547404 0.146714 0.620842 0.146714 0.620842 0.138937 0.547404 0.138937
1 0.749214 0.146714 0.806954 0.146714 0.806954 0.138937 0.749214 0.138937
3 0.902081 0.138937 0.902081 0.280029 0.895424 0.291695 0.895424 0.146714
3 0.902081 0.280029 1.000000 0.280029 0.990014 0.291695 0.895424 0.291695
3 1.000000 0.280029 1.000000 0.523101 0.990014 0.511435 0.990014 0.291695
1 1.000000 0.372043 1.000000 0.433826 0.990014 0.433826 0.990014 0.372043
3 1.000000 0.523101 0.905762 0.523101 0.895776 0.511435 0.990014 0.511435
2 0.982072 0.523101 0.939830 0.523101 0.939830 0.511435 0.982072 0.511435
3 0.905762 0.523101 0.905762 0.728665 0.895776 0.716999 0.895776 0.511435
3 0.905762 0.728665 0.297113 0.728665 0.297122 0.716999 0.895776 0.716999
2 0.348462 0.728665 0.306243 0.728665 0.306243 0.716999 0.348462 0.716999
2 0.434497 0.728665 0.391746 0.728665 0.391746 0.716999 0.434497 0.716999
1 0.215900 0.728509 0.157737 0.728398 0.157756 0.714166 0.215919 0.714271
1 0.624299 0.728665 0.568428 0.728665 0.568428 0.716999 0.624299 0.716999
1 0.731443 0.728665 0.679776 0.728665 0.679776 0.716999 0.731443 0.716999
1 0.782735 0.728665 0.731443 0.728665 0.731443 0.716999 0.782735 0.716999
1 0.837042 0.728665 0.782735 0.728665 0.782735 0.716999 0.837042 0.716999
3 0.297113 0.728665 0.070713 0.728237 0.080699 0.714016 0.297132 0.714427
3 0.895776 0.511435 0.895443 0.350784 0.905410 0.341895 0.905762 0.511407
2 0.651666 0.236239 0.651666 0.284784 0.658324 0.284784 0.658324 0.236239
2 0.895666 0.459801 0.895566 0.410745 0.905553 0.410717 0.905653 0.459773
3 0.905410 0.341895 0.425932 0.341895 0.432114 0.350784 0.895443 0.350784
2 0.798242 0.341895 0.757503 0.341895 0.757503 0.350784 0.798242 0.350784
2 0.551085 0.341895 0.516475 0.341895 0.516475 0.350784 0.551085 0.350784
3 0.425932 0.350784 0.425932 0.138937 0.432590 0.138937 0.432590 0.350784
2 0.425932 0.305732 0.425932 0.259420 0.432590 0.259420 0.432590 0.305732
3 0.651666 0.138937 0.651666 0.350784 0.658324 0.350784 0.658324 0.138937
3 0.895424 0.291695 0.895443 0.341895 0.905382 0.341890 0.905363 0.291689
3 0.070713 0.440897 0.501286 0.440897 0.505566 0.449785 0.070713 0.449785
2 0.145249 0.440897 0.184852 0.440897 0.184852 0.449785 0.145249 0.449785
2 0.368934 0.440897 0.407353 0.440897 0.407353 0.449785 0.368934 0.449785
2 0.447084 0.440897 0.475650 0.440897 0.475650 0.449785 0.447084 0.449785
3 0.505566 0.440897 0.505566 0.640534 0.499384 0.637201 0.499384 0.440897
2 0.505566 0.497564 0.505566 0.539877 0.499384 0.539877 0.499384 0.497564
3 0.499384 0.640534 0.529695 0.640534 0.534926 0.633312 0.499384 0.633312
3 0.534926 0.633312 0.534926 0.728665 0.529695 0.728665 0.529695 0.640534
2 0.534926 0.645467 0.534926 0.674759 0.529695 0.674759 0.529695 0.645467
3 0.297132 0.719777 0.297132 0.440897 0.289523 0.440897 0.289523 0.728665
2 0.297132 0.540477 0.297132 0.494459 0.289523 0.494459 0.289523 0.540477
3 0.289523 0.553959 0.355923 0.553959 0.362105 0.546737 0.289523 0.546737
2 0.306747 0.553959 0.340378 0.553959 0.340378 0.546737 0.306747 0.546737
3 0.362105 0.546737 0.362105 0.728665 0.355923 0.728665 0.355923 0.553959
3 0.505566 0.640534 0.471185 0.640534 0.465003 0.637201 0.499384 0.637201
3 0.465003 0.637201 0.465003 0.728665 0.471185 0.728665 0.471185 0.640534
3 0.499384 0.677380 0.499384 0.728665 0.505566 0.728665 0.505566 0.677380
3 0.505566 0.456629 0.652465 0.456629 0.646226 0.449408 0.505566 0.449408
3 0.652465 0.456629 0.651666 0.350784 0.645484 0.350850 0.646226 0.449408
3 0.505566 0.449785 0.505566 0.341895 0.501286 0.341895 0.501286 0.440897
2 0.505566 0.403512 0.505566 0.374237 0.501286 0.374237 0.501286 0.403512
3 0.425932 0.341895 0.425932 0.449785 0.432114 0.449785 0.432114 0.350784
3 0.492731 0.138937 0.492731 0.246471 0.498913 0.253693 0.498913 0.138937
3 0.498913 0.253693 0.425932 0.253693 0.425932 0.246471 0.492731 0.246471
2 0.478926 0.253693 0.447156 0.253693 0.447156 0.246471 0.478926 0.246471
3 0.300233 0.719777 0.300233 0.892410 0.295953 0.894527 0.295953 0.728665
1 0.300233 0.777899 0.300233 0.878761 0.295953 0.878761 0.295953 0.777899
3 0.300233 0.892410 0.346065 0.945250 0.344287 0.950249 0.295953 0.894527
1 0.301250 0.893588 0.343345 0.942117 0.340330 0.945683 0.298235 0.897154
3 0.346065 0.945250 0.451336 0.945250 0.453223 0.950249 0.344287 0.950249
2 0.380936 0.945250 0.423526 0.945250 0.423526 0.950249 0.380936 0.950249
3 0.451336 0.945250 0.497040 0.886755 0.501334 0.888677 0.453223 0.950249
1 0.456671 0.938417 0.493649 0.891094 0.496807 0.894466 0.459833 0.941789
3 0.497040 0.886755 0.495884 0.728698 0.500164 0.728653 0.501334 0.888677
1 0.496992 0.880584 0.496236 0.776732 0.500516 0.776688 0.501272 0.880539
3 0.263706 0.449785 0.263706 0.391541 0.258000 0.391541 0.258000 0.449785
3 0.256274 0.138937 0.256274 0.187543 0.261980 0.187543 0.261980 0.138937
3 0.674759 0.728665 0.674759 0.683435 0.677821 0.683435 0.677821 0.728665
