0 0.398491 0.899314 0.685238 0.899314 0.685238 0.999142 0.398491 1.000000 0.398491 0.899314 0.398491 0.899314
0 0.653410 0.054345 0.653410 0.016302 0.501692 0.016302 0.501692 0.055169 0.653410 0.054345 0.653410 0.054345
0 0.675017 0.870099 0.472276 0.870099 0.472276 0.622856 0.540766 0.622856 0.540766 0.392521 0.675017 0.392521
0 0.675017 0.392521 0.055632 0.392521 0.055816 0.071302 0.675017 0.071302
0 0.055990 0.569234 0.333170 0.569234 0.333170 0.622856 0.462055 0.622856 0.462055 0.870099 0.054610 0.870099 0.055632 0.400928 0.055990 0.400928
0 0.979558 0.487683 0.685238 0.487683 0.685238 0.071302 0.979558 0.071302
0 0.979558 0.870099 0.685238 0.870099 0.685238 0.496091 0.979558 0.496091
0 0.530545 0.614449 0.343391 0.614449 0.343391 0.560827 0.226280 0.560827 0.226280 0.400928 0.530545 0.400928
0 0.216059 0.560827 0.066211 0.560827 0.066211 0.400928 0.216059 0.400928
3 0.055816 0.071302 0.979558 0.071302 1.000000 0.054488 0.035405 0.054488
2 0.536483 0.071302 0.633663 0.071302 0.633663 0.054488 0.536483 0.054488
1 0.222743 0.071302 0.476610 0.071302 0.476610 0.054488 0.222743 0.054488
1 0.751101 0.071302 0.926175 0.071302 0.926175 0.054488 0.751101 0.054488
3 0.979558 0.071302 0.979558 0.870099 1.000000 0.899314 1.000000 0.054488
3 0.979558 0.870099 0.054610 0.870099 0.034117 0.899314 1.000000 0.899314
2 0.653860 0.870099 0.553736 0.870099 0.553736 0.899314 0.653860 0.899314
1 0.344229 0.870099 0.216989 0.870099 0.216989 0.899314 0.344229 0.899314
1 0.863439 0.870099 0.730353 0.870099 0.730353 0.899314 0.863439 0.899314
3 0.054610 0.870099 0.055816 0.071302 0.035405 0.054488 0.034117 0.899314
3 0.685238 0.870099 0.685238 0.487683 0.675017 0.487683 0.675017 0.870099
2 0.685238 0.630347 0.685238 0.558700 0.675017 0.558700 0.675017 0.630347
3 0.675017 0.496091 0.979558 0.496091 0.979558 0.487683 0.685238 0.487683
3 0.675017 0.496091 0.675017 0.071302 0.685238 0.071302 0.685238 0.487683
2 0.675017 0.425789 0.675017 0.354125 0.685238 0.354125 0.685238 0.425789
3 0.055315 0.400928 0.530545 0.400928 0.540766 0.392521 0.055315 0.392521
3 0.530545 0.400928 0.530545 0.614449 0.540766 0.622856 0.540766 0.392521
2 0.530545 0.475636 0.530545 0.546972 0.540766 0.546972 0.540766 0.475636
3 0.530545 0.614449 0.462055 0.614449 0.462055 0.622856 0.540766 0.622856
3 0.462055 0.622856 0.462055 0.870099 0.472276 0.870099 0.472276 0.622856
2 0.462055 0.623436 0.462055 0.720457 0.472276 0.720457 0.472276 0.623436
3 0.462055 0.614449 0.343391 0.614449 0.333170 0.622856 0.462055 0.622856
3 0.343391 0.614449 0.343391 0.560827 0.333170 0.569234 0.333170 0.622856
3 0.343391 0.560827 0.066211 0.560827 0.052280 0.569234 0.333170 0.569234
3 0.066211 0.560827 0.066211 0.392521 0.052280 0.392521 0.052280 0.569234
3 0.226280 0.560827 0.226280 0.400928 0.216059 0.400928 0.216059 0.560827
2 0.226280 0.552848 0.226280 0.480949 0.216059 0.480949 0.216059 0.552848
