0 0.984096 0.190455 0.984096 0.040010 0.677175 0.040010 0.677175 0.190240 0.984096 0.190455
0 0.192080 0.505234 0.097693 0.505234 0.097693 0.577657 0.089097 0.577657 0.089097 0.655250 0.192080 0.656530 0.192080 0.505234
0 0.688488 0.929924 0.688488 1.000000 0.807111 1.000000 0.807111 0.929924 0.688488 0.929924
0 0.311077 0.758368 0.212824 0.758368 0.212824 0.665280 0.311077 0.665280
0 0.984096 0.612743 0.881598 0.612743 0.881598 0.505838 0.984096 0.505838
0 0.807111 0.906061 0.688488 0.906061 0.688488 0.807429 0.807111 0.807429
0 0.311077 0.900302 0.212824 0.900302 0.212824 0.767913 0.311077 0.767913
0 0.200378 0.906061 0.110139 0.906061 0.110139 0.679112 0.200378 0.679112
0 0.436878 0.895816 0.319375 0.895816 0.319375 0.665280 0.436878 0.665280
0 0.436878 0.656530 0.212824 0.656530 0.212824 0.505043 0.436878 0.505043
0 0.984096 0.496293 0.813736 0.496293 0.813736 0.214318 0.984096 0.214318
0 0.984096 0.906061 0.815409 0.906061 0.815409 0.622288 0.984096 0.622288
0 0.436878 0.496293 0.212824 0.496293 0.212824 0.214318 0.436878 0.214318
0 0.598049 0.505218 0.598049 0.613538 0.445176 0.613538 0.445176 0.214318 0.805438 0.214318 0.805438 0.505838
0 0.873300 0.505886 0.873300 0.612743 0.807111 0.612743 0.807111 0.797884 0.688488 0.797884 0.688488 0.720267 0.680010 0.720267 0.680190 0.674515 0.598049 0.674515 0.598049 0.505218
0 0.590442 0.674515 0.680190 0.674515 0.680010 0.720267 0.680190 0.906061 0.445176 0.906061 0.445176 0.622288 0.590442 0.622288
3 0.110139 0.906061 0.110139 0.679112 0.089395 0.655250 0.089395 0.929924
2 0.110139 0.822940 0.110139 0.759998 0.089395 0.759998 0.089395 0.822940
3 0.110139 0.679112 0.212824 0.679112 0.192080 0.655250 0.089395 0.655250
3 0.212824 0.679112 0.212824 0.214318 0.192080 0.190455 0.192080 0.655250
2 0.212824 0.637401 0.212824 0.579351 0.192080 0.579351 0.192080 0.637401
1 0.212824 0.571604 0.212824 0.530974 0.192080 0.530974 0.192080 0.571604
3 0.984096 0.214318 0.984096 0.906061 1.000000 0.929924 1.000000 0.190455
3 0.815409 0.929924 0.815409 0.622288 0.807111 0.612743 0.807111 0.929924
3 0.807111 0.612743 1.000000 0.612743 1.000000 0.622288 0.815409 0.622288
2 0.821453 0.612743 0.869877 0.612743 0.869877 0.622288 0.821453 0.622288
3 0.805438 0.190455 0.805438 0.505838 0.813736 0.496293 0.813736 0.190455
3 0.805438 0.505838 1.000000 0.505838 1.000000 0.496293 0.813736 0.496293
2 0.819516 0.505838 0.868909 0.505838 0.868909 0.496293 0.819516 0.496293
3 0.873300 0.496293 0.873300 0.622288 0.881598 0.622288 0.881598 0.496293
2 0.873300 0.514357 0.873300 0.572288 0.881598 0.572288 0.881598 0.514357
3 0.688488 0.929924 0.688488 0.720267 0.680190 0.720267 0.680190 0.929924
3 0.680190 0.807429 0.815409 0.807429 0.815409 0.797884 0.680190 0.797884
2 0.693127 0.807429 0.748335 0.807429 0.748335 0.797884 0.693127 0.797884
3 0.984096 0.906061 0.436878 0.906061 0.436878 0.929924 1.000000 0.929924
2 0.748335 0.906061 0.695070 0.906061 0.695070 0.929924 0.748335 0.929924
1 0.675211 0.906061 0.486367 0.906061 0.486367 0.929924 0.675211 0.929924
1 0.917326 0.906061 0.818064 0.906061 0.818064 0.929924 0.917326 0.929924
3 0.212824 0.214318 0.436878 0.214318 0.436878 0.190455 0.192080 0.190455
1 0.281537 0.214318 0.382742 0.214318 0.382742 0.190455 0.281537 0.190455
3 0.436878 0.214318 0.984096 0.214318 1.000000 0.190455 0.436878 0.190455
2 0.687803 0.214318 0.739132 0.214318 0.739132 0.190455 0.687803 0.190455
1 0.814185 0.214318 0.913938 0.214318 0.913938 0.190455 0.814185 0.190455
1 0.484424 0.214318 0.674727 0.214318 0.674727 0.190455 0.484424 0.190455
3 0.436878 0.190455 0.436878 0.929924 0.445176 0.929924 0.445176 0.190455
2 0.436878 0.551464 0.436878 0.606387 0.445176 0.606387 0.445176 0.551464
3 0.212824 0.679112 0.212824 0.906061 0.200378 0.929924 0.200378 0.679112
3 0.436878 0.895816 0.311077 0.895816 0.311077 0.929924 0.436878 0.929924
1 0.364335 0.895816 0.321242 0.895816 0.321242 0.929924 0.364335 0.929924
3 0.212824 0.665280 0.311077 0.665280 0.319375 0.656530 0.212824 0.656530
2 0.246831 0.665280 0.280569 0.665280 0.280569 0.656530 0.246831 0.656530
3 0.311077 0.665280 0.445176 0.665280 0.445176 0.656530 0.311077 0.656530
2 0.324817 0.665280 0.373877 0.665280 0.373877 0.656530 0.324817 0.656530
3 0.311077 0.665280 0.311077 0.906061 0.319375 0.906061 0.319375 0.656530
2 0.311077 0.772184 0.311077 0.810993 0.319375 0.810993 0.319375 0.772184
3 0.311077 0.900302 0.212824 0.900302 0.212824 0.929924 0.311077 0.929924
1 0.275721 0.900302 0.235532 0.900302 0.235532 0.929924 0.275721 0.929924
3 0.212824 0.906061 0.110139 0.906061 0.089395 0.929924 0.212824 0.929924
3 0.200378 0.767913 0.319375 0.767913 0.319375 0.758368 0.200378 0.758368
3 0.192080 0.496293 0.445176 0.496293 0.445176 0.505043 0.192080 0.505043
2 0.380294 0.496293 0.428968 0.496293 0.428968 0.505043 0.380294 0.505043
3 0.436878 0.622288 0.590442 0.622288 0.598049 0.613538 0.436878 0.613538
3 0.590442 0.622288 0.590442 0.674515 0.598049 0.674515 0.598049 0.613538
