0 0.312399 0.114053 0.312399 0.340772 0.220657 0.340772 0.220657 0.110000
0 0.446930 0.119775 0.446956 0.340772 0.312399 0.340772 0.312399 0.114053
0 0.220657 0.351607 0.030057 0.351607 0.030057 0.119775 0.220657 0.119775
0 0.220657 0.419989 0.154948 0.419989 0.154948 0.360285 0.220657 0.360285
0 0.446961 0.458426 0.306664 0.458426 0.306664 0.468344 0.340188 0.468344 0.340188 0.601105 0.235699 0.601105 0.235699 0.419989 0.220657 0.419989 0.220657 0.340772 0.446961 0.340772
0 0.446961 0.702160 0.324531 0.702160 0.324531 0.611022 0.446961 0.611022
0 0.446961 0.611022 0.348530 0.611022 0.348530 0.468344 0.446961 0.468344
0 0.304719 0.624659 0.304719 0.773635 0.158853 0.773635 0.158853 0.690017 0.158853 0.624901 0.304719 0.624659 0.304719 0.624659
0 0.453218 0.725714 0.453218 1.000000 0.304719 1.000000 0.304719 0.725714 0.453218 0.725714 0.453218 0.725714
0 0.147649 0.601105 0.030057 0.601105 0.030057 0.360285 0.147649 0.360285
0 0.228921 0.601105 0.154948 0.601105 0.154948 0.428667 0.228921 0.428667
3 0.304719 0.725714 0.465731 0.725714 0.446961 0.702160 0.324531 0.702160
2 0.369511 0.725714 0.413729 0.725714 0.413729 0.702160 0.369511 0.702160
3 0.465731 0.725714 0.465731 0.096220 0.446961 0.119775 0.446961 0.702160
3 0.465731 0.096220 0.010245 0.096220 0.030057 0.119775 0.446961 0.119775
1 0.415527 0.096220 0.340392 0.096220 0.340392 0.119775 0.415527 0.119775
2 0.297634 0.096220 0.252180 0.096220 0.252180 0.119775 0.297634 0.119775
1 0.238895 0.096220 0.132628 0.096220 0.132628 0.119775 0.238895 0.119775
1 0.132628 0.096220 0.031549 0.096220 0.031549 0.119775 0.132628 0.119775
3 0.010245 0.096220 0.010245 0.624659 0.030057 0.601105 0.030057 0.119775
1 0.010245 0.120990 0.010245 0.179225 0.030057 0.179225 0.030057 0.120990
3 0.010245 0.624659 0.304719 0.624659 0.324531 0.601105 0.030057 0.601105
1 0.037743 0.624659 0.058697 0.624659 0.058697 0.601105 0.037743 0.601105
1 0.058697 0.624659 0.119896 0.624659 0.119896 0.601105 0.058697 0.601105
1 0.171455 0.624659 0.224057 0.624659 0.224057 0.601105 0.171455 0.601105
1 0.235798 0.624659 0.254031 0.624659 0.254031 0.601105 0.235798 0.601105
2 0.257800 0.624659 0.302863 0.624659 0.302863 0.601105 0.257800 0.601105
3 0.304719 0.624659 0.304719 0.725714 0.324531 0.702160 0.324531 0.601105
3 0.306664 0.290086 0.306664 0.340772 0.312399 0.330854 0.312399 0.290086
3 0.306664 0.340772 0.465731 0.340772 0.465731 0.330854 0.312399 0.330854
3 0.306664 0.468344 0.465731 0.468344 0.465731 0.458426 0.306664 0.458426
3 0.324531 0.601105 0.340188 0.601105 0.348530 0.611022 0.324531 0.611022
3 0.340188 0.601105 0.340188 0.458426 0.348530 0.458426 0.348530 0.611022
3 0.010245 0.360285 0.220657 0.360285 0.220657 0.351607 0.010245 0.351607
3 0.147649 0.351607 0.147649 0.624659 0.154948 0.624659 0.154948 0.351607
2 0.147649 0.366427 0.147649 0.417782 0.154948 0.417782 0.154948 0.366427
3 0.147649 0.428667 0.228921 0.428667 0.235699 0.419989 0.147649 0.419989
3 0.228921 0.428667 0.228921 0.624659 0.235699 0.624659 0.235699 0.419989
2 0.228921 0.449916 0.228921 0.499269 0.235699 0.499269 0.235699 0.449916
0 0.625001 0.627021 0.625001 0.769191 0.799454 0.769191 0.799454 0.627021 0.625001 0.627021 0.625001 0.627021
0 0.797650 0.341385 0.939715 0.341385 0.939715 0.458315 0.690053 0.458315 0.690053 0.296099 0.797650 0.296099
0 0.740757 0.287551 0.518932 0.287551 0.518932 0.119477 0.740757 0.119477
0 0.939715 0.332087 0.805471 0.332087 0.805471 0.287551 0.748578 0.287551 0.748578 0.119477 0.939715 0.119477
0 0.682233 0.603466 0.518932 0.603466 0.518932 0.395976 0.682233 0.395976
0 0.814136 0.493491 0.846373 0.493491 0.846373 0.603466 0.690053 0.603466 0.690053 0.467613 0.814136 0.467613
0 0.682233 0.386678 0.518932 0.386678 0.518932 0.296099 0.682233 0.296099
0 0.936363 0.596294 0.855867 0.596294 0.855867 0.467613 0.936363 0.467613
3 0.959527 0.095923 0.499120 0.095923 0.518932 0.119477 0.939715 0.119477
1 0.852718 0.095923 0.831873 0.095923 0.831873 0.119477 0.852718 0.119477
1 0.831873 0.095923 0.753396 0.095923 0.753396 0.119477 0.831873 0.119477
1 0.733182 0.095923 0.709960 0.095923 0.709960 0.119477 0.733182 0.119477
1 0.709960 0.095923 0.624688 0.095923 0.624688 0.119477 0.709960 0.119477
3 0.499120 0.095923 0.499120 0.627021 0.518932 0.603466 0.518932 0.119477
3 0.499120 0.296099 0.797650 0.296099 0.805471 0.287551 0.499120 0.287551
2 0.752353 0.296099 0.794485 0.296099 0.794485 0.287551 0.752353 0.287551
2 0.695617 0.296099 0.737003 0.296099 0.737003 0.287551 0.695617 0.287551
3 0.797650 0.296099 0.797650 0.341385 0.805471 0.332087 0.805471 0.287551
3 0.797650 0.341385 0.959527 0.341385 0.959527 0.332087 0.805471 0.332087
3 0.682233 0.287551 0.682233 0.627021 0.690053 0.627021 0.690053 0.287551
2 0.682233 0.400420 0.682233 0.453771 0.690053 0.453771 0.690053 0.400420
3 0.499120 0.627021 0.846373 0.627021 0.846373 0.603466 0.518932 0.603466
1 0.527326 0.627021 0.550038 0.627021 0.550038 0.603466 0.527326 0.603466
1 0.550038 0.627021 0.611023 0.627021 0.611023 0.603466 0.550038 0.603466
2 0.729876 0.627021 0.765038 0.627021 0.765038 0.603466 0.729876 0.603466
1 0.771571 0.627021 0.799882 0.627021 0.799882 0.603466 0.771571 0.603466
3 0.846373 0.627021 0.959527 0.627021 0.936363 0.596294 0.846373 0.596294
1 0.879225 0.627021 0.902249 0.627021 0.902249 0.596294 0.879225 0.596294
3 0.682233 0.467613 0.846373 0.467613 0.855867 0.458315 0.682233 0.458315
2 0.725643 0.467613 0.768860 0.467613 0.768860 0.458315 0.725643 0.458315
3 0.846373 0.467613 0.939715 0.467613 0.939715 0.458315 0.814136 0.458315
3 0.846373 0.467613 0.846373 0.627021 0.855867 0.627021 0.855867 0.458315
2 0.846373 0.495667 0.846373 0.538741 0.855867 0.538741 0.855867 0.495667
3 0.959527 0.627021 0.959527 0.467613 0.936363 0.467613 0.936363 0.596294
3 0.959527 0.467613 0.959527 0.095923 0.939715 0.119477 0.939715 0.467613
3 0.846373 0.467613 0.846373 0.493491 0.814136 0.493491 0.814136 0.458315
3 0.499120 0.395976 0.690053 0.395976 0.690053 0.386678 0.499120 0.386678
2 0.563750 0.395976 0.634266 0.395976 0.634266 0.386678 0.563750 0.386678
3 0.748578 0.296099 0.748578 0.095923 0.740757 0.095923 0.740757 0.296099
