0 0.414024 0.089914 0.414024 0.053848 0.593201 0.053848 0.593201 0.089914 0.414024 0.089914 0.414024 0.089914
0 0.628766 0.625550 0.123348 0.625550 0.123348 0.463965 0.628766 0.463965
0 0.962291 0.559663 0.628766 0.559663 0.628766 0.463965 0.123348 0.463965 0.123348 0.129731 0.962291 0.129731
0 0.962291 0.889078 0.565336 0.889078 0.565336 0.636028 0.653912 0.636028 0.653912 0.566998 0.962291 0.566998
0 0.543504 0.889078 0.148335 0.889078 0.148335 0.635808 0.543504 0.635808
3 0.066963 0.089914 1.000000 0.089914 0.962291 0.129731 0.123348 0.129731
2 0.420196 0.089914 0.589092 0.089914 0.589092 0.129731 0.420196 0.129731
1 0.245564 0.089914 0.396797 0.089914 0.396797 0.129731 0.245564 0.129731
1 0.609872 0.089914 0.910769 0.089914 0.910769 0.129731 0.609872 0.129731
3 1.000000 0.089914 1.000000 0.908986 0.962291 0.889078 0.962291 0.129731
3 1.000000 0.908986 0.066963 0.908986 0.148335 0.889078 0.962291 0.889078
2 0.824336 0.908986 0.651947 0.908986 0.651947 0.889078 0.824336 0.889078
3 0.066963 0.908986 0.066963 0.625550 0.148335 0.625550 0.148335 0.889078
3 0.066963 0.625550 0.066963 0.089914 0.123348 0.129731 0.123348 0.625550
3 0.565336 0.908986 0.565336 0.625550 0.543504 0.625550 0.543504 0.908986
2 0.565336 0.762102 0.565336 0.677616 0.543504 0.677616 0.543504 0.762102
3 0.130215 0.625550 0.565336 0.625550 0.565336 0.635808 0.130215 0.635808
3 0.565336 0.625550 0.628766 0.625550 0.653912 0.636028 0.565336 0.636028
3 0.653912 0.636028 0.653912 0.566998 0.628766 0.559663 0.628766 0.625550
3 0.628766 0.559663 1.000000 0.559663 1.000000 0.566998 0.653912 0.566998
2 0.659330 0.559663 0.830012 0.559663 0.830012 0.566998 0.659330 0.566998
