0 0.365903 0.641810 0.365903 0.760955 0.240222 0.760955 0.240222 0.590839 0.324500 0.590839
0 0.951053 0.951618 0.815421 0.951618 0.815421 0.778425 0.951053 0.778425
0 0.799417 0.960235 0.499820 0.960235 0.499820 0.771713 0.799417 0.771713
0 0.325991 0.582232 0.037007 0.582232 0.037007 0.252855 0.325991 0.252855
0 0.960039 0.760955 0.682888 0.760955 0.682888 0.252855 0.960039 0.252855
0 0.490073 0.960235 0.372365 0.960235 0.240222 0.874215 0.240222 0.769561 0.373700 0.769561 0.373700 0.760955 0.490073 0.760955
0 0.673142 0.760955 0.373700 0.760955 0.373700 0.634301 0.333788 0.585234 0.333788 0.252855 0.673142 0.252855
0 0.034074 0.213051 0.034074 0.031768 0.446155 0.031768 0.446155 0.213051 0.034074 0.213051
3 0.037007 0.252855 0.960039 0.252855 1.000000 0.213051 0.019464 0.213051
2 0.344529 0.252855 0.424177 0.252855 0.424177 0.213051 0.344529 0.213051
1 0.129901 0.252855 0.273915 0.252855 0.273915 0.213051 0.129901 0.213051
1 0.478026 0.252855 0.625832 0.252855 0.625832 0.213051 0.478026 0.213051
1 0.828861 0.252855 0.959308 0.252855 0.959308 0.213051 0.828861 0.213051
3 0.372365 0.960235 0.240222 0.874215 0.219754 0.887124 0.366770 0.982827
2 0.320825 0.926681 0.243272 0.876205 0.232883 0.895666 0.310426 0.946142
3 0.240222 0.874215 0.240222 0.582232 0.219754 0.604824 0.219754 0.887124
3 0.240222 0.582232 0.037007 0.582232 0.019464 0.604824 0.219754 0.604824
3 0.037007 0.582232 0.037007 0.252855 0.019464 0.213051 0.019464 0.604824
3 0.034074 0.213051 0.034074 0.023162 0.025097 0.023162 0.025097 0.213051
3 0.240222 0.582232 0.331391 0.582232 0.324500 0.590839 0.240222 0.590839
3 0.324500 0.590839 0.365903 0.641810 0.373700 0.634301 0.331391 0.582232
3 0.373700 0.634301 0.373700 0.769561 0.365903 0.760955 0.365903 0.641810
3 0.373700 0.769561 0.219754 0.769561 0.219754 0.760955 0.365903 0.760955
2 0.360289 0.769561 0.280719 0.769561 0.280719 0.760955 0.360289 0.760955
3 0.325991 0.213051 0.325991 0.590839 0.333788 0.590839 0.333788 0.213051
2 0.325991 0.422702 0.325991 0.515834 0.333788 0.515834 0.333788 0.422702
3 0.490073 0.960235 0.372365 0.960235 0.366770 0.982827 0.490073 0.982827
3 0.490073 0.960235 0.490073 0.760955 0.499820 0.771713 0.499820 0.960235
2 0.490073 0.891158 0.490073 0.807052 0.499820 0.807052 0.499820 0.891158
3 0.960039 0.252855 0.960039 0.760955 1.000000 0.760955 1.000000 0.213051
1 0.960039 0.253888 0.960039 0.307764 1.000000 0.307764 1.000000 0.253888
3 0.951053 0.760955 0.951053 0.951618 1.000000 0.982827 1.000000 0.760955
3 0.951053 0.951618 0.799417 0.951618 0.799417 0.982827 1.000000 0.982827
3 0.799417 0.960235 0.490073 0.960235 0.490073 0.982827 0.799417 0.982827
3 0.490073 0.760955 0.799417 0.760955 0.799417 0.771713 0.499820 0.771713
3 0.799417 0.760955 1.000000 0.760955 1.000000 0.778425 0.799417 0.778425
3 0.799417 0.771713 0.799417 0.982827 0.815421 0.982827 0.815421 0.760955
2 0.799417 0.781943 0.799417 0.848309 0.815421 0.848309 0.815421 0.781943
3 0.673142 0.771713 0.673142 0.213051 0.682888 0.213051 0.682888 0.771713
2 0.673142 0.675827 0.673142 0.580511 0.682888 0.580511 0.682888 0.675827
