0 0.462428 0.964914 0.391269 0.964914 0.391269 0.927119 0.462428 0.927119
0 0.379724 0.876083 0.379724 0.959586 0.290543 0.959586 0.290543 0.875657
0 0.284303 0.875657 0.284303 0.959586 0.131785 0.959586 0.131785 0.874979
0 0.221424 0.598375 0.199345 0.598375 0.199345 0.618617 0.150183 0.618617 0.150183 0.597624 0.092451 0.597624 0.093624 0.488220 0.221424 0.488220
0 0.146961 0.620161 0.221424 0.620161 0.221424 0.732675 0.091021 0.732675 0.092451 0.599301 0.146961 0.599301
0 0.501275 0.732675 0.228573 0.732675 0.228573 0.488220 0.501275 0.488220
0 0.123343 0.743631 0.123624 0.865367 0.391269 0.866519 0.391269 0.921917 0.467805 0.921565 0.467805 0.969854 0.511127 0.969854 0.511127 0.743634 0.123343 0.743631 0.123343 0.743631
3 0.081722 0.477390 0.515403 0.477390 0.501275 0.488220 0.093624 0.488220
1 0.143386 0.477390 0.169802 0.477390 0.169802 0.488220 0.143386 0.488220
1 0.234841 0.477390 0.261005 0.477390 0.261005 0.488220 0.234841 0.488220
1 0.447647 0.477390 0.474311 0.477390 0.474311 0.488220 0.447647 0.488220
3 0.515403 0.477390 0.515403 0.743649 0.501275 0.732675 0.501275 0.488220
1 0.515403 0.510195 0.515403 0.531274 0.501275 0.531274 0.501275 0.510195
1 0.515403 0.553426 0.515403 0.591711 0.501275 0.591711 0.501275 0.553426
1 0.515403 0.593429 0.515403 0.630854 0.501275 0.630854 0.501275 0.593429
1 0.515403 0.633220 0.515403 0.669783 0.501275 0.669783 0.501275 0.633220
1 0.515403 0.691291 0.515403 0.712155 0.501275 0.712155 0.501275 0.691291
3 0.515403 0.743649 0.078886 0.743649 0.091021 0.732675 0.501275 0.732675
2 0.471289 0.743649 0.428300 0.743649 0.428300 0.732675 0.471289 0.732675
3 0.078886 0.743649 0.081722 0.477390 0.093624 0.488220 0.091021 0.732675
1 0.079067 0.726951 0.079286 0.706305 0.091303 0.706383 0.091083 0.727028
1 0.079930 0.645653 0.080158 0.624360 0.092175 0.624438 0.091946 0.645731
1 0.080502 0.592107 0.080721 0.571461 0.092737 0.571539 0.092518 0.592181
3 0.228573 0.477390 0.228573 0.743649 0.221424 0.743649 0.221424 0.477390
2 0.228573 0.565615 0.228573 0.594188 0.221424 0.594188 0.221424 0.565615
2 0.228573 0.625748 0.228573 0.654684 0.221424 0.654684 0.221424 0.625748
3 0.080444 0.597624 0.150183 0.597624 0.146961 0.599301 0.080444 0.599301
3 0.146961 0.599301 0.146961 0.620161 0.150183 0.618617 0.150183 0.597624
3 0.146961 0.620161 0.199345 0.620161 0.199345 0.618617 0.150183 0.618617
3 0.199345 0.620161 0.228573 0.620161 0.228573 0.598375 0.199345 0.598375
3 0.119616 0.732675 0.119616 0.865367 0.123624 0.865367 0.123624 0.732675
1 0.119616 0.782141 0.119616 0.801957 0.123624 0.801957 0.123624 0.782141
1 0.119616 0.803360 0.119616 0.824402 0.123624 0.824402 0.123624 0.803360
3 0.119616 0.865367 0.119616 0.969854 0.131785 0.959586 0.131785 0.865367
1 0.119616 0.900512 0.119616 0.935316 0.131785 0.935316 0.131785 0.900512
3 0.119616 0.969854 0.391269 0.969854 0.391269 0.959586 0.131785 0.959586
1 0.224541 0.969854 0.270547 0.969854 0.270547 0.959586 0.224541 0.959586
1 0.309366 0.969854 0.354895 0.969854 0.354895 0.959586 0.309366 0.959586
3 0.391269 0.969854 0.391269 0.866519 0.379724 0.876083 0.379724 0.959586
1 0.391269 0.904792 0.391269 0.883758 0.379724 0.883758 0.379724 0.904792
3 0.391269 0.866519 0.126765 0.865397 0.119616 0.874979 0.379724 0.876083
2 0.374824 0.866448 0.338070 0.866293 0.338003 0.875905 0.374757 0.876060
3 0.284303 0.866071 0.284303 0.969854 0.290543 0.969854 0.290543 0.866071
2 0.284303 0.881610 0.284303 0.910146 0.290543 0.910146 0.290543 0.881610
3 0.391269 0.969854 0.467805 0.969854 0.462428 0.964914 0.391269 0.964914
1 0.407022 0.969854 0.452352 0.969854 0.452352 0.964914 0.407022 0.964914
3 0.467805 0.969854 0.467805 0.921565 0.462428 0.927119 0.462428 0.964914
3 0.467805 0.921565 0.379724 0.921565 0.379724 0.927119 0.462428 0.927119
2 0.438357 0.921565 0.401112 0.921565 0.401112 0.927119 0.438357 0.927119
0 0.986263 0.738332 0.574103 0.734837 0.578407 0.492349 0.986263 0.492349
3 0.567039 0.480293 1.000000 0.480293 0.986263 0.493278 0.578392 0.493278
1 0.751045 0.480293 0.778090 0.480293 0.778090 0.493278 0.751045 0.493278
1 0.789139 0.480293 0.814659 0.480293 0.814659 0.493278 0.789139 0.493278
3 1.000000 0.480293 1.000000 0.747985 0.986263 0.738332 0.986263 0.493278
1 1.000000 0.596198 1.000000 0.614841 0.986263 0.614841 0.986263 0.596198
1 1.000000 0.616614 1.000000 0.637326 0.986263 0.637326 0.986263 0.616614
3 1.000000 0.747985 0.562353 0.744271 0.574103 0.734837 0.986263 0.738332
3 0.562353 0.744271 0.567039 0.480293 0.578392 0.493278 0.574103 0.734837
