0 0.391855 0.673751 0.287808 0.673751 0.287808 0.580705 0.391855 0.580705
0 0.603170 0.901116 0.483363 0.901116 0.483363 0.815034 0.603170 0.815034
0 0.985860 0.901116 0.860897 0.901116 0.860897 0.815034 0.985860 0.815034
0 0.985860 0.805284 0.860897 0.805284 0.860897 0.718227 0.985860 0.718227
0 0.985860 0.708478 0.860897 0.708478 0.860897 0.653643 0.851899 0.653643 0.851899 0.673751 0.799509 0.673751 0.799509 0.561839 0.985860 0.561839
0 0.473079 0.901116 0.287808 0.901116 0.287808 0.683501 0.473079 0.683501
0 0.475007 0.570955 0.287808 0.570955 0.287808 0.319369 0.475007 0.319369
0 0.850614 0.683501 0.850614 0.901116 0.613454 0.901116 0.613454 0.683501
0 0.964476 0.303715 0.964476 0.192394 0.691367 0.192394 0.691367 0.303715 0.964476 0.303715
0 0.789225 0.673751 0.603170 0.673751 0.603170 0.805284 0.483363 0.805284 0.483363 0.673751 0.402139 0.673751 0.402139 0.581222 0.789225 0.581222
0 0.985860 0.552090 0.799509 0.552090 0.799509 0.513183 0.789225 0.513183 0.789225 0.319369 0.985860 0.319369
0 0.789225 0.581222 0.402139 0.581222 0.402139 0.580705 0.485291 0.580705 0.485291 0.319369 0.789225 0.319369
3 0.287808 0.901116 0.287808 0.319369 0.274953 0.303715 0.274953 0.917568
2 0.731063 0.319369 0.786892 0.319369 0.786892 0.303715 0.731063 0.303715
1 0.803905 0.319369 0.906597 0.319369 0.906597 0.303715 0.803905 0.303715
1 0.550157 0.319369 0.701208 0.319369 0.701208 0.303715 0.550157 0.303715
1 0.366409 0.319369 0.467262 0.319369 0.467262 0.303715 0.366409 0.303715
2 0.595778 0.901116 0.532648 0.901116 0.532648 0.917568 0.595778 0.917568
1 0.457627 0.901116 0.360991 0.901116 0.360991 0.917568 0.457627 0.917568
1 0.815230 0.901116 0.711350 0.901116 0.711350 0.917568 0.815230 0.917568
1 0.940829 0.901116 0.876400 0.901116 0.876400 0.917568 0.940829 0.917568
3 0.483363 0.901116 0.483363 0.673751 0.473079 0.683501 0.473079 0.901116
3 0.483363 0.673751 0.287808 0.673751 0.287808 0.683501 0.473079 0.683501
2 0.471330 0.673751 0.417610 0.673751 0.417610 0.683501 0.471330 0.683501
3 0.483363 0.815034 0.603170 0.815034 0.613454 0.805284 0.483363 0.805284
2 0.539628 0.815034 0.598812 0.815034 0.598812 0.805284 0.539628 0.805284
3 0.603170 0.815034 0.603170 0.901116 0.613454 0.901116 0.613454 0.815034
3 0.613454 0.815034 0.613454 0.683501 0.603170 0.673751 0.603170 0.815034
3 0.613454 0.683501 0.860897 0.683501 0.851899 0.673751 0.603170 0.673751
2 0.658003 0.683501 0.711119 0.683501 0.711119 0.673751 0.658003 0.673751
3 0.850614 0.683501 0.850614 0.901116 0.860897 0.901116 0.860897 0.673751
3 0.860897 0.718227 0.985860 0.718227 0.985860 0.708478 0.860897 0.708478
2 0.865532 0.718227 0.916919 0.718227 0.916919 0.708478 0.865532 0.708478
3 0.860897 0.815034 0.985860 0.815034 0.985860 0.805284 0.860897 0.805284
2 0.869748 0.815034 0.912908 0.815034 0.912908 0.805284 0.869748 0.805284
3 0.789225 0.561839 0.985860 0.561839 0.985860 0.552090 0.799509 0.552090
3 0.799509 0.673751 0.799509 0.561839 0.789225 0.552090 0.789225 0.673751
2 0.799509 0.651693 0.799509 0.599040 0.789225 0.599040 0.789225 0.651693
3 0.789225 0.561839 0.789225 0.513183 0.799509 0.513183 0.799509 0.552090
3 0.391855 0.673751 0.391855 0.580705 0.402139 0.580705 0.402139 0.673751
2 0.391855 0.667926 0.391855 0.618149 0.402139 0.618149 0.402139 0.667926
3 0.402139 0.570955 0.287808 0.570955 0.287808 0.580705 0.402139 0.580705
3 0.402139 0.570955 0.475007 0.570955 0.485291 0.580705 0.402139 0.580705
2 0.415482 0.570955 0.471941 0.570955 0.471941 0.580705 0.415482 0.580705
3 0.485291 0.580705 0.485291 0.319369 0.475007 0.319369 0.475007 0.570955
3 0.860897 0.683501 0.860897 0.653643 0.851899 0.653643 0.851899 0.673751
