0 0.602883 0.907360 0.975599 0.907262 0.975599 0.571320 0.602989 0.571320 0.602883 0.907360 0.602883 0.907360
0 0.982075 0.224179 0.982075 0.052356 0.352344 0.052356 0.352344 0.224179 0.982075 0.224179 0.982075 0.224179
0 0.602883 0.907360 0.434377 0.907360 0.434377 0.832962 0.380349 0.832962 0.380349 0.571565 0.602883 0.571565
0 0.975599 0.571565 0.503750 0.571565 0.503750 0.249220 0.975599 0.249220
0 0.489974 0.562753 0.123188 0.562753 0.123188 0.249220 0.489974 0.249220
0 0.367118 0.832962 0.367184 0.832962 0.367184 0.907360 0.124518 0.907360 0.123188 0.701791 0.367118 0.701791
0 0.355084 0.686303 0.233970 0.686303 0.233970 0.686042 0.137151 0.686042 0.137151 0.578241 0.355084 0.578241
3 1.000000 0.224179 1.000000 0.922847 0.975599 0.907360 0.975599 0.249220
3 1.000000 0.922847 0.099359 0.922847 0.124518 0.907360 0.975599 0.907360
2 0.580703 0.922847 0.454855 0.922847 0.454855 0.907360 0.580703 0.907360
3 0.097923 0.701791 0.097923 0.562753 0.137151 0.562753 0.137151 0.701791
3 0.097923 0.562753 0.097923 0.224179 0.123188 0.249220 0.123188 0.562753
3 0.097923 0.224179 1.000000 0.224179 0.975599 0.249220 0.123188 0.249220
2 0.778517 0.224179 0.901492 0.224179 0.901492 0.249220 0.778517 0.249220
1 0.152044 0.224179 0.289434 0.224179 0.289434 0.249220 0.152044 0.249220
1 0.388288 0.224179 0.469828 0.224179 0.469828 0.249220 0.388288 0.249220
1 0.558070 0.224179 0.772546 0.224179 0.772546 0.249220 0.558070 0.249220
3 0.097923 0.701791 0.099359 0.922847 0.124518 0.907360 0.123188 0.701766
3 0.097923 0.701791 0.233970 0.701791 0.233970 0.686042 0.097923 0.686042
3 0.233970 0.701791 0.367118 0.701791 0.380349 0.686303 0.233970 0.686303
2 0.238385 0.701791 0.349206 0.701791 0.349206 0.686303 0.238385 0.686303
3 0.097923 0.562753 0.380349 0.562753 0.380349 0.578241 0.097923 0.578241
3 0.380349 0.562753 0.380349 0.701791 0.355084 0.701791 0.355084 0.578241
3 0.380349 0.686303 0.380349 0.832962 0.367118 0.832962 0.367118 0.701791
2 0.380349 0.754188 0.380349 0.821249 0.367118 0.821249 0.367118 0.754188
3 0.434377 0.832962 0.434377 0.907360 0.367184 0.907360 0.367184 0.832962
3 0.602883 0.907360 0.602883 0.858827 0.663879 0.858827 0.663879 0.907360
3 0.602883 0.779473 0.602883 0.695474 0.619983 0.704106 0.619983 0.779473
3 0.602883 0.695474 0.704901 0.695474 0.704901 0.704106 0.619983 0.704106
3 0.380349 0.562753 0.489974 0.562753 0.503750 0.571565 0.380349 0.571565
3 0.503750 0.571565 0.503750 0.249220 0.489974 0.249220 0.489974 0.562753
2 0.503750 0.507120 0.503750 0.439904 0.489974 0.439904 0.489974 0.507120
3 0.993138 0.224179 0.993138 0.050579 0.982075 0.050579 0.982075 0.224179
