0 0.329336 0.032095 0.269017 0.032095 0.269017 0.115187 0.443535 0.115187 0.443535 0.021133 0.329169 0.021133 0.329336 0.032095 0.329336 0.032095
0 0.262549 0.032095 0.202200 0.032095 0.202200 0.021534 0.088222 0.021534 0.088175 0.115187 0.262549 0.115187 0.262549 0.032095 0.262549 0.032095
0 0.286593 0.747122 0.286593 0.759473 0.285551 0.759473 0.285626 0.881392 0.493610 0.881392 0.493345 0.759844 0.492272 0.759844 0.492272 0.632454 0.269017 0.632454 0.269017 0.747122 0.286593 0.747122 0.286593 0.747122
0 0.039856 0.715417 0.031904 0.715417 0.031904 0.632590 0.262209 0.632454 0.262209 0.747122 0.244361 0.747122 0.244361 0.759473 0.245818 0.759473 0.245556 0.881392 0.038474 0.881392 0.037854 0.881392 0.037854 0.759844 0.039856 0.759850 0.039856 0.715417 0.039856 0.715417
0 0.489889 0.609604 0.403257 0.609604 0.403257 0.450459 0.489889 0.450459
0 0.489889 0.450459 0.403257 0.450459 0.403257 0.296947 0.406991 0.296947 0.406991 0.259473 0.489889 0.259473
0 0.358254 0.378582 0.269017 0.378582 0.269017 0.322575 0.358254 0.322575
0 0.416754 0.238828 0.402906 0.238828 0.402906 0.296947 0.403257 0.296947 0.403257 0.385696 0.362679 0.385696 0.362679 0.314547 0.300373 0.314547 0.300373 0.322575 0.269017 0.322575 0.269017 0.259405 0.362679 0.259405 0.362679 0.251995 0.337968 0.251995 0.337968 0.138037 0.416754 0.138037
0 0.403257 0.609604 0.269017 0.609604 0.269017 0.386610 0.362679 0.386610 0.362679 0.385696 0.403257 0.385696
0 0.128143 0.609604 0.040778 0.609604 0.040778 0.450972 0.128143 0.450972
0 0.124252 0.296786 0.128143 0.296786 0.128143 0.450972 0.040778 0.450972 0.040778 0.259405 0.124252 0.259405
0 0.193077 0.251995 0.168278 0.251995 0.168278 0.259405 0.262209 0.259405 0.262209 0.314547 0.168278 0.314547 0.168278 0.386610 0.128143 0.386610 0.128143 0.296786 0.128337 0.296786 0.128337 0.239106 0.114053 0.239106 0.114053 0.138037 0.193077 0.138037
0 0.262209 0.378582 0.172703 0.378582 0.172703 0.322575 0.230840 0.322575 0.230840 0.314547 0.262209 0.314547
0 0.262209 0.609604 0.128143 0.609604 0.128143 0.386610 0.262209 0.386610
0 0.109968 0.251995 0.040778 0.251995 0.040778 0.138037 0.109968 0.138037
0 0.489889 0.251995 0.420839 0.251995 0.420839 0.138037 0.489889 0.138037
0 0.262209 0.251995 0.197162 0.251995 0.197162 0.138037 0.262209 0.138037
0 0.333883 0.251995 0.269017 0.251995 0.269017 0.138037 0.333883 0.138037
3 0.040778 0.138037 0.489889 0.138037 0.502485 0.115187 0.028183 0.115187
1 0.114301 0.138037 0.128388 0.138037 0.128388 0.115187 0.114301 0.115187
2 0.134148 0.138037 0.165810 0.138037 0.165810 0.115187 0.134148 0.115187
2 0.220178 0.138037 0.248425 0.138037 0.248425 0.115187 0.220178 0.115187
2 0.282399 0.138037 0.310827 0.138037 0.310827 0.115187 0.282399 0.115187
2 0.365362 0.138037 0.398974 0.138037 0.398974 0.115187 0.365362 0.115187
1 0.402729 0.138037 0.415784 0.138037 0.415784 0.115187 0.402729 0.115187
3 0.489889 0.138037 0.489889 0.609604 0.502485 0.632454 0.502485 0.115187
1 0.489889 0.297151 0.489889 0.372406 0.502485 0.372406 0.502485 0.297151
1 0.489889 0.504422 0.489889 0.555346 0.502485 0.555346 0.502485 0.504422
3 0.489889 0.609604 0.040778 0.609604 0.028183 0.632454 0.502485 0.632454
1 0.478363 0.609604 0.408989 0.609604 0.408989 0.632454 0.478363 0.632454
2 0.398797 0.609604 0.370727 0.609604 0.370727 0.632454 0.398797 0.632454
1 0.362322 0.609604 0.292053 0.609604 0.292053 0.632454 0.362322 0.632454
1 0.239129 0.609604 0.169217 0.609604 0.169217 0.632454 0.239129 0.632454
2 0.160636 0.609604 0.131850 0.609604 0.131850 0.632454 0.160636 0.632454
1 0.122196 0.609604 0.052462 0.609604 0.052462 0.632454 0.122196 0.632454
3 0.040778 0.609604 0.040778 0.138037 0.028183 0.115187 0.028183 0.632454
1 0.040778 0.555024 0.040778 0.505070 0.028183 0.505070 0.028183 0.555024
1 0.040778 0.372406 0.040778 0.295533 0.028183 0.295533 0.028183 0.372406
3 0.262209 0.115187 0.262209 0.632454 0.269017 0.632454 0.269017 0.115187
3 0.124252 0.259405 0.124252 0.296786 0.128337 0.296786 0.128337 0.239106
3 0.109968 0.115187 0.109968 0.259405 0.114053 0.239106 0.114053 0.115187
2 0.109968 0.181896 0.109968 0.232295 0.114053 0.232295 0.114053 0.181896
3 0.028183 0.259405 0.114053 0.259405 0.114053 0.251995 0.028183 0.251995
3 0.109968 0.259405 0.124252 0.259405 0.128337 0.239106 0.114053 0.239106
3 0.168278 0.259405 0.269017 0.259405 0.269017 0.251995 0.168278 0.251995
3 0.193077 0.115187 0.193077 0.251995 0.197162 0.251995 0.197162 0.115187
3 0.269017 0.115187 0.269017 0.032095 0.262549 0.032095 0.262549 0.115187
3 0.262209 0.632454 0.262209 0.747122 0.269017 0.747122 0.269017 0.632454
3 0.230840 0.322575 0.172703 0.322575 0.168278 0.314547 0.230840 0.314547
3 0.168278 0.314547 0.168278 0.386610 0.172703 0.378582 0.172703 0.322575
2 0.168278 0.331400 0.168278 0.370918 0.172703 0.370918 0.172703 0.331400
3 0.168278 0.386610 0.362679 0.386610 0.358254 0.378582 0.172703 0.378582
3 0.362679 0.386610 0.362679 0.314547 0.358254 0.322575 0.358254 0.378582
2 0.362679 0.370838 0.362679 0.331845 0.358254 0.331845 0.358254 0.370838
3 0.362679 0.314547 0.300373 0.314547 0.300373 0.322575 0.358254 0.322575
3 0.269017 0.259405 0.362679 0.259405 0.362679 0.251995 0.269017 0.251995
3 0.333883 0.115187 0.333883 0.259405 0.337968 0.259405 0.337968 0.115187
3 0.416754 0.115187 0.416754 0.238828 0.420839 0.259405 0.420839 0.115187
2 0.416754 0.181284 0.416754 0.231936 0.420839 0.231936 0.420839 0.181284
3 0.402906 0.238828 0.402906 0.296947 0.406991 0.296947 0.406991 0.259405
3 0.406991 0.259405 0.420839 0.259405 0.416754 0.238828 0.402906 0.238828
3 0.416754 0.259405 0.502485 0.259405 0.502485 0.251995 0.420839 0.251995
0 0.866801 0.627760 0.866801 0.629564 0.898419 0.629564 0.898419 0.627760 0.866801 0.627760 0.866801 0.627760
0 0.627799 0.629558 0.659226 0.629558 0.659226 0.627334 0.627758 0.627334 0.627799 0.629558 0.627799 0.629558
0 0.759584 0.610413 0.627799 0.610413 0.627799 0.425541 0.670177 0.425541 0.670177 0.385968 0.759584 0.385968
0 0.856187 0.425343 0.898419 0.425343 0.898419 0.610413 0.766733 0.610413 0.766733 0.385968 0.856187 0.385968
0 0.623714 0.610413 0.537936 0.610413 0.537936 0.348859 0.623714 0.348859
0 0.987744 0.610413 0.902504 0.610413 0.902504 0.348908 0.987744 0.348908
0 0.759584 0.378557 0.666092 0.378557 0.666092 0.418130 0.627799 0.418130 0.627799 0.259813 0.759584 0.259813
0 0.898419 0.417933 0.860272 0.417933 0.860272 0.378557 0.766733 0.378557 0.766733 0.259813 0.898419 0.259813
0 0.623714 0.342066 0.537936 0.342066 0.537936 0.137641 0.623714 0.137641
0 0.987744 0.341497 0.902504 0.341497 0.902504 0.137641 0.987744 0.137641
0 0.895355 0.252242 0.816216 0.252242 0.816216 0.144385 0.895355 0.144385
0 0.709996 0.252242 0.630862 0.252242 0.630862 0.144929 0.709996 0.144929
0 0.813230 0.249271 0.766733 0.249271 0.766733 0.140877 0.813230 0.140877
0 0.759584 0.249271 0.713127 0.249271 0.713127 0.140877 0.759584 0.140877
3 0.987744 0.137641 0.987744 0.610413 0.999999 0.632645 0.999999 0.115409
1 0.987744 0.270546 0.987744 0.303215 0.999999 0.303215 0.999999 0.270546
1 0.987744 0.505472 0.987744 0.558057 0.999999 0.558057 0.999999 0.505472
3 0.537936 0.610413 0.537936 0.137641 0.525681 0.115409 0.525681 0.632645
1 0.537936 0.555253 0.537936 0.506089 0.525681 0.506089 0.525681 0.555253
1 0.537936 0.304462 0.537936 0.271787 0.525681 0.271787 0.525681 0.304462
3 0.759584 0.115409 0.759584 0.632645 0.766733 0.632645 0.766733 0.115409
3 0.623714 0.137641 0.623714 0.259813 0.630862 0.259813 0.630862 0.115409
3 0.902504 0.259813 0.902504 0.115409 0.895355 0.137641 0.895355 0.259813
3 0.709996 0.137641 0.709996 0.252242 0.713127 0.259813 0.713127 0.115409
2 0.709996 0.195414 0.709996 0.246511 0.713127 0.246511 0.713127 0.195414
3 0.813230 0.140877 0.813230 0.249271 0.816216 0.259813 0.816216 0.115409
2 0.813230 0.195433 0.813230 0.245436 0.816216 0.245436 0.816216 0.195433
3 0.623714 0.259813 0.713127 0.259813 0.709996 0.252242 0.630862 0.252242
2 0.634570 0.259813 0.662936 0.259813 0.662936 0.252242 0.634570 0.252242
3 0.709996 0.259813 0.816216 0.259813 0.813230 0.249271 0.709996 0.249271
3 0.816216 0.259813 0.902504 0.259813 0.902504 0.252242 0.816216 0.252242
2 0.863057 0.259813 0.891046 0.259813 0.891046 0.252242 0.863057 0.252242
3 0.537936 0.137641 0.623714 0.137641 0.623714 0.115409 0.525681 0.115409
1 0.574183 0.137641 0.603384 0.137641 0.603384 0.115409 0.574183 0.115409
3 0.623714 0.144929 0.709996 0.144929 0.709996 0.115409 0.623714 0.115409
1 0.659968 0.144929 0.677520 0.144929 0.677520 0.115409 0.659968 0.115409
3 0.709996 0.140877 0.813230 0.140877 0.816216 0.115409 0.709996 0.115409
1 0.713526 0.140877 0.730924 0.140877 0.730924 0.115409 0.713526 0.115409
1 0.794470 0.140877 0.812624 0.140877 0.812624 0.115409 0.794470 0.115409
3 0.813230 0.144385 0.902504 0.144385 0.902504 0.115409 0.813230 0.115409
1 0.847949 0.144385 0.865590 0.144385 0.865590 0.115409 0.847949 0.115409
3 0.902504 0.137641 0.987744 0.137641 0.999999 0.115409 0.902504 0.115409
1 0.924002 0.137641 0.951616 0.137641 0.951616 0.115409 0.924002 0.115409
3 0.623714 0.259813 0.623714 0.632645 0.627799 0.632645 0.627799 0.259813
2 0.623714 0.284546 0.623714 0.334865 0.627799 0.334865 0.627799 0.284546
2 0.623714 0.354262 0.623714 0.404297 0.627799 0.404297 0.627799 0.354262
3 0.623714 0.425541 0.670177 0.425541 0.666092 0.418130 0.623714 0.418130
2 0.630134 0.425541 0.658194 0.425541 0.658194 0.418130 0.630134 0.418130
3 0.670177 0.425541 0.670177 0.385968 0.666092 0.378557 0.666092 0.418130
3 0.670177 0.385968 0.856187 0.385968 0.860272 0.378557 0.666092 0.378557
3 0.856187 0.385968 0.856187 0.425343 0.860272 0.417933 0.860272 0.378557
3 0.902504 0.259813 0.902504 0.425343 0.898419 0.425343 0.898419 0.259813
2 0.902504 0.354299 0.902504 0.404686 0.898419 0.404686 0.898419 0.354299
2 0.902504 0.284867 0.902504 0.335445 0.898419 0.335445 0.898419 0.284867
3 0.902504 0.425343 0.856187 0.425343 0.860272 0.417933 0.898419 0.417933
2 0.895321 0.425343 0.867380 0.425343 0.867380 0.417933 0.895321 0.417933
3 0.902504 0.425343 0.902504 0.610413 0.898419 0.610413 0.898419 0.425343
3 0.898419 0.348908 0.999999 0.348908 0.999999 0.341497 0.898419 0.341497
3 0.659226 0.610413 0.623714 0.610413 0.623714 0.627334 0.659226 0.627334
2 0.657459 0.610413 0.629674 0.610413 0.629674 0.627334 0.657459 0.627334
3 0.623714 0.610413 0.537936 0.610413 0.525681 0.632645 0.623714 0.632645
1 0.586108 0.610413 0.550089 0.610413 0.550089 0.632645 0.586108 0.632645
3 0.866801 0.610413 0.659226 0.610413 0.659226 0.632645 0.866801 0.632645
1 0.858825 0.610413 0.789187 0.610413 0.789187 0.632645 0.858825 0.632645
1 0.736531 0.610413 0.666722 0.610413 0.666722 0.632645 0.736531 0.632645
3 0.987744 0.610413 0.902504 0.610413 0.902504 0.632645 0.999999 0.632645
1 0.975803 0.610413 0.940297 0.610413 0.940297 0.632645 0.975803 0.632645
3 0.902504 0.610413 0.898419 0.610413 0.898419 0.632645 0.902504 0.632645
3 0.898419 0.610413 0.866801 0.610413 0.866801 0.627760 0.898419 0.627760
2 0.896387 0.610413 0.868943 0.610413 0.868943 0.627760 0.896387 0.627760
3 0.525681 0.348859 0.627799 0.348859 0.627799 0.342066 0.525681 0.342066
