0 0.548949 0.326592 0.546519 0.339572 0.542855 0.352789 0.537595 0.363195 0.527487 0.379870 0.517632 0.393246 0.511091 0.398710 0.497663 0.401839 0.440120 0.401839 0.440120 0.288346 0.458016 0.288346 0.458016 0.163041 0.548949 0.163041
0 0.449552 0.272476 0.431656 0.272476 0.431656 0.401839 0.300773 0.401839 0.300773 0.334210 0.345499 0.334210 0.345499 0.317206 0.300773 0.317206 0.300773 0.163041 0.449552 0.163041
0 0.291705 0.401839 0.227844 0.401839 0.227844 0.344389 0.218776 0.344389 0.218776 0.479420 0.045004 0.479420 0.045004 0.479386 0.218776 0.479386 0.218776 0.462383 0.045004 0.462383 0.045004 0.163041 0.291705 0.163041
0 0.218776 0.859403 0.045004 0.859403 0.045004 0.479420 0.218776 0.479420
0 0.662288 0.535328 0.662288 0.780893 0.557552 0.780893 0.557552 0.859381 0.370401 0.859381 0.352023 0.859403 0.352023 0.526372
0 0.832837 0.780893 0.662288 0.780893 0.662288 0.535328 0.558017 0.532777 0.558017 0.163041 0.832837 0.163041
0 0.558017 0.532777 0.352023 0.526372 0.352023 0.859403 0.227844 0.859403 0.227844 0.418842 0.498226 0.418842 0.513551 0.415271 0.522185 0.408051 0.533158 0.393178 0.543895 0.375449 0.544112 0.375211 0.550315 0.362753 0.554868 0.346339 0.558017 0.329494
0 0.853997 0.833343 0.993350 0.833343 0.993350 0.163041 0.853997 0.163041 0.853997 0.833343 0.853997 0.833343
3 0.023844 0.892413 0.023844 0.123366 0.045004 0.163041 0.045004 0.859403
1 0.023844 0.770498 0.023844 0.580013 0.045004 0.580013 0.045004 0.770498
1 0.023844 0.424000 0.023844 0.250757 0.045004 0.250757 0.045004 0.424000
3 0.045004 0.163041 0.832837 0.163041 0.853997 0.123366 0.023844 0.123366
1 0.119711 0.163041 0.213860 0.163041 0.213860 0.123366 0.119711 0.123366
1 0.301160 0.163041 0.330173 0.163041 0.330173 0.123366 0.301160 0.123366
1 0.507693 0.163041 0.539227 0.163041 0.539227 0.123366 0.507693 0.123366
1 0.597550 0.163041 0.690454 0.163041 0.690454 0.123366 0.597550 0.123366
3 0.832837 0.163041 0.832837 0.797896 0.853997 0.797896 0.853997 0.123366
2 0.832837 0.516057 0.832837 0.607593 0.853997 0.607593 0.853997 0.516057
1 0.832837 0.216954 0.832837 0.515331 0.853997 0.515331 0.853997 0.216954
1 0.832837 0.608307 0.832837 0.768310 0.853997 0.768310 0.853997 0.608307
3 0.832837 0.780893 0.588185 0.780893 0.597254 0.797896 0.853997 0.797896
3 0.597254 0.797896 0.597254 0.876384 0.588185 0.859381 0.588185 0.780893
3 0.588185 0.859381 0.370401 0.859381 0.370401 0.876384 0.597254 0.876384
3 0.023844 0.892413 0.370401 0.892413 0.370401 0.859403 0.045004 0.859403
2 0.276198 0.892413 0.333577 0.892413 0.333577 0.859403 0.276198 0.859403
3 0.227844 0.892413 0.227844 0.344389 0.218776 0.344389 0.218776 0.892413
2 0.227844 0.643391 0.227844 0.555142 0.218776 0.555142 0.218776 0.643391
3 0.218776 0.462383 0.023844 0.462383 0.023844 0.479386 0.218776 0.479386
3 0.227844 0.418842 0.498226 0.418842 0.497663 0.401839 0.227844 0.401839
2 0.232390 0.418842 0.282509 0.418842 0.282509 0.401839 0.232390 0.401839
2 0.360517 0.418842 0.407141 0.418842 0.407141 0.401839 0.360517 0.401839
3 0.291705 0.401839 0.291705 0.123366 0.300773 0.123366 0.300773 0.401839
3 0.300773 0.334210 0.345499 0.334210 0.345499 0.317206 0.300773 0.317206
3 0.440120 0.401839 0.440120 0.288346 0.431656 0.272476 0.431656 0.401839
2 0.440120 0.383668 0.440120 0.316470 0.431656 0.316470 0.431656 0.383668
3 0.440120 0.288346 0.458016 0.288346 0.449552 0.272476 0.431656 0.272476
3 0.458016 0.288346 0.458016 0.123366 0.449552 0.123366 0.449552 0.272476
3 0.588185 0.859381 0.557552 0.859381 0.557552 0.780893 0.588185 0.780893
3 0.853997 0.797896 0.853997 0.845812 0.833181 0.845812 0.833181 0.797896
3 0.498226 0.418842 0.513551 0.415271 0.511091 0.398710 0.497663 0.401839
3 0.513551 0.415271 0.522185 0.408051 0.517632 0.393246 0.511091 0.398710
3 0.522185 0.408051 0.533158 0.393178 0.527487 0.379870 0.517632 0.393246
3 0.533158 0.393178 0.543895 0.375449 0.537595 0.363195 0.527487 0.379870
3 0.543895 0.375449 0.550315 0.362753 0.542855 0.352789 0.537595 0.363195
3 0.550315 0.362753 0.554868 0.346339 0.546519 0.339572 0.542855 0.352789
3 0.554868 0.346339 0.558017 0.329494 0.548949 0.326592 0.546519 0.339572
3 0.558017 0.329494 0.558017 0.123366 0.548949 0.123366 0.548949 0.326592
3 0.390564 0.163041 0.390564 0.219232 0.399632 0.219232 0.399632 0.163041
3 1.000000 0.833343 0.853997 0.833343 0.853997 0.845551 1.000000 0.845551
3 0.352023 0.859403 0.352023 0.778807 0.360311 0.778807 0.360311 0.859403
3 0.362711 0.610404 0.371955 0.588424 0.377161 0.602129 0.369489 0.620357
3 0.371955 0.588424 0.379301 0.579593 0.388019 0.589070 0.377161 0.602129
3 0.379301 0.579593 0.388720 0.570593 0.392305 0.584967 0.388019 0.589070
3 0.388720 0.570593 0.395781 0.564936 0.398272 0.580194 0.392305 0.584967
3 0.395781 0.564936 0.403127 0.562284 0.403937 0.578154 0.398272 0.580194
3 0.403127 0.562284 0.513612 0.562284 0.513612 0.578154 0.403937 0.578154
3 0.369489 0.620357 0.365789 0.633744 0.358002 0.627430 0.362711 0.610404
3 0.365789 0.633744 0.363588 0.645499 0.355209 0.642348 0.358002 0.627430
3 0.363588 0.645499 0.362433 0.683009 0.353981 0.682091 0.355209 0.642348
3 0.578706 0.542673 0.589776 0.543637 0.590948 0.527846 0.579099 0.526826
3 0.589776 0.543637 0.600676 0.548420 0.603100 0.533185 0.590948 0.527846
3 0.600676 0.548420 0.611921 0.556083 0.615633 0.541732 0.603100 0.533185
3 0.611921 0.556083 0.624012 0.570140 0.629133 0.557421 0.615633 0.541732
3 0.624012 0.570140 0.633716 0.586746 0.639816 0.575694 0.629133 0.557421
3 0.633716 0.586746 0.643594 0.608454 0.650553 0.599306 0.639816 0.575694
3 0.643594 0.608454 0.649894 0.629210 0.657675 0.622760 0.650553 0.599306
3 0.649894 0.629210 0.652621 0.644864 0.660891 0.641203 0.657675 0.622760
3 0.652621 0.644864 0.653304 0.653479 0.661677 0.651156 0.660891 0.641203
