0 0.563544 0.033971 0.563544 0.445073 0.499668 0.445073 0.499668 0.273267 0.374557 0.273267 0.374557 0.155295 0.374177 0.155687 0.373088 0.155295 0.374177 0.155295 0.374177 0.033531
0 0.084625 0.444468 0.084625 0.351927 0.048739 0.351927 0.048739 0.443752 0.083828 0.443752 0.084625 0.444468
0 0.030708 0.848418 0.344351 0.848418 0.344351 0.977145 0.030661 0.977145 0.030708 0.848418 0.030708 0.848418
0 0.334893 0.679915 0.360299 0.679915 0.360299 0.680662 0.294930 0.680662 0.294930 0.712644 0.294550 0.712644 0.294550 0.679248 0.289800 0.679248 0.289800 0.704104 0.178287 0.704104 0.178287 0.712644 0.178216 0.712644 0.178331 0.700397 0.178331 0.614818 0.187263 0.598301 0.204870 0.565437 0.289760 0.565437 0.294170 0.554945 0.334893 0.554945
0 0.178287 0.712669 0.222229 0.712669 0.222229 0.825783 0.177876 0.825783 0.177876 0.821091 0.178216 0.712644
0 0.360299 0.825783 0.294930 0.825783 0.294930 0.680662 0.360299 0.680662
0 0.487116 0.825783 0.365048 0.825783 0.365048 0.679255 0.360299 0.679255 0.360299 0.679915 0.334893 0.679915 0.334893 0.554945 0.487116 0.554945
0 0.487116 0.554945 0.294170 0.554945 0.329865 0.473398 0.329865 0.295902 0.487116 0.295902
0 0.560640 0.655641 0.487116 0.655641 0.487116 0.467708 0.560640 0.467708
0 0.325116 0.470437 0.287449 0.556872 0.206058 0.556872 0.206058 0.295902 0.325116 0.295902
0 0.370147 0.273267 0.135861 0.273267 0.135861 0.155057 0.225432 0.155057 0.225432 0.273267 0.229842 0.273267 0.229842 0.155057 0.370147 0.155057
0 0.201308 0.559760 0.174993 0.608511 0.109447 0.608511 0.109447 0.465904 0.109108 0.295902 0.201308 0.295902
0 0.102662 0.617075 0.173582 0.617075 0.173582 0.685201 0.107218 0.685201 0.107218 0.821091 0.038386 0.821091 0.038386 0.616555
0 0.102662 0.609251 0.033925 0.608700 0.033891 0.465904 0.102662 0.465904
0 0.289800 0.825783 0.226979 0.825783 0.226979 0.712669 0.289800 0.712669
0 0.169385 0.821091 0.114943 0.821091 0.114943 0.700397 0.170064 0.700397
3 0.109108 0.295902 0.487116 0.295902 0.499668 0.273267 0.096508 0.273267
1 0.426011 0.295902 0.464203 0.295902 0.464203 0.273267 0.426011 0.273267
1 0.384470 0.295902 0.422466 0.295902 0.422466 0.273267 0.384470 0.273267
1 0.341749 0.295902 0.359271 0.295902 0.359271 0.273267 0.341749 0.273267
1 0.237214 0.295902 0.286038 0.295902 0.286038 0.273267 0.237214 0.273267
1 0.184254 0.295902 0.200596 0.295902 0.200596 0.273267 0.184254 0.273267
2 0.145275 0.295902 0.177364 0.295902 0.177364 0.273267 0.145275 0.273267
3 0.487116 0.295902 0.487116 0.467708 0.499668 0.445073 0.499668 0.273267
1 0.487116 0.316830 0.487116 0.387482 0.499668 0.387482 0.499668 0.316830
3 0.560640 0.467708 0.560640 0.655641 0.573192 0.678276 0.573192 0.445073
1 0.560640 0.564837 0.560640 0.633685 0.573192 0.633685 0.573192 0.564837
1 0.560640 0.487694 0.560640 0.557986 0.573192 0.557986 0.573192 0.487694
3 0.487116 0.655641 0.487116 0.825783 0.499668 0.848418 0.499668 0.678276
3 0.487116 0.825783 0.177876 0.825783 0.169385 0.848418 0.499668 0.848418
1 0.212595 0.825783 0.194486 0.825783 0.194486 0.848418 0.212595 0.848418
2 0.263570 0.825783 0.231375 0.825783 0.231375 0.848418 0.263570 0.848418
1 0.338862 0.825783 0.310857 0.825783 0.310857 0.848418 0.338862 0.848418
1 0.443163 0.825783 0.395038 0.825783 0.395038 0.848418 0.443163 0.848418
3 0.177876 0.821091 0.038386 0.821091 0.021339 0.848418 0.177876 0.848418
1 0.085537 0.821091 0.067968 0.821091 0.067968 0.848418 0.085537 0.848418
1 0.149644 0.821091 0.131261 0.821091 0.131261 0.848418 0.149644 0.848418
3 0.038386 0.821091 0.038386 0.616555 0.021339 0.608658 0.021339 0.848418
3 0.033891 0.608780 0.033891 0.465904 0.021339 0.443269 0.021339 0.608780
3 0.033891 0.465904 0.109447 0.465904 0.096848 0.443269 0.021339 0.443269
2 0.050188 0.465904 0.082867 0.465904 0.082867 0.443269 0.050188 0.443269
3 0.109447 0.465904 0.109108 0.295902 0.096508 0.273267 0.096848 0.443269
3 0.560640 0.655641 0.487116 0.655641 0.499668 0.678276 0.573192 0.678276
1 0.549116 0.655641 0.510537 0.655641 0.510537 0.678276 0.549116 0.678276
3 0.573192 0.445073 0.499668 0.445073 0.487116 0.467708 0.560640 0.467708
2 0.544920 0.445073 0.512936 0.445073 0.512936 0.467708 0.544920 0.467708
3 0.109447 0.465904 0.109447 0.608511 0.102662 0.617075 0.102662 0.465904
3 0.102662 0.609251 0.021339 0.608658 0.038386 0.616555 0.109447 0.617075
3 0.102662 0.617075 0.173582 0.617075 0.178331 0.608511 0.109447 0.608511
2 0.134914 0.617075 0.163347 0.617075 0.163347 0.608511 0.134914 0.608511
3 0.173582 0.617075 0.173582 0.685201 0.178331 0.700397 0.178331 0.608511
3 0.173582 0.685201 0.107218 0.685201 0.114943 0.700397 0.178331 0.700397
2 0.144383 0.685201 0.115812 0.685201 0.115812 0.700397 0.144383 0.700397
3 0.107218 0.685201 0.107218 0.821091 0.114943 0.821091 0.114943 0.700397
3 0.178331 0.700397 0.177876 0.825783 0.169385 0.848418 0.169925 0.700299
3 0.201308 0.295902 0.201308 0.565437 0.206058 0.556872 0.206058 0.295902
3 0.201308 0.565437 0.289760 0.565437 0.287449 0.556872 0.206058 0.556872
3 0.289760 0.565437 0.329865 0.473398 0.325116 0.470437 0.287449 0.556872
2 0.294309 0.554988 0.325153 0.484214 0.321418 0.478922 0.290577 0.549696
3 0.329865 0.473398 0.329865 0.295902 0.325116 0.295902 0.325116 0.470437
3 0.202804 0.556872 0.173636 0.611307 0.177052 0.617253 0.206220 0.562819
2 0.198408 0.565076 0.178453 0.602314 0.181869 0.608266 0.201824 0.571022
3 0.178287 0.712669 0.294550 0.712669 0.289800 0.704104 0.178287 0.704104
2 0.192501 0.712669 0.220971 0.712669 0.220971 0.704104 0.192501 0.704104
2 0.230873 0.712669 0.264292 0.712669 0.264292 0.704104 0.230873 0.704104
3 0.289800 0.712669 0.289800 0.825783 0.294550 0.825783 0.294550 0.704104
3 0.226979 0.712669 0.226979 0.825783 0.222229 0.825783 0.222229 0.712669
3 0.335724 0.601855 0.335724 0.556395 0.340473 0.564960 0.340473 0.601855
3 0.335724 0.556395 0.418459 0.556395 0.418459 0.564960 0.340473 0.564960
3 0.365048 0.825783 0.365048 0.679255 0.360299 0.679255 0.360299 0.825783
3 0.294550 0.712669 0.294550 0.679248 0.289800 0.679248 0.289800 0.704104
3 0.563544 0.445073 0.563544 0.033971 0.570668 0.026018 0.570668 0.445073
2 0.563544 0.439928 0.563544 0.036730 0.570668 0.036730 0.570668 0.439928
3 0.570668 0.026018 0.370147 0.026018 0.374557 0.033971 0.563544 0.033971
1 0.467433 0.026018 0.375249 0.026018 0.375249 0.033971 0.467433 0.033971
1 0.561763 0.026018 0.470655 0.026018 0.470655 0.033971 0.561763 0.033971
3 0.370147 0.026018 0.370147 0.153044 0.374557 0.153044 0.374557 0.033971
2 0.370147 0.035770 0.370147 0.145452 0.374557 0.145452 0.374557 0.035770
3 0.370147 0.147104 0.131451 0.147104 0.135861 0.155057 0.370147 0.155057
2 0.364628 0.147104 0.301816 0.147104 0.301816 0.155057 0.364628 0.155057
2 0.293858 0.147104 0.232183 0.147104 0.232183 0.155057 0.293858 0.155057
1 0.225021 0.147104 0.137187 0.147104 0.137187 0.155057 0.225021 0.155057
3 0.131451 0.147104 0.131451 0.273267 0.135861 0.273267 0.135861 0.155057
1 0.131451 0.157840 0.131451 0.263711 0.135861 0.263711 0.135861 0.157840
3 0.225432 0.153044 0.225432 0.273267 0.229842 0.273267 0.229842 0.153044
2 0.225432 0.158262 0.225432 0.264873 0.229842 0.264873 0.229842 0.158262
3 0.374557 0.153044 0.374557 0.273267 0.370147 0.273267 0.370147 0.153044
2 0.374557 0.156213 0.374557 0.265381 0.370147 0.265381 0.370147 0.156213
3 0.418619 0.606143 0.418490 0.572668 0.404740 0.572839 0.404872 0.606315
0 0.730402 0.277274 0.730402 0.160409 0.864170 0.160409 0.864170 0.278198 0.730076 0.278198 0.730402 0.277274
0 0.984676 0.558016 0.863495 0.558016 0.863430 0.558873 0.863566 0.336933 0.984676 0.336933
0 0.863495 0.568569 0.984676 0.568569 0.984676 0.787132 0.863430 0.787132 0.863430 0.558873 0.863495 0.558873
0 0.860173 0.320415 0.860031 0.676912 0.792847 0.676912 0.792847 0.659109 0.734792 0.659109 0.734792 0.299701 0.860173 0.299701
0 0.731399 0.659109 0.707649 0.659109 0.707649 0.787132 0.609508 0.787132 0.609508 0.803650 0.783687 0.803650 0.783687 0.825557 0.609471 0.825557 0.609810 0.611692 0.630738 0.611692 0.630738 0.594557 0.731399 0.594557
0 0.725632 0.320415 0.609922 0.320415 0.609922 0.336933 0.731399 0.336933 0.731399 0.588439 0.630738 0.588439 0.630738 0.570710 0.609810 0.570710 0.609956 0.299701 0.725632 0.299701
0 0.984676 0.825557 0.869197 0.825557 0.869197 0.803650 0.984676 0.803650
0 0.984676 0.320415 0.869333 0.320415 0.869333 0.299701 0.984676 0.299701
0 0.789454 0.787132 0.711041 0.787132 0.711041 0.665227 0.789454 0.665227
0 0.860031 0.803650 0.860038 0.825557 0.792847 0.825557 0.792847 0.685323 0.860031 0.685323
3 0.609956 0.299701 0.984676 0.299701 0.995532 0.277274 0.599121 0.277274
1 0.820221 0.299701 0.846661 0.299701 0.846661 0.277274 0.820221 0.277274
2 0.781051 0.299701 0.812781 0.299701 0.812781 0.277274 0.781051 0.277274
1 0.745213 0.299701 0.774785 0.299701 0.774785 0.277274 0.745213 0.277274
3 0.984676 0.299701 0.984676 0.825557 0.995532 0.847733 0.995532 0.277274
1 0.984676 0.582548 0.984676 0.672513 0.995532 0.672513 0.995532 0.582548
1 0.984676 0.450071 0.984676 0.539046 0.995532 0.539046 0.995532 0.450071
3 0.984676 0.825557 0.609471 0.825557 0.598595 0.847733 0.995532 0.847733
3 0.609471 0.825557 0.609956 0.299701 0.599121 0.277274 0.598595 0.847733
1 0.609719 0.557839 0.609814 0.452059 0.598958 0.452029 0.598863 0.557802
3 0.609922 0.336933 0.731399 0.336933 0.734792 0.320415 0.609922 0.320415
3 0.863566 0.336933 0.984676 0.336933 0.984676 0.320415 0.860177 0.320415
3 0.734792 0.336933 0.734792 0.299701 0.725632 0.299701 0.725632 0.336933
3 0.860173 0.336933 0.860173 0.299701 0.869333 0.299701 0.869333 0.320415
3 0.609508 0.787132 0.789454 0.787132 0.792847 0.803650 0.609508 0.803650
3 0.863430 0.787132 0.984676 0.787132 0.984676 0.803650 0.860031 0.803650
3 0.792847 0.787132 0.792847 0.825557 0.783687 0.825557 0.783687 0.803650
3 0.860038 0.787132 0.860038 0.825557 0.869197 0.825557 0.869197 0.803650
3 0.860177 0.320415 0.860031 0.803650 0.863430 0.787132 0.863566 0.336933
2 0.860136 0.462906 0.860119 0.515187 0.863512 0.515193 0.863529 0.462906
2 0.860092 0.610346 0.860075 0.663153 0.863467 0.663153 0.863484 0.610352
3 0.792847 0.803650 0.792847 0.659109 0.789454 0.665227 0.789454 0.787132
3 0.792847 0.659109 0.707649 0.659109 0.711041 0.665227 0.789454 0.665227
2 0.774650 0.659109 0.744976 0.659109 0.744976 0.665227 0.774650 0.665227
3 0.707649 0.659109 0.707649 0.787132 0.711041 0.787132 0.711041 0.665227
3 0.734792 0.320415 0.734792 0.665227 0.731399 0.665227 0.731399 0.336933
2 0.734792 0.602564 0.734792 0.653365 0.731399 0.653365 0.731399 0.602564
2 0.734792 0.528792 0.734792 0.578651 0.731399 0.578651 0.731399 0.528792
3 0.609668 0.611692 0.630738 0.611692 0.630738 0.570710 0.609668 0.570710
3 0.731399 0.594557 0.630738 0.594557 0.630738 0.588439 0.731399 0.588439
3 0.863495 0.568569 0.984676 0.568569 0.984676 0.558016 0.863495 0.558016
3 0.916145 0.608254 0.901653 0.608254 0.901653 0.572998 0.916145 0.572998
3 0.829641 0.685323 0.860068 0.685323 0.860068 0.676912 0.829641 0.676912
2 0.829909 0.685323 0.858708 0.685323 0.858708 0.676912 0.829909 0.676912
