0 0.617344 0.587639 0.972480 0.587595 0.972910 0.393819 0.781615 0.393819 0.781615 0.379798 0.689655 0.379798 0.689655 0.393819 0.617344 0.393819 0.617344 0.587639 0.617344 0.587639
0 0.850447 0.363122 0.987891 0.363122 0.987825 0.068544 0.850447 0.068544 0.850447 0.363122 0.850447 0.363122
0 0.515433 0.901819 0.410275 0.901819 0.410275 0.857566 0.381985 0.857566 0.381985 0.701891 0.515433 0.701891
0 0.606116 0.528453 0.527300 0.528453 0.527300 0.578955 0.381985 0.578955 0.381985 0.393819 0.606116 0.393819
0 0.824028 0.379798 0.203624 0.379798 0.204262 0.069421 0.824028 0.069421
0 0.369876 0.901819 0.203624 0.901819 0.203624 0.379798 0.369876 0.379798
0 0.972480 0.901819 0.525340 0.901819 0.525340 0.694004 0.381985 0.694004 0.381985 0.587718 0.972480 0.587718
3 0.204262 0.069421 0.824028 0.069421 0.850447 0.030863 0.185582 0.030863
3 0.850447 0.030863 0.850447 0.363122 0.824028 0.393819 0.824028 0.069421
2 0.850447 0.285210 0.850447 0.358144 0.824028 0.358144 0.824028 0.285210
1 0.850447 0.072794 0.850447 0.277376 0.824028 0.277376 0.824028 0.072794
3 0.850447 0.363122 1.000000 0.363122 0.972480 0.393819 0.824028 0.393819
3 1.000000 0.363122 1.000000 0.920221 0.972480 0.901819 0.972480 0.393819
1 1.000000 0.445371 1.000000 0.521925 0.972480 0.521925 0.972480 0.445371
1 1.000000 0.645887 1.000000 0.835562 0.972480 0.835562 0.972480 0.645887
3 1.000000 0.920221 0.184899 0.920221 0.203624 0.901819 0.972480 0.901819
2 0.363513 0.920221 0.263298 0.920221 0.263298 0.901819 0.363513 0.901819
3 0.184899 0.920221 0.185582 0.030863 0.204262 0.069421 0.203624 0.901819
3 0.369876 0.379798 0.369876 0.857566 0.381985 0.857566 0.381985 0.393819
2 0.369876 0.758947 0.369876 0.815670 0.381985 0.815670 0.381985 0.758947
2 0.369876 0.592905 0.369876 0.671518 0.381985 0.671518 0.381985 0.592905
2 0.369876 0.434935 0.369876 0.494357 0.381985 0.494357 0.381985 0.434935
3 0.369876 0.857566 0.369876 0.920221 0.410275 0.920221 0.410275 0.857566
3 0.369876 0.587718 0.615065 0.587718 0.615065 0.578955 0.369876 0.578955
3 0.617124 0.587718 0.617124 0.528453 0.527300 0.528453 0.527300 0.587718
3 0.617124 0.528453 0.617124 0.379798 0.606116 0.379798 0.606116 0.528453
3 0.850447 0.030863 0.999934 0.030863 0.999934 0.068544 0.850447 0.068544
3 0.369876 0.701891 0.515433 0.701891 0.525340 0.694004 0.369876 0.694004
3 0.515433 0.701891 0.515433 0.920221 0.525340 0.920221 0.525340 0.694004
3 0.369876 0.379798 0.689655 0.379798 0.689655 0.393819 0.381985 0.393819
3 0.781615 0.379798 0.824028 0.379798 0.824028 0.393819 0.781615 0.393819
