0 0.952442 0.822201 1.000000 0.822177 1.000000 0.718830 0.952442 0.718830 0.952442 0.822177 0.952442 0.822201
0 0.354874 0.850957 0.354874 1.000000 0.515971 1.000000 0.515971 0.850957 0.354874 0.850957 0.354874 0.850957
0 0.044747 0.850957 0.216404 0.850957 0.216404 1.000000 0.044747 1.000000 0.044747 0.850957 0.044747 0.850957
0 0.199891 0.167046 0.133327 0.167046 0.133327 0.095663 0.199891 0.095663 0.199891 0.167046 0.199891 0.167046
0 0.712442 0.481498 0.415794 0.481498 0.415768 0.195687 0.712442 0.195687
0 0.473845 0.492136 0.749172 0.492136 0.749172 0.492578 0.511329 0.492578 0.511329 0.492136 0.504622 0.492136 0.504622 0.689108 0.361581 0.689108 0.361581 0.492136 0.415768 0.492136 0.415794 0.481498 0.473845 0.481498
0 0.749172 0.643944 0.715908 0.643944 0.715908 0.822316 0.511329 0.822316 0.511329 0.492578 0.749172 0.492578
0 0.278118 0.492136 0.278118 0.575262 0.209527 0.575262 0.209527 0.492136
0 0.354874 0.575262 0.284824 0.575262 0.284824 0.492136 0.354874 0.492136
0 0.801642 0.167046 0.736549 0.167046 0.736549 0.092209 0.801642 0.092209 0.801642 0.167046 0.801642 0.167046
0 0.191472 0.841956 0.050421 0.841956 0.050421 0.400827 0.191472 0.400827
0 0.934386 0.481498 0.719148 0.481498 0.719148 0.195687 0.934386 0.195687
0 0.409062 0.195687 0.409062 0.481498 0.209527 0.481498 0.209527 0.195687
0 0.354874 0.822316 0.209527 0.822316 0.209527 0.585900 0.354874 0.585900
0 0.191472 0.391007 0.050421 0.391007 0.050421 0.176047 0.191472 0.176047
0 0.934386 0.718830 0.852300 0.718830 0.852300 0.492136 0.934386 0.492136
0 0.845594 0.822316 0.722615 0.822316 0.722615 0.654583 0.845594 0.654583
0 0.845594 0.643944 0.755878 0.643944 0.755878 0.492136 0.845594 0.492136
0 0.504622 0.822316 0.426179 0.822316 0.426179 0.699746 0.504622 0.699746
0 0.934386 0.822316 0.852300 0.822316 0.852300 0.729468 0.934386 0.729468
0 0.419472 0.822316 0.361581 0.822316 0.361581 0.699746 0.419472 0.699746
3 0.952442 0.850957 0.191472 0.850957 0.191472 0.822316 0.934386 0.822316
1 0.814982 0.850957 0.738132 0.850957 0.738132 0.822316 0.814982 0.822316
1 0.653101 0.850957 0.559888 0.850957 0.559888 0.822316 0.653101 0.822316
1 0.487588 0.850957 0.441206 0.850957 0.441206 0.822316 0.487588 0.822316
2 0.414375 0.850957 0.368452 0.850957 0.368452 0.822316 0.414375 0.822316
1 0.330711 0.850957 0.242043 0.850957 0.242043 0.822316 0.330711 0.822316
3 0.209527 0.850957 0.044747 0.850957 0.050421 0.841956 0.191472 0.841956
2 0.188382 0.850957 0.070159 0.850957 0.070159 0.841956 0.188382 0.841956
3 0.044747 0.850957 0.044747 0.167046 0.050421 0.176047 0.050421 0.841956
3 0.044747 0.167046 0.209527 0.167046 0.209527 0.176047 0.050421 0.176047
2 0.143851 0.167046 0.186844 0.167046 0.186844 0.176047 0.143851 0.176047
3 0.191472 0.176047 0.191472 0.841956 0.209527 0.850957 0.209527 0.167046
3 0.209527 0.167046 0.952442 0.167046 0.934386 0.195687 0.209527 0.195687
1 0.239556 0.167046 0.333765 0.167046 0.333765 0.195687 0.239556 0.195687
1 0.469357 0.167046 0.544737 0.167046 0.544737 0.195687 0.469357 0.195687
1 0.559093 0.167046 0.651909 0.167046 0.651909 0.195687 0.559093 0.195687
2 0.749167 0.167046 0.793666 0.167046 0.793666 0.195687 0.749167 0.195687
1 0.796209 0.167046 0.870805 0.167046 0.870805 0.195687 0.796209 0.195687
3 0.952442 0.167046 0.952442 0.850957 0.934386 0.822316 0.934386 0.195687
1 0.952442 0.555548 0.952442 0.639943 0.934386 0.639943 0.934386 0.555548
2 0.952442 0.735156 0.952442 0.806571 0.934386 0.806571 0.934386 0.735156
3 0.050421 0.391007 0.209527 0.391007 0.209527 0.400827 0.050421 0.400827
3 0.209527 0.492136 0.415768 0.492136 0.409062 0.481498 0.209527 0.481498
2 0.362871 0.492136 0.406467 0.492136 0.406467 0.481498 0.362871 0.481498
2 0.287630 0.492136 0.324505 0.492136 0.324505 0.481498 0.287630 0.481498
3 0.415768 0.492136 0.415768 0.195687 0.409062 0.195687 0.409062 0.481498
3 0.473845 0.492136 0.952442 0.492136 0.952442 0.481498 0.473845 0.481498
2 0.663640 0.492136 0.701185 0.492136 0.701185 0.481498 0.663640 0.481498
2 0.853095 0.492136 0.893606 0.492136 0.893606 0.481498 0.853095 0.481498
3 0.712442 0.481498 0.712442 0.167046 0.719148 0.167046 0.719148 0.481498
2 0.712442 0.395286 0.712442 0.288723 0.719148 0.288723 0.719148 0.395286
3 0.354874 0.481498 0.354874 0.850957 0.361581 0.850957 0.361581 0.481498
2 0.354874 0.590213 0.354874 0.655041 0.361581 0.655041 0.361581 0.590213
3 0.209527 0.575262 0.361581 0.575262 0.361581 0.585900 0.209527 0.585900
2 0.211993 0.575262 0.248393 0.575262 0.248393 0.585900 0.211993 0.585900
3 0.284824 0.492136 0.284824 0.575262 0.278118 0.575262 0.278118 0.492136
3 0.504622 0.492136 0.504622 0.822316 0.511329 0.822316 0.511329 0.492136
2 0.504622 0.625606 0.504622 0.683625 0.511329 0.683625 0.511329 0.625606
3 0.361581 0.689108 0.511329 0.689108 0.511329 0.699746 0.361581 0.699746
2 0.367998 0.689108 0.414040 0.689108 0.414040 0.699746 0.367998 0.699746
2 0.428670 0.689108 0.464823 0.689108 0.464823 0.699746 0.428670 0.699746
3 0.426179 0.699746 0.426179 0.822316 0.419472 0.822316 0.419472 0.699746
3 0.715908 0.822316 0.715908 0.643944 0.722615 0.654583 0.722615 0.822316
2 0.715908 0.716219 0.715908 0.658085 0.722615 0.658085 0.722615 0.716219
3 0.715908 0.643944 0.852300 0.643944 0.845594 0.654583 0.722615 0.654583
3 0.845594 0.654583 0.845594 0.822316 0.852300 0.822316 0.852300 0.643944
2 0.845594 0.658552 0.845594 0.716686 0.852300 0.716686 0.852300 0.658552
3 0.852300 0.654583 0.852300 0.492136 0.845594 0.492136 0.845594 0.654583
2 0.852300 0.545900 0.852300 0.496203 0.845594 0.496203 0.845594 0.545900
3 0.852300 0.718830 0.934386 0.718830 0.934386 0.729468 0.852300 0.729468
3 0.755878 0.643944 0.755878 0.492136 0.749172 0.492136 0.749172 0.643944
