0 0.559124 0.899710 0.336644 0.899710 0.336840 0.827398 0.559124 0.827398 0.559124 0.899710 0.559124 0.899710
0 0.411778 0.157917 0.411836 0.157917 0.411836 0.435083 0.317935 0.435083 0.317935 0.469719 0.251190 0.469719 0.251190 0.086589 0.411778 0.086589
0 0.559124 0.393550 0.526149 0.393550 0.526149 0.403054 0.526102 0.511890 0.484043 0.511890 0.484043 0.511211 0.442515 0.511211 0.442515 0.435083 0.411836 0.435083 0.411836 0.157917 0.559124 0.157917
0 0.857215 0.489175 0.823508 0.489175 0.823508 0.555731 0.639932 0.555731 0.639932 0.669569 0.486705 0.669569 0.486705 0.610834 0.484043 0.610834 0.484043 0.511890 0.526102 0.511890 0.526149 0.403054 0.857215 0.403054
0 0.442515 0.511211 0.484043 0.511211 0.484043 0.610834 0.479281 0.610834 0.479281 0.799564 0.315098 0.799564 0.315098 0.969131 0.056467 0.969131 0.056467 0.472108 0.251190 0.472108 0.251190 0.469719 0.317935 0.469719 0.317935 0.435083 0.442515 0.435083
0 0.243766 0.157917 0.243766 0.462604 0.056467 0.462604 0.056467 0.157917
0 0.910929 0.393550 0.741687 0.393550 0.741687 0.157917 0.910929 0.157917
0 0.734263 0.393550 0.566548 0.393550 0.566548 0.157917 0.734263 0.157917
0 0.764215 0.679073 0.764215 0.868557 0.580866 0.868557 0.580866 0.679073
0 0.978257 0.669569 0.892888 0.669569 0.892888 0.729818 0.830933 0.729818 0.830933 0.498679 0.978257 0.498679
0 0.978257 0.868557 0.878125 0.868557 0.878125 0.739322 0.900313 0.739322 0.900313 0.679073 0.978257 0.679073
0 0.823508 0.729818 0.771639 0.729818 0.771639 0.669569 0.739545 0.669569 0.739545 0.565235 0.823508 0.565235
0 0.870700 0.868557 0.776162 0.868557 0.776162 0.741074 0.870700 0.741074
0 0.978257 0.489175 0.864639 0.489175 0.864639 0.403054 0.978257 0.403054
0 0.573442 0.799564 0.486705 0.799564 0.486705 0.679073 0.573442 0.679073
0 0.732120 0.669569 0.647356 0.669569 0.647356 0.565235 0.732120 0.565235
3 0.056467 0.157917 0.251190 0.157917 0.229448 0.130084 0.034724 0.130084
1 0.098908 0.157917 0.132211 0.157917 0.132211 0.130084 0.098908 0.130084
1 0.133659 0.157917 0.195922 0.157917 0.195922 0.130084 0.133659 0.130084
3 0.251190 0.157917 0.251190 0.086589 0.229448 0.058756 0.229448 0.130084
1 0.251190 0.128529 0.251190 0.087166 0.229448 0.087166 0.229448 0.128529
3 0.251190 0.086589 0.411778 0.086589 0.434947 0.058756 0.229448 0.058756
1 0.251487 0.086589 0.283799 0.086589 0.283799 0.058756 0.251487 0.058756
1 0.292173 0.086589 0.328674 0.086589 0.328674 0.058756 0.292173 0.058756
1 0.335854 0.086589 0.370563 0.086589 0.370563 0.058756 0.335854 0.058756
1 0.380734 0.086589 0.410654 0.086589 0.410654 0.058756 0.380734 0.058756
3 0.411778 0.086589 0.411778 0.157917 0.434947 0.130084 0.434947 0.058756
1 0.411778 0.089461 0.411778 0.129296 0.434947 0.129296 0.434947 0.089461
3 0.411778 0.157917 0.910929 0.157917 0.932672 0.130084 0.434947 0.130084
1 0.462115 0.157917 0.512377 0.157917 0.512377 0.130084 0.462115 0.130084
1 0.620380 0.157917 0.685904 0.157917 0.685904 0.130084 0.620380 0.130084
1 0.686201 0.157917 0.721806 0.157917 0.721806 0.130084 0.686201 0.130084
1 0.754717 0.157917 0.787325 0.157917 0.787325 0.130084 0.754717 0.130084
1 0.787628 0.157917 0.857040 0.157917 0.857040 0.130084 0.787628 0.130084
3 0.910929 0.157917 0.910929 0.403054 0.932672 0.375221 0.932672 0.130084
3 0.910929 0.403054 0.978257 0.403054 1.000000 0.375221 0.932672 0.375221
3 0.978257 0.403054 0.978257 0.868557 1.000000 0.899710 1.000000 0.375221
1 0.978257 0.563612 0.978257 0.627955 1.000000 0.627955 1.000000 0.563612
1 0.978257 0.691150 0.978257 0.755493 1.000000 0.755493 1.000000 0.691150
3 0.978257 0.868557 0.580866 0.868557 0.559124 0.899710 1.000000 0.899710
1 0.913284 0.868557 0.879774 0.868557 0.879774 0.899710 0.913284 0.899710
1 0.827417 0.868557 0.793912 0.868557 0.793912 0.899710 0.827417 0.899710
1 0.660773 0.868557 0.627263 0.868557 0.627263 0.899710 0.660773 0.899710
1 0.712234 0.868557 0.662268 0.868557 0.662268 0.899710 0.712234 0.899710
3 0.580866 0.868557 0.580866 0.799564 0.559124 0.827398 0.559124 0.899710
3 0.580866 0.799564 0.315098 0.799564 0.336840 0.827398 0.559124 0.827398
2 0.538887 0.799564 0.493249 0.799564 0.493249 0.827398 0.538887 0.827398
1 0.401739 0.799564 0.352028 0.799564 0.352028 0.827398 0.401739 0.827398
3 0.315098 0.799564 0.315098 0.969131 0.336840 0.999999 0.336840 0.827398
3 0.315098 0.969131 0.056467 0.969131 0.034724 0.999999 0.336840 0.999999
1 0.170589 0.969131 0.106873 0.969131 0.106873 0.999999 0.170589 0.999999
1 0.238373 0.969131 0.171719 0.969131 0.171719 0.999999 0.238373 0.999999
1 0.300058 0.969131 0.239502 0.969131 0.239502 0.999999 0.300058 0.999999
3 0.056467 0.969131 0.056467 0.157917 0.034724 0.130084 0.034724 0.999999
1 0.056467 0.597657 0.056467 0.530877 0.034724 0.530877 0.034724 0.597657
3 0.251190 0.157917 0.251190 0.472108 0.243766 0.462604 0.243766 0.157917
2 0.251190 0.347931 0.251190 0.397447 0.243766 0.397447 0.243766 0.347931
3 0.251190 0.472108 0.034724 0.472108 0.034724 0.462604 0.243766 0.462604
3 0.910929 0.403054 0.526149 0.403054 0.526149 0.393550 0.910929 0.393550
2 0.783841 0.403054 0.745988 0.403054 0.745988 0.393550 0.783841 0.393550
2 0.731346 0.403054 0.694082 0.403054 0.694082 0.393550 0.731346 0.393550
3 0.559124 0.130084 0.559124 0.403054 0.566548 0.403054 0.566548 0.130084
3 0.734263 0.130084 0.734263 0.403054 0.741687 0.403054 0.741687 0.130084
3 0.479281 0.610834 0.479281 0.827398 0.486705 0.827398 0.486705 0.610834
3 0.764215 0.896391 0.764215 0.729818 0.776162 0.741074 0.776162 0.896391
3 0.764215 0.729818 0.878125 0.729818 0.870700 0.741074 0.776162 0.741074
3 0.878125 0.729818 0.878125 0.896391 0.870700 0.896391 0.870700 0.741074
2 0.878125 0.749274 0.878125 0.794127 0.870700 0.794127 0.870700 0.749274
3 0.823508 0.739322 0.823508 0.489175 0.830933 0.498679 0.830933 0.739322
2 0.823508 0.550951 0.823508 0.503451 0.830933 0.503451 0.830933 0.550951
3 0.830933 0.498679 1.000000 0.498679 1.000000 0.489175 0.823508 0.489175
2 0.904794 0.498679 0.935599 0.498679 0.935599 0.489175 0.904794 0.489175
3 0.857215 0.393550 0.857215 0.498679 0.864639 0.498679 0.864639 0.393550
3 0.870700 0.729818 0.892888 0.729818 0.900313 0.739322 0.870700 0.739322
3 0.900313 0.739322 0.900313 0.679073 0.892888 0.669569 0.892888 0.729818
3 0.892888 0.669569 1.000000 0.669569 1.000000 0.679073 0.900313 0.679073
2 0.904624 0.669569 0.942350 0.669569 0.942350 0.679073 0.904624 0.679073
3 0.479281 0.679073 0.764215 0.679073 0.771639 0.669569 0.479281 0.669569
2 0.491748 0.679073 0.539704 0.679073 0.539704 0.669569 0.491748 0.669569
2 0.585735 0.679073 0.625290 0.679073 0.625290 0.669569 0.585735 0.669569
3 0.764215 0.679073 0.764215 0.729818 0.771639 0.729818 0.771639 0.669569
3 0.580866 0.799564 0.580866 0.669569 0.573442 0.669569 0.573442 0.799564
3 0.639932 0.679073 0.639932 0.555731 0.647356 0.565235 0.647356 0.679073
2 0.639932 0.614805 0.639932 0.569097 0.647356 0.569097 0.647356 0.614805
3 0.647356 0.565235 0.830933 0.565235 0.830933 0.555731 0.639932 0.555731
2 0.782457 0.565235 0.819213 0.565235 0.819213 0.555731 0.782457 0.555731
3 0.732120 0.555731 0.732120 0.679073 0.739545 0.679073 0.739545 0.555731
3 0.322877 0.472108 0.322877 0.440161 0.315453 0.430657 0.315453 0.472108
3 0.322877 0.440161 0.415665 0.440161 0.445527 0.430657 0.315453 0.430657
3 0.415665 0.440161 0.415665 0.502331 0.445527 0.492827 0.445527 0.430657
3 0.415665 0.502331 0.438166 0.502331 0.445590 0.492827 0.445527 0.492827
3 0.438166 0.502331 0.438166 0.516207 0.445590 0.506703 0.445590 0.492827
3 0.438166 0.516207 0.531139 0.516207 0.523715 0.506703 0.445590 0.506703
3 0.531139 0.516207 0.531139 0.473826 0.523715 0.464322 0.523715 0.506703
3 0.531139 0.473826 0.584700 0.473826 0.592125 0.464322 0.523715 0.464322
3 0.584700 0.473826 0.584700 0.516207 0.592125 0.516207 0.592125 0.464322
