0 0.298555 0.257120 0.298555 0.266655 0.376209 0.266655 0.376209 0.532235 0.376700 0.531814 0.376700 0.843326 0.087640 0.843326 0.087640 0.257120
0 0.673074 0.843326 0.376700 0.843326 0.376700 0.531814 0.673074 0.530562
0 0.833492 0.674370 0.680815 0.674370 0.680815 0.522401 0.423687 0.522401 0.423687 0.530562 0.673074 0.530562 0.376209 0.532235 0.376209 0.266655 0.833492 0.266655
0 0.376209 0.257120 0.087640 0.257120 0.087640 0.053970 0.376209 0.053970
0 0.633105 0.165066 0.646962 0.165066 0.646962 0.250156 0.391691 0.250156 0.391691 0.053970 0.633105 0.053970
0 0.829016 0.250156 0.657618 0.250156 0.657618 0.062770 0.829016 0.062770
0 0.833492 0.843326 0.680815 0.843326 0.680815 0.685699 0.833492 0.685699
3 0.833492 0.843326 0.087640 0.843326 0.051516 0.881410 0.865746 0.881410
1 0.589975 0.843326 0.424048 0.843326 0.424048 0.881410 0.589975 0.881410
2 0.815740 0.843326 0.703251 0.843326 0.703251 0.881410 0.815740 0.881410
3 0.051516 0.881410 0.051516 0.028209 0.087640 0.053970 0.087640 0.843326
1 0.051516 0.492247 0.051516 0.316939 0.087640 0.316939 0.087640 0.492247
1 0.051516 0.662944 0.051516 0.501143 0.087640 0.501143 0.087640 0.662944
1 0.051516 0.701858 0.051516 0.662482 0.087640 0.662482 0.087640 0.701858
3 0.051516 0.028209 0.633105 0.028209 0.633105 0.053970 0.087640 0.053970
3 0.633105 0.028209 0.865746 0.028209 0.829016 0.062770 0.633105 0.062770
3 0.865746 0.266655 0.376209 0.266655 0.376209 0.250156 0.865746 0.250156
2 0.623932 0.266655 0.530693 0.266655 0.530693 0.250156 0.623932 0.250156
3 0.391691 0.266655 0.298555 0.266655 0.298555 0.257120 0.376209 0.257120
3 0.865746 0.028209 0.865746 0.265295 0.829016 0.265295 0.829016 0.062770
3 0.865746 0.265295 0.865746 0.881410 0.833492 0.843326 0.833492 0.265295
3 0.376209 0.257120 0.376209 0.028209 0.391691 0.028209 0.391691 0.266655
3 0.423687 0.522401 0.680815 0.522401 0.673074 0.530562 0.423687 0.530562
3 0.680815 0.522401 0.680815 0.881410 0.673074 0.881410 0.673074 0.530562
3 0.673074 0.674370 0.865746 0.674370 0.865746 0.685699 0.673074 0.685699
2 0.715004 0.674370 0.819946 0.674370 0.819946 0.685699 0.715004 0.685699
3 0.646962 0.165066 0.646962 0.266655 0.657618 0.266655 0.657618 0.165066
2 0.646962 0.169731 0.646962 0.238378 0.657618 0.238378 0.657618 0.169731
3 0.657618 0.165066 0.657618 0.028209 0.633105 0.028209 0.633105 0.165066
