0 0.439222 0.751310 0.376361 0.751310 0.376361 0.671208 0.439222 0.671208
0 0.260516 0.690448 0.260516 0.831317 0.209687 0.831317 0.209687 0.690448
0 0.206648 0.823193 0.203886 0.823193 0.203886 0.833529 0.154769 0.833529 0.154769 0.691923 0.187599 0.691923 0.187599 0.688974 0.206648 0.688974
0 0.260516 0.680865 0.154769 0.680865 0.154769 0.497062 0.209983 0.497062 0.209983 0.544279 0.213298 0.544279 0.213298 0.497062 0.260516 0.497062
0 0.260516 0.486005 0.154769 0.486005 0.154769 0.277462 0.260516 0.277462
0 0.518107 0.751310 0.442814 0.751310 0.442814 0.493797 0.484788 0.493797 0.484788 0.448769 0.518107 0.448769
0 0.438393 0.661624 0.376361 0.661624 0.376361 0.616029 0.373104 0.616029 0.373104 0.377373 0.438393 0.377373
0 0.401795 0.377373 0.373104 0.377373 0.373104 0.502761 0.264119 0.502024 0.264144 0.277462 0.264144 0.121156 0.401795 0.121156
0 0.373104 0.502761 0.373104 0.616029 0.372770 0.616029 0.372770 0.837952 0.264108 0.837952 0.264119 0.502024
0 0.442814 0.482002 0.442814 0.377373 0.481473 0.377373 0.481473 0.482002
0 0.518107 0.369264 0.405111 0.369264 0.405111 0.121156 0.518107 0.121156
0 0.518107 0.436974 0.484788 0.436974 0.484788 0.377373 0.518107 0.377373
0 0.117522 0.299017 0.144823 0.298966 0.144823 0.552771 0.122304 0.552771 0.122304 0.628259 0.144823 0.628259 0.144823 0.848154 0.089643 0.848154 0.089712 0.642708 0.086527 0.642708 0.086527 0.482599 0.089162 0.482599 0.089626 0.482923 0.089626 0.175988 0.117522 0.175819
0 0.144823 0.628259 0.122304 0.628259 0.122304 0.552771 0.144823 0.552771
0 0.254198 0.250923 0.144823 0.250923 0.144823 0.094780 0.254198 0.094618
0 0.521793 0.921969 0.444430 0.921969 0.444496 0.850130 0.440352 0.850130 0.440286 0.933027 0.441305 0.933027 0.441305 0.999926 0.380044 0.999926 0.380044 0.863075 0.382439 0.863016 0.382439 0.777112 0.392996 0.777112 0.392996 0.807314 0.394656 0.813883 0.397278 0.821313 0.399955 0.825597 0.403381 0.829025 0.406486 0.830167 0.410340 0.829312 0.413338 0.826739 0.415800 0.823024 0.417728 0.818453 0.419546 0.813168 0.421099 0.805751 0.421099 0.777112 0.521793 0.777112
0 0.421099 0.805751 0.419546 0.813168 0.417728 0.818453 0.415800 0.823024 0.413338 0.826739 0.410340 0.829312 0.406486 0.830167 0.403381 0.829025 0.399955 0.825597 0.397278 0.821313 0.394656 0.813883 0.392996 0.807314 0.392996 0.777112 0.421099 0.777112
3 0.154769 0.833529 0.203886 0.833529 0.209687 0.863016 0.144823 0.863016
1 0.180062 0.833529 0.194111 0.833529 0.194111 0.863016 0.180062 0.863016
3 0.203886 0.863016 0.264108 0.863016 0.264108 0.831317 0.203886 0.831317
1 0.213646 0.863016 0.227880 0.863016 0.227880 0.831317 0.213646 0.831317
3 0.372770 0.837952 0.372770 0.751310 0.382439 0.777112 0.382439 0.863016
3 0.372770 0.751310 0.518107 0.751310 0.528053 0.777112 0.382439 0.777112
2 0.394035 0.751310 0.420176 0.751310 0.420176 0.777112 0.394035 0.777112
1 0.458918 0.751310 0.499428 0.751310 0.499428 0.777112 0.458918 0.777112
3 0.518107 0.751310 0.518107 0.121156 0.528053 0.094618 0.528053 0.777112
3 0.518107 0.121156 0.264144 0.121156 0.254198 0.094618 0.528053 0.094618
1 0.501285 0.121156 0.452475 0.121156 0.452475 0.094618 0.501285 0.094618
1 0.306436 0.121156 0.278413 0.121156 0.278413 0.094618 0.306436 0.094618
1 0.340117 0.121156 0.309724 0.121156 0.309724 0.094618 0.340117 0.094618
3 0.264144 0.121156 0.264144 0.277462 0.254198 0.250923 0.254198 0.094618
2 0.264144 0.130880 0.264144 0.198288 0.254198 0.198288 0.254198 0.130880
1 0.264144 0.208115 0.264144 0.248137 0.254198 0.248137 0.254198 0.208115
3 0.264144 0.277462 0.154769 0.277462 0.144823 0.250923 0.254198 0.250923
1 0.230129 0.277462 0.189342 0.277462 0.189342 0.250923 0.230129 0.250923
3 0.154769 0.277462 0.154769 0.833529 0.144823 0.863016 0.144823 0.250923
2 0.154769 0.555425 0.154769 0.624994 0.144823 0.624994 0.144823 0.555425
3 0.264144 0.277462 0.264108 0.831317 0.260516 0.831317 0.260552 0.277462
2 0.264138 0.377424 0.264133 0.438471 0.260541 0.438471 0.260547 0.377424
2 0.264125 0.573088 0.264119 0.633663 0.260527 0.633655 0.260533 0.573088
3 0.264108 0.863016 0.382439 0.863016 0.372770 0.837952 0.264108 0.837952
1 0.323797 0.863016 0.371521 0.863016 0.371521 0.837952 0.323797 0.837952
3 0.203886 0.833529 0.203886 0.823193 0.209687 0.823193 0.209687 0.863016
3 0.209687 0.823193 0.209687 0.690448 0.206648 0.680865 0.206648 0.823193
2 0.209687 0.820082 0.209687 0.759515 0.206648 0.759515 0.206648 0.820082
3 0.206648 0.680865 0.187599 0.680865 0.187599 0.688974 0.206648 0.688974
3 0.187599 0.680865 0.154769 0.680865 0.154769 0.691923 0.187599 0.691923
3 0.206648 0.680865 0.260525 0.680865 0.260525 0.690448 0.209687 0.690448
2 0.214204 0.680865 0.237276 0.680865 0.237276 0.690448 0.214204 0.690448
3 0.260539 0.486005 0.154769 0.486005 0.154769 0.497062 0.260539 0.497062
3 0.213298 0.497062 0.213298 0.544279 0.209983 0.544279 0.209983 0.497062
3 0.264127 0.514364 0.373811 0.514364 0.373811 0.502569 0.264127 0.502569
3 0.372770 0.751310 0.372770 0.616029 0.376361 0.616029 0.376361 0.751310
3 0.376361 0.661624 0.438393 0.661624 0.442814 0.671208 0.376361 0.671208
2 0.394678 0.661624 0.420239 0.661624 0.420239 0.671208 0.394678 0.671208
3 0.442814 0.661624 0.442814 0.751310 0.439222 0.751310 0.439222 0.671208
3 0.442814 0.671208 0.442814 0.369264 0.438393 0.377373 0.438393 0.661624
2 0.442814 0.648429 0.442814 0.586535 0.438393 0.586535 0.438393 0.648429
2 0.442814 0.451932 0.442814 0.384929 0.438393 0.384929 0.438393 0.451932
3 0.438393 0.369264 0.518107 0.369264 0.518107 0.377373 0.442814 0.377373
2 0.485012 0.369264 0.518005 0.369264 0.518005 0.377373 0.485012 0.377373
3 0.484788 0.377373 0.484788 0.493797 0.481473 0.482002 0.481473 0.377373
3 0.484788 0.493797 0.442814 0.493797 0.442814 0.482002 0.481473 0.482002
3 0.484788 0.436974 0.518107 0.436974 0.518107 0.448769 0.484788 0.448769
3 0.442814 0.369264 0.405111 0.369264 0.401795 0.377373 0.438393 0.377373
2 0.429923 0.369264 0.406840 0.369264 0.406840 0.377373 0.429923 0.377373
3 0.401795 0.377373 0.401795 0.121156 0.405111 0.121156 0.405111 0.369264
0 0.990607 0.840842 0.625357 0.840842 0.625357 0.116343 0.990607 0.116343
0 0.615964 0.312154 0.592381 0.312154 0.592384 0.426772 0.587963 0.426772 0.587960 0.178768 0.563355 0.178768 0.563355 0.301126 0.561935 0.301022 0.561935 0.650146 0.615964 0.650146 0.615964 0.312154
3 0.625357 0.840842 0.990607 0.840842 1.000000 0.865906 0.615964 0.865906
3 0.990607 0.840842 0.990607 0.116343 1.000000 0.091278 1.000000 0.865906
1 0.990607 0.508931 0.990607 0.445142 1.000000 0.445142 1.000000 0.508931
3 0.990607 0.116343 0.625357 0.116343 0.615964 0.091278 1.000000 0.091278
3 0.625357 0.116343 0.625357 0.840842 0.615964 0.865906 0.615964 0.091278
2 0.625357 0.446447 0.625357 0.515735 0.615964 0.515735 0.615964 0.446447
