0 0.881390 0.199945 0.968538 0.199945 0.968831 0.621694 0.881390 0.621694 0.881390 0.199945 0.881390 0.199945
0 0.285913 0.645263 0.182281 0.645855 0.108750 0.645855 0.109021 0.645789 0.107830 0.202996 0.285913 0.202996
0 0.659924 0.645868 0.329343 0.645868 0.182281 0.645855 0.285913 0.645263 0.285913 0.202996 0.659924 0.202996
0 0.108750 0.645855 0.108750 0.665584 0.322470 0.665584 0.322470 0.973695 0.109438 0.973695 0.109021 0.645789
0 0.863607 0.645868 0.670903 0.645868 0.670903 0.202996 0.863607 0.202996
0 0.432109 0.880273 0.432264 0.880273 0.432264 0.973695 0.329428 0.973695 0.329428 0.665584 0.433655 0.665584
3 0.084882 0.154332 0.881390 0.154332 0.863607 0.202996 0.107830 0.202996
1 0.195658 0.154332 0.276441 0.154332 0.276441 0.202996 0.195658 0.202996
1 0.346114 0.154332 0.449111 0.154332 0.449111 0.202996 0.346114 0.202996
1 0.508694 0.154332 0.612697 0.154332 0.612697 0.202996 0.508694 0.202996
3 0.881390 0.154332 0.881390 0.672173 0.863607 0.645868 0.863607 0.202996
2 0.881390 0.489432 0.881390 0.571714 0.863607 0.571714 0.863607 0.489432
1 0.881390 0.266812 0.881390 0.489537 0.863607 0.489537 0.863607 0.266812
1 0.086583 0.969157 0.086374 0.870211 0.109222 0.870079 0.109423 0.969026
3 0.670903 0.154332 0.670903 0.672173 0.659924 0.672173 0.659924 0.154332
2 0.670903 0.341111 0.670903 0.528232 0.659924 0.528232 0.659924 0.341111
3 0.433586 0.665597 0.432264 0.857913 0.445408 0.857611 0.446861 0.645868
2 0.433207 0.720469 0.432673 0.797833 0.445818 0.798096 0.446351 0.720732
3 0.446861 0.645868 0.108750 0.645855 0.108750 0.665584 0.433586 0.665597
2 0.413622 0.645868 0.357449 0.645868 0.357449 0.665597 0.413622 0.665597
2 0.285116 0.645868 0.232686 0.645868 0.232678 0.665597 0.285116 0.665597
1 0.226408 0.645868 0.110900 0.645855 0.110900 0.665584 0.226408 0.665597
3 0.329428 0.973695 0.329428 0.789218 0.322470 0.789218 0.322470 0.973695
3 0.329428 0.789218 0.329428 0.645868 0.322470 0.645868 0.322470 0.789218
2 0.329428 0.782891 0.329428 0.690653 0.322470 0.690653 0.322470 0.782891
3 0.331114 0.645868 0.308753 0.645868 0.308753 0.626587 0.331114 0.626587
3 0.881390 0.672173 0.569112 0.672173 0.569112 0.645868 0.863607 0.645868
3 0.556068 0.672173 0.446684 0.672173 0.446684 0.645868 0.569112 0.645868
3 0.569112 0.645868 0.569112 0.875919 0.556068 0.850942 0.556068 0.672173
3 0.445408 0.857611 0.445408 0.879852 0.432264 0.879852 0.432264 0.857913
3 0.569112 0.875919 0.432264 0.880273 0.431985 0.854901 0.556068 0.850942
3 0.881390 0.199945 0.935275 0.199945 0.935275 0.154516 0.881390 0.154516
3 0.881390 0.621694 0.935592 0.621694 0.935592 0.671884 0.881390 0.671884
