0 0.657818 0.742202 0.498939 0.742202 0.498939 0.569633 0.657818 0.569633
0 0.985017 0.894535 0.808990 0.894535 0.808990 0.750264 0.985017 0.750264
0 0.682790 0.558754 0.498939 0.558754 0.498939 0.343310 0.682790 0.343310
0 0.071320 0.343310 0.483123 0.343310 0.483123 0.742202 0.389037 0.742202 0.389037 0.737850 0.091314 0.737850 0.091314 0.573713 0.071320 0.573583 0.071320 0.343310 0.071320 0.343310
0 0.985017 0.341134 0.985017 0.737209 0.799001 0.737209 0.799001 0.754170 0.698606 0.754170 0.698606 0.341134
0 0.799001 0.894535 0.389037 0.894535 0.389037 0.754170 0.799001 0.754170
0 0.698606 0.162484 0.985017 0.162484 0.985017 0.316111 0.698606 0.316111 0.698606 0.162484 0.698606 0.162484
3 0.055454 0.153029 0.055454 0.573866 0.071270 0.573866 0.071270 0.153029
3 0.055454 0.573866 0.055454 0.758521 0.091247 0.737850 0.091247 0.573866
3 0.091247 0.737850 0.255862 0.737850 0.255862 0.758521 0.055454 0.758521
3 0.255862 0.737850 0.389037 0.737850 0.374054 0.790071 0.255862 0.790071
3 0.389037 0.737850 0.389037 0.894535 0.374054 0.914118 0.374054 0.790071
3 0.389037 0.894535 0.985017 0.894535 1.000000 0.914118 0.374054 0.914118
2 0.509577 0.894535 0.575286 0.894535 0.575286 0.914118 0.509577 0.914118
3 0.698606 0.316111 0.071270 0.316111 0.071270 0.343310 0.683623 0.343310
1 0.216115 0.316111 0.108078 0.316111 0.108078 0.343310 0.216115 0.343310
1 0.429958 0.316111 0.320448 0.316111 0.320448 0.343310 0.429958 0.343310
1 0.643801 0.316111 0.535398 0.316111 0.535398 0.343310 0.643801 0.343310
3 1.000000 0.316111 0.682790 0.316111 0.698606 0.341134 0.985017 0.341134
2 0.767736 0.316111 0.703159 0.316111 0.703159 0.341134 0.767736 0.341134
1 0.979365 0.316111 0.772548 0.316111 0.772548 0.341134 0.979365 0.341134
3 0.698606 0.341134 0.698606 0.569633 0.682790 0.558754 0.682790 0.316111
2 0.698606 0.393496 0.698606 0.471371 0.682790 0.471371 0.682790 0.393496
3 0.374054 0.742202 0.657818 0.742202 0.698606 0.754170 0.374054 0.754170
2 0.419620 0.742202 0.478986 0.742202 0.478986 0.754170 0.419620 0.754170
2 0.566871 0.742202 0.617048 0.742202 0.617048 0.754170 0.566871 0.754170
3 0.657818 0.742202 0.657818 0.558754 0.698606 0.558754 0.698606 0.754170
3 1.000000 0.737209 0.799001 0.737209 0.808990 0.750264 1.000000 0.750264
3 0.799001 0.737209 0.799001 0.914118 0.808990 0.914118 0.808990 0.750264
2 0.799001 0.779508 0.799001 0.843620 0.808990 0.843620 0.808990 0.779508
3 0.498939 0.316111 0.498939 0.754170 0.483123 0.754170 0.483123 0.316111
2 0.498939 0.393290 0.498939 0.471578 0.483123 0.471578 0.483123 0.393290
3 0.483123 0.558754 0.682790 0.558754 0.698606 0.569633 0.483123 0.569633
3 0.985017 0.894535 0.985017 0.341134 1.000000 0.316111 1.000000 0.914118
3 0.985017 0.316111 0.985017 0.153780 1.000000 0.153780 1.000000 0.316111
3 0.698606 0.153780 0.698606 0.343310 0.683623 0.316111 0.683623 0.153780
3 0.698606 0.316111 0.698606 0.343310 0.683623 0.343310 0.683623 0.343310
