0 0.840671 0.717442 0.952630 0.717442 0.952630 0.189306 0.840671 0.189306 0.840671 0.717442 0.840671 0.717442
0 0.489743 0.575398 0.495687 0.575407 0.495687 0.639171 0.390849 0.639171 0.390849 0.508493 0.489743 0.508493
0 0.596930 0.760175 0.501174 0.760175 0.501174 0.651360 0.501236 0.651360 0.501236 0.575407 0.501180 0.575398 0.501180 0.505003 0.596930 0.505003
0 0.548963 0.180634 0.549795 0.180634 0.549795 0.395481 0.511458 0.395481 0.511458 0.393333 0.310155 0.393333 0.310155 0.392366 0.269907 0.392366 0.269907 0.102560 0.548963 0.102560
0 0.820325 0.495686 0.511458 0.495686 0.511458 0.395481 0.549795 0.395481 0.549795 0.180634 0.820325 0.180634
0 0.511458 0.495686 0.501180 0.495660 0.381533 0.495660 0.381533 0.639171 0.381484 0.639171 0.381484 0.760175 0.381453 0.760175 0.381453 0.899884 0.269962 0.899884 0.269962 0.588679 0.313756 0.588679 0.313756 0.574906 0.269907 0.574906 0.269907 0.400421 0.310155 0.400421 0.310155 0.393333 0.511458 0.393333
0 0.264111 0.486728 0.069664 0.486728 0.069664 0.102560 0.264111 0.102560
0 0.820325 0.760175 0.603657 0.760175 0.603657 0.505003 0.820325 0.505003
0 0.264111 0.582826 0.069664 0.582826 0.069664 0.495570 0.264111 0.495570
0 0.480335 0.760175 0.388222 0.760175 0.388222 0.651360 0.480335 0.651360
3 0.069664 0.102560 0.548963 0.102560 0.569926 0.067657 0.050551 0.067657
1 0.399955 0.102560 0.492857 0.102560 0.492857 0.067657 0.399955 0.067657
1 0.492376 0.102560 0.511631 0.102560 0.511631 0.067657 0.492376 0.067657
3 0.548963 0.102560 0.548963 0.180634 0.569926 0.146930 0.569926 0.067657
1 0.548963 0.107696 0.548963 0.144729 0.569926 0.144729 0.569926 0.107696
3 0.548963 0.180634 0.820325 0.180634 0.840671 0.146930 0.569926 0.146930
1 0.783104 0.180634 0.807655 0.180634 0.807655 0.146930 0.783104 0.146930
3 0.820325 0.180634 0.820325 0.760175 0.840671 0.779864 0.840671 0.146930
2 0.820325 0.366968 0.820325 0.442518 0.840671 0.442518 0.840671 0.366968
1 0.820325 0.198523 0.820325 0.357124 0.840671 0.357124 0.840671 0.198523
1 0.820325 0.552756 0.820325 0.584893 0.840671 0.584893 0.840671 0.552756
1 0.820325 0.583497 0.820325 0.692491 0.840671 0.692491 0.840671 0.583497
3 0.820325 0.760175 0.381453 0.760175 0.393784 0.779864 0.840671 0.779864
3 0.381453 0.760175 0.381453 0.899884 0.393784 0.916028 0.393784 0.779864
3 0.381453 0.899884 0.269962 0.899884 0.258975 0.916028 0.393784 0.916028
2 0.378247 0.899884 0.320396 0.899884 0.320396 0.916028 0.378247 0.916028
3 0.269962 0.899884 0.269962 0.582826 0.258975 0.599830 0.258975 0.916028
3 0.269962 0.582826 0.069664 0.582826 0.057949 0.599830 0.258975 0.599830
3 0.069664 0.582826 0.069664 0.368266 0.057949 0.368266 0.057949 0.599830
3 0.069664 0.368266 0.069664 0.102560 0.050551 0.067657 0.050551 0.368266
1 0.069664 0.266995 0.069664 0.238348 0.050551 0.238348 0.050551 0.266995
1 0.069664 0.239046 0.069664 0.132146 0.050551 0.132146 0.050551 0.239046
3 0.269907 0.067657 0.269907 0.599830 0.264111 0.599830 0.264111 0.067657
2 0.269907 0.404135 0.269907 0.477940 0.264111 0.477940 0.264111 0.404135
3 0.057949 0.495570 0.269907 0.495570 0.269907 0.486728 0.057949 0.486728
2 0.150777 0.495570 0.195643 0.495570 0.195643 0.486728 0.150777 0.486728
3 0.388222 0.779864 0.388222 0.651360 0.381484 0.639171 0.381484 0.779864
2 0.388222 0.727063 0.388222 0.653929 0.381484 0.653929 0.381484 0.727063
3 0.388222 0.651360 0.480335 0.651360 0.501174 0.639171 0.381484 0.639171
3 0.480335 0.651360 0.480335 0.779864 0.501174 0.779864 0.501174 0.639171
3 0.390849 0.651360 0.390849 0.508493 0.381533 0.495660 0.381533 0.651360
3 0.390849 0.508493 0.489743 0.508493 0.501180 0.495660 0.381533 0.495660
3 0.489743 0.508493 0.489743 0.575398 0.501180 0.575398 0.501180 0.495660
3 0.501236 0.651360 0.501236 0.575407 0.495687 0.575407 0.495687 0.651360
2 0.501236 0.635117 0.501236 0.580007 0.495687 0.580007 0.495687 0.635117
3 0.489743 0.505003 0.840671 0.505003 0.840671 0.495686 0.489743 0.495686
2 0.503610 0.505003 0.553525 0.505003 0.553525 0.495686 0.503610 0.495686
2 0.652081 0.505003 0.703704 0.505003 0.703704 0.495686 0.652081 0.495686
3 0.596930 0.495686 0.596930 0.779864 0.603657 0.779864 0.603657 0.495686
3 0.264111 0.400421 0.310155 0.400421 0.310155 0.392366 0.264111 0.392366
3 0.389055 0.400421 0.509738 0.400421 0.504189 0.392366 0.389055 0.392366
3 0.509738 0.400421 0.509738 0.340353 0.504189 0.340353 0.504189 0.392366
3 0.267477 0.588679 0.313756 0.588679 0.313756 0.574906 0.267477 0.574906
