0 0.681929 0.890778 0.624206 0.890778 0.624206 0.847408 0.681929 0.847408
0 0.368077 0.890778 0.269451 0.890778 0.269451 0.847887 0.368077 0.847887
0 0.526850 0.989111 0.419429 0.989111 0.419429 0.939030 0.526850 0.939030
0 0.814563 0.889070 0.790510 0.889070 0.790510 0.893737 0.814563 0.893737 0.814563 0.929949 0.690138 0.929949 0.690138 0.879031 0.814563 0.879031
0 0.814563 0.989111 0.690138 0.989111 0.690138 0.934616 0.814563 0.934616
0 0.615997 0.890778 0.470080 0.890778 0.470080 0.847408 0.615997 0.847408
0 0.411219 0.989111 0.269451 0.989111 0.269451 0.897312 0.411219 0.897312
0 0.117064 0.989559 0.116785 0.738127 0.250296 0.738127 0.250296 0.990160 0.117064 0.989559
0 0.681929 0.989111 0.590138 0.989111 0.590138 0.961333 0.594325 0.961333 0.594325 0.934364 0.419429 0.934364 0.419429 0.897312 0.681929 0.897312
0 0.586115 0.961333 0.590138 0.961333 0.590138 0.989111 0.536186 0.989111 0.536186 0.939030 0.586115 0.939030
0 0.269467 0.749015 0.301850 0.749015 0.301850 0.738127 0.463354 0.738127 0.463354 0.842741 0.463097 0.842741 0.463097 0.890778 0.374097 0.890778 0.374097 0.844465 0.269451 0.844465 0.269451 0.738127 0.269467 0.738127
0 0.814563 0.824806 0.463354 0.824806 0.463354 0.738127 0.814563 0.738127
0 0.814563 0.874365 0.690138 0.874365 0.690138 0.842741 0.463354 0.842741 0.463354 0.824806 0.814563 0.824806
3 0.250296 0.727238 0.833718 0.727238 0.814563 0.738127 0.250296 0.738127
1 0.833718 0.767946 0.833718 0.800904 0.814563 0.800904 0.814563 0.767946
1 0.833718 0.829152 0.833718 0.860017 0.814563 0.860017 0.814563 0.829152
2 0.250296 0.771539 0.250296 0.790190 0.269451 0.790190 0.269451 0.771539
1 0.250296 0.908200 0.250296 0.955519 0.269451 0.955519 0.269451 0.908200
1 0.250296 0.808321 0.250296 0.857537 0.269451 0.857537 0.269451 0.808321
3 0.269451 0.727238 0.116484 0.727238 0.116484 0.738127 0.250296 0.738127
3 0.269467 0.738127 0.301850 0.738127 0.301850 0.749015 0.269467 0.749015
3 0.250296 0.890778 0.681929 0.890778 0.690138 0.897312 0.250296 0.897312
2 0.424086 0.890778 0.459736 0.890778 0.459736 0.897312 0.424086 0.897312
2 0.547477 0.890778 0.583072 0.890778 0.583072 0.897312 0.547477 0.897312
2 0.628010 0.890778 0.657191 0.890778 0.657191 0.897312 0.628010 0.897312
2 0.690138 0.899119 0.690138 0.916040 0.681929 0.916040 0.681929 0.899119
3 0.411219 0.890778 0.411219 0.989111 0.419429 0.989111 0.419429 0.890778
2 0.411219 0.910956 0.411219 0.933860 0.419429 0.933860 0.419429 0.910956
3 0.411219 0.934364 0.594325 0.934364 0.586115 0.939030 0.411219 0.939030
2 0.453399 0.934364 0.486301 0.934364 0.486301 0.939030 0.453399 0.939030
2 0.555648 0.934364 0.583072 0.934364 0.583072 0.939030 0.555648 0.939030
3 0.594325 0.934364 0.594325 0.961333 0.586115 0.961333 0.586115 0.939030
3 0.681929 0.934616 0.833718 0.934616 0.833718 0.929949 0.681929 0.929949
2 0.693859 0.934616 0.719472 0.934616 0.719472 0.929949 0.693859 0.929949
3 0.690138 0.897312 0.690138 0.842741 0.681929 0.847408 0.681929 0.890778
3 0.690138 0.842741 0.463097 0.842741 0.470080 0.847408 0.681929 0.847408
3 0.463097 0.842741 0.463097 0.897312 0.470080 0.897312 0.470080 0.847408
3 0.615997 0.842741 0.615997 0.897312 0.624206 0.897312 0.624206 0.842741
3 0.681929 0.874365 0.833718 0.874365 0.833718 0.879031 0.681929 0.879031
2 0.704936 0.874365 0.742322 0.874365 0.742322 0.879031 0.704936 0.879031
3 0.790510 0.889070 0.814563 0.889070 0.814563 0.893737 0.790510 0.893737
3 0.368077 0.862596 0.368077 0.901396 0.374097 0.901396 0.374097 0.862596
2 0.368077 0.864335 0.368077 0.885816 0.374097 0.885816 0.374097 0.864335
0 0.791829 0.476191 0.640007 0.476191 0.640007 0.544139 0.492721 0.544139 0.494549 0.543324 0.494549 0.534977 0.487380 0.534977 0.487380 0.480789 0.494549 0.480789 0.494549 0.469493 0.477873 0.469493 0.477873 0.392878 0.791829 0.392878
0 0.564104 0.384958 0.495496 0.384958 0.495496 0.336326 0.564104 0.336326
0 0.793969 0.258809 0.669741 0.258809 0.669741 0.219990 0.793969 0.219990
0 0.461192 0.336326 0.488928 0.336326 0.488928 0.384958 0.343761 0.384958 0.343761 0.287237 0.461192 0.287237
0 0.636827 0.567472 0.642316 0.567472 0.642316 0.650259 0.489821 0.650259 0.489821 0.550613 0.636827 0.550613
0 0.793969 0.384958 0.669741 0.384958 0.669741 0.262542 0.793969 0.262542
0 0.939717 0.563228 0.648320 0.563228 0.648320 0.482081 0.939717 0.482081
0 0.939717 0.650259 0.648320 0.650259 0.648320 0.567472 0.939717 0.567472
0 0.101822 0.127626 0.226571 0.127626 0.226352 0.279164 0.101822 0.279164 0.101822 0.127626 0.101822 0.127626
0 0.308171 0.287237 0.337194 0.287237 0.337194 0.384958 0.107366 0.384958 0.107366 0.287875 0.241676 0.287875 0.241676 0.284484 0.308171 0.284484
0 0.531250 0.287035 0.566304 0.287035 0.566304 0.283302 0.537817 0.283302 0.537817 0.219990 0.663173 0.219990 0.663173 0.384958 0.574212 0.384958 0.574212 0.332593 0.467759 0.332593 0.467759 0.284590 0.530922 0.284590 0.530922 0.217989 0.531250 0.217989
0 0.793969 0.216256 0.632771 0.216256 0.632771 0.127626 0.793969 0.127626
0 0.632771 0.216256 0.533297 0.216256 0.533297 0.127626 0.632771 0.127626
0 0.533297 0.216256 0.531250 0.216256 0.531250 0.217989 0.530922 0.217989 0.530922 0.284590 0.467759 0.284590 0.467759 0.283504 0.308171 0.283504 0.308171 0.284484 0.241676 0.284484 0.241676 0.142765 0.284271 0.142765 0.284271 0.127732 0.241676 0.127732 0.241676 0.127626 0.533297 0.127626
3 0.095135 0.119538 0.808198 0.119538 0.793969 0.127626 0.095135 0.127626
2 0.118372 0.119538 0.144746 0.119538 0.144746 0.127626 0.118372 0.127626
1 0.343651 0.119538 0.411854 0.119538 0.411854 0.127626 0.343651 0.127626
1 0.562730 0.119538 0.624267 0.119538 0.624267 0.127626 0.562730 0.127626
3 0.808198 0.119538 0.808198 0.393046 0.793969 0.384958 0.793969 0.127626
1 0.808198 0.148302 0.808198 0.193449 0.793969 0.193449 0.793969 0.148302
1 0.808198 0.291151 0.808198 0.332344 0.793969 0.332344 0.793969 0.291151
3 0.808198 0.393046 0.092042 0.393046 0.107366 0.384958 0.793969 0.384958
2 0.554750 0.393046 0.506650 0.393046 0.506650 0.384958 0.554750 0.384958
1 0.648867 0.393046 0.595589 0.393046 0.595589 0.384958 0.648867 0.384958
1 0.452249 0.393046 0.363852 0.393046 0.363852 0.384958 0.452249 0.384958
1 0.221618 0.393046 0.159047 0.393046 0.159047 0.384958 0.221618 0.384958
3 0.092042 0.393046 0.092042 0.279164 0.107366 0.287875 0.107366 0.384958
1 0.092042 0.348605 0.092042 0.304258 0.107366 0.304258 0.107366 0.348605
3 0.092042 0.279164 0.226352 0.279164 0.241676 0.287875 0.107366 0.287875
3 0.226352 0.279164 0.226352 0.119538 0.241676 0.119538 0.241676 0.287875
2 0.226352 0.273810 0.226352 0.254544 0.241676 0.254544 0.241676 0.273810
1 0.226352 0.250434 0.226352 0.157057 0.241676 0.157057 0.241676 0.250434
3 0.478327 0.534977 0.478327 0.550613 0.494746 0.550613 0.494746 0.534977
3 0.478327 0.550613 0.478327 0.656792 0.489821 0.650259 0.489821 0.550613
1 0.478327 0.561819 0.478327 0.576354 0.489821 0.576354 0.489821 0.561819
3 0.478327 0.656792 0.951209 0.656792 0.939717 0.650259 0.489821 0.650259
1 0.544264 0.656792 0.587276 0.656792 0.587276 0.650259 0.544264 0.650259
1 0.596908 0.656792 0.640565 0.656792 0.640565 0.650259 0.596908 0.650259
1 0.660464 0.656792 0.698982 0.656792 0.698982 0.650259 0.660464 0.650259
1 0.711821 0.656792 0.757405 0.656792 0.757405 0.650259 0.711821 0.650259
1 0.769598 0.656792 0.815822 0.656792 0.815822 0.650259 0.769598 0.650259
1 0.828661 0.656792 0.874885 0.656792 0.874885 0.650259 0.828661 0.650259
3 0.951209 0.656792 0.951209 0.475547 0.939717 0.482081 0.939717 0.650259
2 0.951209 0.633251 0.951209 0.577782 0.939717 0.577782 0.939717 0.633251
2 0.951209 0.551942 0.951209 0.498902 0.939717 0.498902 0.939717 0.551942
3 0.951209 0.475547 0.636827 0.475547 0.648320 0.482081 0.939717 0.482081
1 0.881688 0.475547 0.852485 0.475547 0.852485 0.482081 0.881688 0.482081
3 0.636827 0.567472 0.951209 0.567472 0.951209 0.563228 0.648320 0.563228
3 0.478327 0.550613 0.648320 0.550613 0.648320 0.544080 0.478327 0.544080
2 0.595726 0.550613 0.633735 0.550613 0.633735 0.544080 0.595726 0.544080
3 0.636827 0.475547 0.636827 0.567472 0.648320 0.567472 0.648320 0.482081
3 0.642316 0.567472 0.642316 0.656792 0.648320 0.656792 0.648320 0.567472
2 0.642316 0.568866 0.642316 0.588910 0.648320 0.588910 0.648320 0.568866
3 0.807629 0.392723 0.807629 0.482081 0.791008 0.482081 0.791008 0.392723
2 0.807629 0.404146 0.807629 0.462338 0.791008 0.462338 0.791008 0.404146
3 0.307109 0.287237 0.461192 0.287237 0.467759 0.283504 0.307109 0.283504
3 0.461192 0.287237 0.461192 0.336326 0.467759 0.332593 0.467759 0.283504
2 0.461192 0.304090 0.461192 0.325005 0.467759 0.325005 0.467759 0.304090
3 0.461192 0.336326 0.564104 0.336326 0.574212 0.332593 0.467759 0.332593
2 0.507295 0.336326 0.550668 0.336326 0.550668 0.332593 0.507295 0.332593
3 0.564104 0.336326 0.564104 0.393046 0.574212 0.393046 0.574212 0.332593
3 0.488928 0.332593 0.488928 0.393046 0.495496 0.393046 0.495496 0.332593
3 0.337194 0.283504 0.337194 0.393046 0.343761 0.393046 0.343761 0.283504
3 0.808198 0.219990 0.537817 0.219990 0.531250 0.216256 0.808198 0.216256
2 0.634583 0.219990 0.595096 0.219990 0.595096 0.216256 0.634583 0.216256
3 0.537817 0.219990 0.537817 0.283302 0.531250 0.287035 0.531250 0.216256
3 0.537817 0.283302 0.571322 0.283302 0.571322 0.287035 0.531250 0.287035
3 0.663173 0.216256 0.663173 0.393046 0.669741 0.393046 0.669741 0.216256
2 0.663173 0.278458 0.663173 0.301974 0.669741 0.301974 0.669741 0.278458
2 0.663173 0.239424 0.663173 0.256734 0.669741 0.256734 0.669741 0.239424
3 0.663173 0.262542 0.808198 0.262542 0.808198 0.258809 0.663173 0.258809
3 0.241676 0.142765 0.284271 0.142765 0.284271 0.127732 0.241676 0.127732
3 0.478754 0.393046 0.478754 0.411373 0.497296 0.411373 0.497296 0.393046
3 0.478327 0.469179 0.478327 0.480789 0.494746 0.480789 0.494746 0.469179
