0 0.881622 0.717282 0.790702 0.717282 0.790702 0.649245 0.881622 0.649245
0 0.783523 0.872008 0.679215 0.872008 0.679215 0.787859 0.783523 0.787859
0 0.984058 0.714482 0.889464 0.714482 0.889464 0.645391 0.925093 0.614198 0.984058 0.614198
0 0.994616 0.887683 0.994616 0.992973 0.903600 0.992973 0.903600 0.887683
0 0.636456 0.668456 0.488670 0.668456 0.488670 0.614014 0.636456 0.614014
0 0.984058 0.606630 0.924298 0.606630 0.881622 0.643840 0.790702 0.643840 0.790702 0.552869 0.984058 0.552869
0 0.984058 0.872008 0.790702 0.872008 0.790702 0.722687 0.889405 0.722590 0.984058 0.722590
0 0.673831 0.872008 0.488879 0.872008 0.488281 0.679288 0.488670 0.679288 0.488670 0.673321 0.673831 0.673321
0 0.895823 0.992973 0.481737 0.992973 0.481737 0.887683 0.895823 0.887683
0 0.762108 0.364316 0.749815 0.376154 0.711530 0.412834 0.473470 0.412834 0.473470 0.514016 0.355349 0.514016 0.355349 0.308091 0.697227 0.308091
0 0.679418 0.607527 0.488670 0.607527 0.488670 0.514232 0.488425 0.514232 0.488425 0.427969 0.679418 0.427969
0 0.984058 0.547464 0.787752 0.547464 0.787752 0.376154 0.984058 0.376154
0 0.787752 0.547464 0.783523 0.547464 0.783523 0.782994 0.679215 0.782994 0.679215 0.668456 0.641839 0.668456 0.641839 0.614014 0.679502 0.614014 0.679502 0.607527 0.679418 0.607527 0.679418 0.427969 0.718756 0.427969 0.772809 0.376154 0.787752 0.376154
0 0.473715 0.607527 0.473470 0.607527 0.473470 0.614014 0.473715 0.614014 0.473715 0.665996 0.364322 0.665996 0.364322 0.527529 0.473715 0.527529
3 0.487677 0.427969 0.718756 0.427969 0.711530 0.412834 0.487677 0.412834
1 0.563062 0.427969 0.623965 0.427969 0.623965 0.412834 0.563062 0.412834
1 0.630862 0.427969 0.693775 0.427969 0.693775 0.412834 0.630862 0.412834
3 0.718756 0.427969 0.772809 0.376154 0.765577 0.361019 0.711530 0.412834
2 0.733316 0.414007 0.765852 0.382824 0.753661 0.372441 0.721131 0.403629
3 0.772809 0.376154 0.984058 0.376154 1.000000 0.361019 0.765577 0.361019
1 0.820851 0.376154 0.893538 0.376154 0.893538 0.361019 0.820851 0.361019
3 0.984058 0.376154 0.984058 0.887683 1.000000 0.887683 1.000000 0.361019
3 1.000000 0.887683 0.473960 0.887683 0.488879 0.872008 0.984058 0.872008
2 0.767731 0.887683 0.711374 0.887683 0.711374 0.872008 0.767731 0.872008
1 0.887963 0.887683 0.797629 0.887683 0.797629 0.872008 0.887963 0.872008
1 0.645201 0.887683 0.552989 0.887683 0.552989 0.872008 0.645201 0.872008
3 0.473470 0.614014 0.679502 0.614014 0.679502 0.607527 0.473470 0.607527
3 0.473470 0.412834 0.473470 0.514016 0.488425 0.527529 0.488425 0.412834
3 0.473470 0.514016 0.349367 0.514016 0.364322 0.527529 0.488425 0.527529
3 0.349367 0.514016 0.349367 0.679510 0.364322 0.665996 0.364322 0.527529
2 0.349367 0.571604 0.349367 0.621435 0.364322 0.621435 0.364322 0.571604
3 0.349367 0.679510 0.473470 0.679510 0.488395 0.665996 0.364322 0.665996
3 0.473470 0.679510 0.473960 0.887683 0.488879 0.872008 0.488395 0.665996
3 0.473715 0.679288 0.473715 0.514232 0.488670 0.514232 0.488670 0.679288
3 0.480307 0.673321 0.673831 0.673321 0.679215 0.668456 0.480307 0.668456
2 0.543411 0.673321 0.585674 0.673321 0.585674 0.668456 0.543411 0.668456
3 0.641839 0.668456 0.641839 0.607527 0.636456 0.607527 0.636456 0.668456
3 0.790702 0.887683 0.790702 0.552869 0.783523 0.547464 0.783523 0.887683
2 0.790702 0.640532 0.790702 0.597695 0.783523 0.597695 0.783523 0.640532
2 0.790702 0.695855 0.790702 0.651413 0.783523 0.651413 0.783523 0.695855
2 0.790702 0.769513 0.790702 0.725865 0.783523 0.725865 0.783523 0.769513
3 0.790702 0.552869 0.998122 0.552869 0.998122 0.547464 0.783523 0.547464
3 0.783523 0.649245 0.881622 0.649245 0.889464 0.643840 0.783523 0.643840
3 0.881622 0.649245 0.881622 0.722590 0.889464 0.714482 0.889464 0.643840
3 0.881622 0.722590 0.998122 0.722590 0.998122 0.714482 0.889464 0.714482
3 0.783523 0.722806 0.889405 0.722590 0.889393 0.717184 0.783511 0.717401
3 0.881622 0.643840 0.924298 0.606630 0.925093 0.614198 0.886192 0.648116
2 0.886126 0.639916 0.919889 0.610473 0.924459 0.614754 0.890691 0.644191
3 0.924298 0.606630 0.998122 0.606630 0.998122 0.614198 0.925093 0.614198
3 0.679215 0.668456 0.679215 0.887683 0.673831 0.887683 0.673831 0.673321
2 0.679215 0.676029 0.679215 0.720217 0.673831 0.720217 0.673831 0.676029
3 0.673831 0.787859 0.790702 0.787859 0.790702 0.782994 0.673831 0.782994
2 0.724558 0.787859 0.779527 0.787859 0.779527 0.782994 0.724558 0.782994
3 1.000000 0.887683 1.000000 1.000000 0.994616 0.991892 0.994616 0.887683
3 1.000000 1.000000 0.896326 1.000000 0.905299 0.991892 0.994616 0.991892
1 0.972339 1.000000 0.936357 1.000000 0.936357 0.991892 0.972339 0.991892
3 0.896326 1.000000 0.896326 0.872008 0.905299 0.872008 0.905299 0.991892
2 0.896326 0.960671 0.896326 0.916007 0.905299 0.916007 0.905299 0.960671
