0 0.712190 0.195645 0.873309 0.195645 0.873309 0.286174 0.712190 0.286174 0.712190 0.195645 0.712190 0.195645
0 0.994926 0.696929 0.994926 0.808130 0.858035 0.808255 0.858035 0.697277 0.994926 0.696929 0.994926 0.696929
0 0.917479 0.682338 0.855170 0.682338 0.855170 0.624508 0.917479 0.624508
0 0.992106 0.682338 0.925372 0.682338 0.925372 0.624508 0.992106 0.624508
0 0.994926 0.928727 0.864800 0.928727 0.864800 0.815377 0.994926 0.815377
0 0.992106 0.618276 0.855170 0.618276 0.855170 0.470299 0.992106 0.470299
0 0.847841 0.682338 0.712100 0.682338 0.712100 0.473860 0.746160 0.473860 0.746160 0.464958 0.847841 0.464958
0 0.992106 0.464958 0.855170 0.464958 0.855170 0.457836 0.712100 0.457836 0.712100 0.301308 0.992106 0.301308
3 0.687291 0.286174 1.000000 0.286174 0.992106 0.301308 0.712100 0.301308
2 0.824166 0.286174 0.869283 0.286174 0.869283 0.301308 0.824166 0.301308
1 0.746510 0.286174 0.813622 0.286174 0.813622 0.301308 0.746510 0.301308
1 0.878981 0.286174 0.962607 0.286174 0.962607 0.301308 0.878981 0.301308
3 0.992106 0.301308 0.992106 0.682338 1.000000 0.696929 1.000000 0.286174
3 1.000000 0.696929 0.687291 0.696929 0.712100 0.682338 0.992106 0.682338
2 0.914597 0.696929 0.863453 0.696929 0.863453 0.682338 0.914597 0.682338
1 0.823675 0.696929 0.740105 0.696929 0.740105 0.682338 0.823675 0.682338
1 0.973884 0.696929 0.927081 0.696929 0.927081 0.682338 0.973884 0.682338
3 0.687291 0.696929 0.687291 0.286174 0.712100 0.301308 0.712100 0.682338
1 0.687291 0.451128 0.687291 0.423935 0.712100 0.423935 0.712100 0.451128
3 0.708841 0.684257 0.707025 0.813098 0.701956 0.813053 0.703766 0.684212
3 1.000000 0.684212 1.000000 0.934069 0.994926 0.928727 0.994926 0.684212
3 1.000000 0.934069 0.858035 0.934069 0.864800 0.928727 0.994926 0.928727
3 0.858035 0.934069 0.858035 0.808255 0.864800 0.815377 0.864800 0.928727
2 0.858035 0.872254 0.858035 0.836035 0.864800 0.836035 0.864800 0.872254
3 0.858035 0.808255 1.000000 0.808255 1.000000 0.815377 0.864800 0.815377
3 0.712100 0.464958 0.847841 0.464958 0.855170 0.457836 0.712100 0.457836
2 0.750011 0.464958 0.798246 0.464958 0.798246 0.457836 0.750011 0.457836
3 0.847841 0.464958 0.847841 0.616242 0.855170 0.616242 0.855170 0.457836
2 0.847841 0.579408 0.847841 0.616220 0.855170 0.616220 0.855170 0.579408
3 0.847841 0.616242 0.847841 0.696929 0.855170 0.696929 0.855170 0.616242
3 0.847841 0.624508 1.000000 0.624508 1.000000 0.618276 0.847841 0.618276
2 0.861288 0.624508 0.907037 0.624508 0.907037 0.618276 0.861288 0.618276
3 0.917479 0.618276 0.917479 0.696929 0.925372 0.696929 0.925372 0.618276
2 0.917479 0.646479 0.917479 0.678114 0.925372 0.678114 0.925372 0.646479
3 0.712100 0.464958 0.746160 0.464958 0.746160 0.473860 0.712100 0.473860
3 1.000000 0.470299 0.906343 0.470299 0.906343 0.464513 1.000000 0.464513
0 0.504105 0.677331 0.452295 0.677331 0.452295 0.620457 0.504105 0.620457
0 0.314620 0.359624 0.219548 0.359624 0.219548 0.304050 0.314620 0.304050
0 0.314620 0.430505 0.225186 0.430505 0.225186 0.367636 0.314620 0.367636
0 0.314620 0.468350 0.346442 0.468350 0.346442 0.541221 0.225186 0.541221 0.225186 0.474572 0.240827 0.474572 0.240827 0.439408 0.266357 0.439408 0.266357 0.434957 0.314620 0.434957
0 0.386090 0.289361 0.226359 0.289361 0.226359 0.200475 0.386090 0.200475
0 0.504105 0.614274 0.452295 0.614274 0.452295 0.541221 0.352644 0.541221 0.352644 0.468350 0.504105 0.468350
0 0.504105 0.463453 0.320822 0.463453 0.320822 0.304050 0.504105 0.304050
0 0.446657 0.677331 0.219548 0.677331 0.219548 0.547007 0.446657 0.547007
3 0.203761 0.289361 0.509743 0.289361 0.504105 0.304050 0.219548 0.304050
2 0.336694 0.289361 0.380875 0.289361 0.380875 0.304050 0.336694 0.304050
1 0.262579 0.289361 0.295715 0.289361 0.295715 0.304050 0.262579 0.304050
1 0.392879 0.289361 0.472006 0.289361 0.472006 0.304050 0.392879 0.304050
3 0.504105 0.304050 0.504105 0.677331 0.509743 0.689794 0.509743 0.289361
3 0.504105 0.677331 0.219548 0.677331 0.203761 0.689794 0.509743 0.689794
1 0.308970 0.677331 0.259749 0.677331 0.259749 0.689794 0.308970 0.689794
1 0.425829 0.677331 0.342963 0.677331 0.342963 0.689794 0.425829 0.689794
3 0.203761 0.689794 0.203761 0.289361 0.219548 0.304050 0.219548 0.677331
3 0.452295 0.689794 0.452295 0.541221 0.446657 0.547007 0.446657 0.689794
2 0.452295 0.648785 0.452295 0.622322 0.446657 0.622322 0.446657 0.648785
3 0.446657 0.547007 0.203761 0.547007 0.203761 0.541221 0.452295 0.541221
2 0.406411 0.547007 0.362071 0.547007 0.362071 0.541221 0.406411 0.541221
3 0.352644 0.541221 0.352644 0.468350 0.346442 0.463453 0.346442 0.541221
2 0.352644 0.509368 0.352644 0.473780 0.346442 0.473780 0.346442 0.509368
3 0.346442 0.463453 0.320822 0.463453 0.314620 0.468350 0.346442 0.468350
3 0.320822 0.463453 0.320822 0.289361 0.314620 0.289361 0.314620 0.468350
2 0.320822 0.335289 0.320822 0.305684 0.314620 0.305684 0.314620 0.335289
3 0.219548 0.359624 0.314936 0.359624 0.314936 0.367636 0.225186 0.367636
3 0.219548 0.359624 0.219548 0.474572 0.225186 0.474572 0.225186 0.367636
3 0.219548 0.434957 0.320822 0.434957 0.320822 0.430505 0.219548 0.430505
2 0.268228 0.434957 0.307696 0.434957 0.307696 0.430505 0.268228 0.430505
3 0.266357 0.434957 0.240827 0.434957 0.240827 0.439408 0.266357 0.439408
3 0.240827 0.434957 0.225186 0.434957 0.219548 0.474572 0.240827 0.474572
3 0.219548 0.474572 0.219548 0.542160 0.225186 0.542160 0.225186 0.474572
3 0.352644 0.468350 0.509743 0.468350 0.509743 0.463453 0.346442 0.463453
2 0.358373 0.468350 0.402983 0.468350 0.402983 0.463453 0.358373 0.463453
3 0.452295 0.620457 0.509743 0.620457 0.509743 0.614274 0.452295 0.614274
