0 0.269930 0.344947 0.500634 0.344947 0.500634 0.251529 0.269930 0.251529 0.269930 0.344947 0.269930 0.344947
0 0.314807 0.787176 0.121889 0.787176 0.121889 0.794844 0.149406 0.794844 0.149406 0.857915 0.067492 0.857915 0.067492 0.723232 0.224133 0.723232 0.224133 0.715564 0.174686 0.715564 0.174686 0.647768 0.253876 0.647768 0.253876 0.586431 0.314807 0.586431
0 0.291261 0.857915 0.149406 0.857915 0.149406 0.794844 0.291261 0.794844
0 0.493972 0.586431 0.253876 0.586431 0.253876 0.369130 0.493972 0.369130
0 0.174729 0.641280 0.174686 0.641280 0.174686 0.555890 0.163983 0.555890 0.163983 0.621415 0.160772 0.621415 0.160772 0.707896 0.071773 0.707896 0.071773 0.621415 0.066422 0.621415 0.066422 0.555890 0.174729 0.555890
0 0.247989 0.641280 0.174729 0.641280 0.174729 0.555890 0.247989 0.555890
0 0.113262 0.878559 0.339247 0.878559 0.339247 1.000000 0.113262 1.000000 0.113262 0.878559 0.113262 0.878559
0 0.493972 0.801143 0.320693 0.801143 0.320693 0.594099 0.493972 0.594099
0 0.247989 0.431576 0.121188 0.431576 0.121188 0.292481 0.247989 0.292481
0 0.247989 0.548812 0.121188 0.548812 0.121188 0.438064 0.247989 0.438064
3 0.312131 0.878559 0.046621 0.878559 0.067492 0.857915 0.291261 0.857915
1 0.101596 0.878559 0.078452 0.878559 0.078452 0.857915 0.101596 0.857915
2 0.289200 0.878559 0.236409 0.878559 0.236409 0.857915 0.289200 0.857915
1 0.235510 0.878559 0.224175 0.878559 0.224175 0.857915 0.235510 0.857915
3 0.067492 0.857915 0.067492 0.723232 0.046621 0.707896 0.046621 0.878559
1 0.067492 0.764255 0.067492 0.741405 0.046621 0.741405 0.046621 0.764255
3 0.046621 0.723232 0.046621 0.621415 0.071773 0.621415 0.071773 0.723232
1 0.046621 0.660479 0.046621 0.636880 0.071773 0.636880 0.071773 0.660479
3 0.046621 0.621415 0.046621 0.532296 0.066422 0.555890 0.066422 0.621415
3 0.046621 0.532296 0.100317 0.532296 0.121188 0.555890 0.066422 0.555890
3 0.100317 0.532296 0.100317 0.268298 0.121188 0.292481 0.121188 0.555890
3 0.121188 0.292481 0.247989 0.292481 0.269930 0.268298 0.100317 0.268298
1 0.147854 0.292481 0.171817 0.292481 0.171817 0.268298 0.147854 0.268298
1 0.194834 0.292481 0.221634 0.292481 0.221634 0.268298 0.194834 0.268298
3 0.247989 0.292481 0.247989 0.369130 0.269930 0.344947 0.269930 0.268298
1 0.247989 0.305847 0.247989 0.327382 0.269930 0.327382 0.269930 0.305847
3 0.247989 0.369130 0.493972 0.369130 0.512166 0.344947 0.269930 0.344947
2 0.272857 0.369130 0.316632 0.369130 0.316632 0.344947 0.272857 0.344947
1 0.322882 0.369130 0.442743 0.369130 0.442743 0.344947 0.322882 0.344947
3 0.493972 0.369130 0.493972 0.801143 0.512166 0.821198 0.512166 0.344947
3 0.512166 0.821198 0.312131 0.821198 0.291261 0.801143 0.493972 0.801143
1 0.413235 0.821198 0.347638 0.821198 0.347638 0.801143 0.413235 0.801143
1 0.442919 0.821198 0.426426 0.821198 0.426426 0.801143 0.442919 0.801143
3 0.312131 0.821198 0.312131 0.878559 0.291261 0.857915 0.291261 0.801143
3 0.291261 0.801143 0.291261 0.794844 0.320693 0.787176 0.320693 0.801143
3 0.320693 0.794637 0.320693 0.594099 0.314807 0.586431 0.314807 0.794637
2 0.320693 0.673149 0.320693 0.627089 0.314807 0.627089 0.314807 0.673149
3 0.320693 0.594099 0.493972 0.594099 0.493972 0.586431 0.314807 0.586431
3 0.067492 0.723232 0.174686 0.723232 0.174686 0.707896 0.046621 0.707896
3 0.174686 0.723232 0.174686 0.621415 0.160772 0.621415 0.160772 0.707896
3 0.247989 0.369130 0.247989 0.641280 0.253876 0.647768 0.253876 0.369130
2 0.247989 0.600015 0.247989 0.637594 0.253876 0.637594 0.253876 0.600015
2 0.247989 0.381830 0.247989 0.426675 0.253876 0.426675 0.253876 0.381830
3 0.253876 0.647768 0.174686 0.647768 0.174686 0.641280 0.247989 0.641280
3 0.121188 0.555890 0.247989 0.555890 0.247989 0.548812 0.121188 0.548812
2 0.124495 0.555890 0.156957 0.555890 0.156957 0.548812 0.124495 0.548812
3 0.174686 0.621415 0.174686 0.555890 0.163983 0.555890 0.163983 0.621415
3 0.121188 0.431576 0.253876 0.431576 0.253876 0.438064 0.121188 0.438064
2 0.159322 0.431576 0.198911 0.431576 0.198911 0.438064 0.159322 0.438064
3 0.174686 0.723232 0.224133 0.723232 0.224133 0.715564 0.174686 0.715564
3 0.320693 0.787176 0.121889 0.787176 0.121889 0.794844 0.291261 0.794844
1 0.233878 0.787176 0.224914 0.787176 0.224914 0.794844 0.233878 0.794844
2 0.287210 0.787176 0.236339 0.787176 0.236339 0.794844 0.287210 0.794844
0 0.981543 0.589487 0.778682 0.589487 0.778682 0.553283 0.740928 0.553283 0.740928 0.366105 0.981596 0.366105 0.981543 0.589487 0.981543 0.589487
0 0.740928 0.418783 0.608454 0.418783 0.608449 0.291343 0.740928 0.291343
0 0.740928 0.553283 0.608524 0.553283 0.608454 0.418783 0.740928 0.418783
0 0.778682 0.855951 0.552832 0.855951 0.552832 0.723208 0.646085 0.723208 0.646085 0.620954 0.552832 0.620954 0.552832 0.553283 0.778682 0.553283 0.778682 0.855951 0.778682 0.855951
0 0.754344 0.341921 0.986118 0.341921 0.986118 0.247158 0.754344 0.247158 0.754344 0.341921 0.754344 0.341921
0 0.981596 0.802854 0.785104 0.802854 0.785104 0.595385 0.981596 0.595385
0 0.641269 0.715540 0.552832 0.715540 0.552832 0.628033 0.641269 0.628033
3 0.531961 0.880134 0.531961 0.530279 0.552832 0.553283 0.552832 0.855951
1 0.531961 0.763978 0.531961 0.741829 0.552832 0.741829 0.552832 0.763978
1 0.531961 0.660361 0.531961 0.636237 0.552832 0.636237 0.552832 0.660361
3 0.552832 0.553283 0.608449 0.553283 0.586508 0.530279 0.531961 0.530279
3 0.608449 0.553283 0.608449 0.291343 0.586508 0.291343 0.586508 0.530279
1 0.608449 0.389621 0.608449 0.363545 0.586508 0.363545 0.586508 0.389621
3 0.585973 0.291343 0.732403 0.291343 0.754344 0.267160 0.585973 0.267160
1 0.611429 0.291343 0.730450 0.291343 0.730450 0.267160 0.611429 0.267160
3 0.754344 0.267160 0.754344 0.341921 0.732403 0.366105 0.732403 0.291343
1 0.754344 0.301854 0.754344 0.326804 0.732403 0.326804 0.732403 0.301854
3 0.732403 0.366105 0.981596 0.366105 0.999256 0.341921 0.754344 0.341921
2 0.757678 0.366105 0.803315 0.366105 0.803315 0.341921 0.757678 0.341921
1 0.806996 0.366105 0.926332 0.366105 0.926332 0.341921 0.806996 0.341921
3 0.981596 0.366105 0.981596 0.802854 0.999256 0.824088 0.999256 0.341921
3 0.981596 0.802854 0.778682 0.802854 0.800623 0.824088 0.999256 0.824088
1 0.936083 0.802854 0.913505 0.802854 0.913505 0.824088 0.936083 0.824088
1 0.895273 0.802854 0.831452 0.802854 0.831452 0.824088 0.895273 0.824088
3 0.778682 0.802854 0.778682 0.855951 0.800623 0.880134 0.800623 0.824088
3 0.800623 0.880134 0.531961 0.880134 0.552832 0.855951 0.778682 0.855951
1 0.777007 0.880134 0.710270 0.880134 0.710270 0.855951 0.777007 0.855951
1 0.590436 0.880134 0.567114 0.880134 0.567114 0.855951 0.590436 0.855951
3 0.778682 0.802854 0.778682 0.589487 0.785104 0.595385 0.785104 0.802854
2 0.778682 0.685193 0.778682 0.637352 0.785104 0.637352 0.785104 0.685193
3 0.785104 0.595385 0.981596 0.595385 0.981596 0.589487 0.778682 0.589487
3 0.552832 0.620954 0.646085 0.620954 0.641269 0.628033 0.552832 0.628033
3 0.641269 0.628033 0.641269 0.723208 0.646085 0.715540 0.646085 0.620954
2 0.641269 0.629997 0.641269 0.671391 0.646085 0.671391 0.646085 0.629997
3 0.641269 0.723208 0.552832 0.723208 0.552832 0.715540 0.641269 0.715540
3 0.641269 0.723208 0.708595 0.723208 0.708595 0.715540 0.646085 0.715540
3 0.740928 0.553283 0.740928 0.418181 0.734506 0.418181 0.734506 0.546795
3 0.740928 0.553283 0.702184 0.553283 0.702184 0.546795 0.734506 0.546795
