0 0.504870 0.519169 0.423670 0.519169 0.423670 0.499523 0.361252 0.441276 0.504870 0.441276
0 0.504870 0.441276 0.335247 0.441276 0.335247 0.331755 0.504870 0.331755
0 0.504870 0.327385 0.335247 0.327385 0.335216 0.279629 0.335216 0.227722 0.504870 0.227722
0 0.363680 0.218311 0.322898 0.218311 0.322898 0.252383 0.233590 0.252383 0.233590 0.279629 0.144903 0.279629 0.144903 0.153086 0.363680 0.153086
0 0.322898 0.279629 0.233590 0.279629 0.233590 0.252383 0.322898 0.252383
0 0.322489 0.445310 0.358753 0.445310 0.358550 0.445360 0.418382 0.500820 0.418391 0.519169 0.152382 0.519169 0.152382 0.290049 0.322458 0.290049
0 0.322920 0.588843 0.284839 0.588843 0.284839 0.609407 0.152382 0.609407 0.152382 0.543148 0.168167 0.543148 0.168167 0.522866 0.322920 0.522866
0 0.246282 0.993207 0.147969 0.993207 0.147969 0.871881 0.246282 0.871881
0 0.418391 0.616462 0.336118 0.616462 0.336118 0.523202 0.418391 0.523202
0 0.322920 0.676561 0.228161 0.676561 0.228161 0.613105 0.322920 0.613105
0 0.223322 0.676561 0.152382 0.676561 0.152382 0.613105 0.223322 0.613105
0 0.504870 0.568313 0.423670 0.568313 0.423670 0.523202 0.504870 0.523202
0 0.504870 0.616462 0.423670 0.616462 0.423670 0.572347 0.504870 0.572347
0 0.322920 0.609407 0.289678 0.609407 0.289678 0.592541 0.322920 0.592541
0 0.144326 0.148717 0.144326 0.058492 0.364314 0.058492 0.364314 0.094551 0.368713 0.094551 0.368713 0.148690 0.144326 0.148717 0.144326 0.148717
0 0.336118 0.686981 0.517637 0.686981 0.517628 0.626210 0.336118 0.626210 0.336118 0.686981
0 0.071662 0.669855 0.071662 0.481218 0.139188 0.481218 0.139404 0.669855 0.071662 0.669855
0 0.252881 0.866839 0.465293 0.866839 0.465293 0.993879 0.252881 0.993879 0.252881 0.866839
3 0.141370 0.866839 0.252881 0.866839 0.246282 0.871881 0.147969 0.871881
3 0.252881 0.866839 0.252881 0.998249 0.246282 0.993207 0.246282 0.871881
2 0.252881 0.938765 0.252881 0.966990 0.246282 0.966990 0.246282 0.938765
3 0.252881 0.998249 0.141370 0.998249 0.147969 0.993207 0.246282 0.993207
3 0.141370 0.998249 0.141370 0.866839 0.147969 0.871881 0.147969 0.993207
3 0.152382 0.676561 0.322920 0.676561 0.336118 0.686981 0.139184 0.686981
1 0.177727 0.676561 0.200982 0.676561 0.200982 0.686981 0.177727 0.686981
1 0.245517 0.676561 0.268926 0.676561 0.268926 0.686981 0.245517 0.686981
3 0.322920 0.676561 0.322920 0.616462 0.336118 0.626210 0.336118 0.686981
3 0.322920 0.616462 0.504870 0.616462 0.517628 0.626210 0.336118 0.626210
2 0.367323 0.616462 0.407348 0.616462 0.407348 0.626210 0.367323 0.626210
2 0.434079 0.616462 0.474853 0.616462 0.474853 0.626210 0.434079 0.626210
3 0.504870 0.616462 0.504870 0.227722 0.517628 0.218311 0.517628 0.626210
1 0.504870 0.565066 0.504870 0.546694 0.517628 0.546694 0.517628 0.565066
1 0.504870 0.495556 0.504870 0.447790 0.517628 0.447790 0.517628 0.495556
1 0.504870 0.385840 0.504870 0.357881 0.517628 0.357881 0.517628 0.385840
1 0.504870 0.297124 0.504870 0.248158 0.517628 0.248158 0.517628 0.297124
3 0.152382 0.290049 0.152382 0.676561 0.139184 0.686981 0.139184 0.279629
1 0.152382 0.310663 0.152382 0.348184 0.139184 0.348184 0.139184 0.310663
1 0.152382 0.351310 0.152382 0.389131 0.139184 0.389131 0.139184 0.351310
1 0.152382 0.392260 0.152382 0.431418 0.139184 0.431418 0.139184 0.392260
1 0.152382 0.491093 0.152382 0.509092 0.139184 0.509092 0.139184 0.491093
2 0.152382 0.552458 0.152382 0.584144 0.139184 0.584144 0.139184 0.552458
3 0.322920 0.616462 0.322920 0.522866 0.336118 0.519169 0.336118 0.616462
3 0.322920 0.519169 0.504870 0.519169 0.504870 0.523202 0.322920 0.523202
2 0.367178 0.519169 0.414189 0.519169 0.414189 0.523202 0.367178 0.523202
3 0.423670 0.523202 0.423670 0.616462 0.418391 0.616462 0.418391 0.523202
2 0.423670 0.538694 0.423670 0.566690 0.418391 0.566690 0.418391 0.538694
3 0.423670 0.568313 0.504870 0.568313 0.504870 0.572347 0.423670 0.572347
3 0.423670 0.519169 0.423670 0.499523 0.418391 0.500961 0.418391 0.519169
3 0.423670 0.499523 0.361252 0.441276 0.358753 0.445310 0.418391 0.500961
2 0.412593 0.489184 0.372360 0.451642 0.368277 0.454197 0.408505 0.491738
3 0.361252 0.441276 0.335247 0.441276 0.322489 0.445310 0.358753 0.445310
3 0.335247 0.441276 0.335216 0.279629 0.322458 0.290049 0.322489 0.445310
2 0.335225 0.326148 0.335220 0.294731 0.322462 0.294731 0.322467 0.326148
3 0.335225 0.331755 0.504870 0.331755 0.504870 0.327385 0.335225 0.327385
3 0.336118 0.519169 0.152382 0.519169 0.152382 0.522866 0.322920 0.522866
2 0.320166 0.519169 0.279832 0.519169 0.279832 0.522866 0.320166 0.522866
3 0.322920 0.609407 0.152382 0.609407 0.152382 0.613105 0.322920 0.613105
2 0.280642 0.609407 0.243616 0.609407 0.243616 0.613105 0.280642 0.613105
3 0.228161 0.613105 0.228161 0.676561 0.223322 0.676561 0.223322 0.613105
2 0.228161 0.615831 0.228161 0.643809 0.223322 0.643809 0.223322 0.615831
3 0.284839 0.609407 0.284839 0.588843 0.289678 0.592541 0.289678 0.609407
3 0.284839 0.588843 0.322920 0.588843 0.322920 0.592541 0.289678 0.592541
2 0.291248 0.588843 0.318987 0.588843 0.318987 0.592541 0.291248 0.592541
3 0.139184 0.148717 0.369839 0.148717 0.363680 0.153086 0.144903 0.153086
1 0.148413 0.148717 0.249577 0.148717 0.249577 0.153086 0.148413 0.153086
2 0.259137 0.148717 0.359430 0.148717 0.359430 0.153086 0.259137 0.153086
3 0.139184 0.290049 0.139184 0.148717 0.144903 0.153086 0.144903 0.290049
1 0.139184 0.216190 0.139184 0.155721 0.144903 0.155721 0.144903 0.216190
1 0.139184 0.278829 0.139184 0.223359 0.144903 0.223359 0.144903 0.278829
3 0.322458 0.290049 0.152382 0.290049 0.139184 0.279629 0.335216 0.279629
1 0.260822 0.290049 0.237422 0.290049 0.237422 0.279629 0.260822 0.279629
2 0.307623 0.290049 0.267562 0.290049 0.267562 0.279629 0.307623 0.279629
3 0.335216 0.290049 0.335216 0.227722 0.322898 0.218311 0.322898 0.279629
3 0.322898 0.218311 0.369839 0.218311 0.369839 0.227722 0.335216 0.227722
3 0.369839 0.218311 0.369839 0.148717 0.363680 0.153086 0.363680 0.227722
1 0.369839 0.217258 0.369839 0.156034 0.363680 0.156034 0.363680 0.217258
3 0.363680 0.227722 0.504870 0.227722 0.517628 0.218311 0.369839 0.218311
1 0.373785 0.227722 0.397089 0.227722 0.397089 0.218311 0.373785 0.218311
3 0.168167 0.522866 0.168167 0.543148 0.152043 0.543148 0.152043 0.522866
3 0.322475 0.376186 0.322480 0.404219 0.318080 0.404219 0.318076 0.376190
0 0.805344 0.580535 0.733546 0.580535 0.733546 0.524012 0.633473 0.524012 0.633473 0.458744 0.732098 0.458744 0.732098 0.413802 0.805344 0.413802
0 0.987681 0.523707 0.817222 0.523707 0.817222 0.360920 0.987681 0.360920
0 0.987681 0.356886 0.817222 0.356886 0.817222 0.230159 0.987681 0.230159
0 0.805344 0.409768 0.633473 0.409768 0.633473 0.292825 0.805344 0.292825
0 0.778455 0.609196 0.805344 0.609196 0.805344 0.619609 0.805379 0.619609 0.805379 0.681626 0.633473 0.681626 0.633473 0.584568 0.778455 0.584568
0 0.978829 0.538751 0.987681 0.538751 0.987681 0.619609 0.817222 0.619609 0.817222 0.527740 0.978829 0.527740
0 0.728266 0.580535 0.633473 0.580535 0.633473 0.551023 0.648378 0.551023 0.648378 0.528046 0.728266 0.528046
0 0.726819 0.454711 0.633473 0.454711 0.633473 0.413802 0.726819 0.413802
0 0.628823 0.283414 0.628823 0.226048 0.804904 0.226048 0.804904 0.283414 0.628823 0.283414
3 0.633473 0.681626 0.633473 0.292825 0.621154 0.283414 0.621154 0.691038
1 0.633473 0.486501 0.633473 0.468253 0.621154 0.468253 0.621154 0.486501
1 0.633473 0.513576 0.633473 0.495822 0.621154 0.495822 0.621154 0.513576
1 0.633473 0.438513 0.633473 0.420333 0.621154 0.420333 0.621154 0.438513
1 0.633473 0.400327 0.633473 0.381971 0.621154 0.381971 0.621154 0.400327
1 0.633473 0.571802 0.633473 0.553900 0.621154 0.553900 0.621154 0.571802
1 0.633473 0.650347 0.633473 0.601492 0.621154 0.601492 0.621154 0.650347
3 0.633473 0.292825 0.817222 0.292825 0.804904 0.283414 0.621154 0.283414
1 0.661149 0.292825 0.725974 0.292825 0.725974 0.283414 0.661149 0.283414
2 0.731971 0.292825 0.773087 0.292825 0.773087 0.283414 0.731971 0.283414
3 0.804904 0.283414 0.804904 0.220747 0.817222 0.230159 0.817222 0.292825
2 0.804904 0.274752 0.804904 0.243449 0.817222 0.243449 0.817222 0.274752
3 0.817222 0.230159 0.987681 0.230159 0.999999 0.220747 0.804904 0.220747
1 0.857521 0.230159 0.880785 0.230159 0.880785 0.220747 0.857521 0.220747
3 0.987681 0.230159 0.987681 0.619609 0.999999 0.629020 0.999999 0.220747
1 0.987681 0.251163 0.987681 0.299793 0.999999 0.299793 0.999999 0.251163
1 0.987681 0.303369 0.987681 0.352561 0.999999 0.352561 0.999999 0.303369
1 0.987681 0.399984 0.987681 0.448849 0.999999 0.448849 0.999999 0.399984
1 0.987681 0.451242 0.987681 0.500669 0.999999 0.500669 0.999999 0.451242
1 0.987681 0.550895 0.987681 0.598557 0.999999 0.598557 0.999999 0.550895
3 0.987681 0.619609 0.805379 0.619609 0.817697 0.629020 0.999999 0.629020
3 0.805379 0.619609 0.805379 0.681626 0.817697 0.691038 0.817697 0.629020
3 0.805379 0.681626 0.633473 0.681626 0.621154 0.691038 0.817697 0.691038
1 0.751530 0.681626 0.700489 0.681626 0.700489 0.691038 0.751530 0.691038
3 0.817222 0.292825 0.817222 0.619609 0.805344 0.619609 0.805344 0.292825
2 0.817222 0.463494 0.817222 0.512920 0.805344 0.512920 0.805344 0.463494
3 0.633473 0.580535 0.805344 0.580535 0.805344 0.584568 0.633473 0.584568
2 0.735297 0.580535 0.776559 0.580535 0.776559 0.584568 0.735297 0.584568
3 0.733546 0.580535 0.733546 0.524012 0.728266 0.528046 0.728266 0.580535
2 0.733546 0.572770 0.733546 0.546015 0.728266 0.546015 0.728266 0.572770
3 0.733546 0.524012 0.633473 0.524012 0.633473 0.528046 0.728266 0.528046
3 0.817222 0.523707 0.978829 0.523707 0.978829 0.527740 0.817222 0.527740
2 0.851207 0.523707 0.892311 0.523707 0.892311 0.527740 0.851207 0.527740
3 0.978829 0.523707 0.987681 0.523707 0.987681 0.538751 0.978829 0.538751
3 0.633473 0.409768 0.805344 0.409768 0.805344 0.413802 0.633473 0.413802
2 0.735767 0.409768 0.777729 0.409768 0.777729 0.413802 0.735767 0.413802
3 0.633473 0.458744 0.732098 0.458744 0.726819 0.454711 0.633473 0.454711
3 0.732098 0.458744 0.732098 0.413802 0.726819 0.413802 0.726819 0.454711
2 0.732098 0.443061 0.732098 0.415580 0.726819 0.415580 0.726819 0.443061
3 0.817222 0.360920 0.987681 0.360920 0.987681 0.356886 0.817222 0.356886
2 0.850658 0.360920 0.891576 0.360920 0.891576 0.356886 0.850658 0.356886
3 0.778455 0.584568 0.778455 0.609196 0.805379 0.609196 0.805379 0.584568
3 0.633222 0.528046 0.633222 0.551023 0.648378 0.551023 0.648378 0.528046
