0 0.486825 0.605836 0.475971 0.605836 0.475971 0.712139 0.480765 0.712139 0.480765 0.625554 0.583691 0.625554 0.583691 0.827381 0.476040 0.827381 0.476040 0.980283 0.373873 0.980283 0.373873 0.471259 0.486825 0.471259
0 0.847845 0.091830 0.923169 0.091830 0.923169 0.580861 0.847845 0.580861 0.847845 0.091830
0 0.830726 0.605836 0.486825 0.605836 0.486825 0.091830 0.830726 0.091830
0 0.368251 0.605876 0.073126 0.605876 0.073126 0.091830 0.368251 0.091830
0 0.914267 0.980283 0.589854 0.980283 0.589854 0.628183 0.914267 0.628183
0 0.368251 0.967138 0.073126 0.967138 0.073126 0.626908 0.368251 0.626908
0 0.475869 0.450227 0.373873 0.450227 0.373873 0.091830 0.475869 0.091830
0 0.562409 0.980283 0.481518 0.980283 0.481518 0.837897 0.562409 0.837897
3 0.073126 0.967138 0.368251 0.967138 0.373873 1.000000 0.056691 1.000000
3 0.367224 1.000000 0.929332 1.000000 0.914267 0.980283 0.367224 0.980283
2 0.376996 1.000000 0.435632 1.000000 0.435632 0.980283 0.376996 0.980283
3 0.914267 0.980283 0.914267 0.628183 0.929332 0.580861 0.929332 1.000000
1 0.914267 0.975971 0.914267 0.631048 0.929332 0.631048 0.929332 0.975971
3 0.914267 0.628183 0.830726 0.628183 0.847845 0.580861 0.929332 0.580861
3 0.830726 0.628183 0.830726 0.091830 0.847845 0.070799 0.847845 0.580861
1 0.830726 0.456273 0.830726 0.100191 0.847845 0.100191 0.847845 0.456273
2 0.830726 0.573697 0.830726 0.465541 0.847845 0.465541 0.847845 0.573697
3 0.830726 0.091830 0.073126 0.091830 0.056691 0.070799 0.847845 0.070799
1 0.475677 0.091830 0.374483 0.091830 0.374483 0.070799 0.475677 0.070799
3 0.073126 0.091830 0.073126 0.967138 0.056691 1.000000 0.056691 0.070799
1 0.073126 0.104055 0.073126 0.596595 0.056691 0.596595 0.056691 0.104055
1 0.073126 0.630431 0.073126 0.961814 0.056691 0.961814 0.056691 0.630431
3 0.368251 0.967138 0.368251 0.091830 0.373873 0.091830 0.373873 1.000000
2 0.368251 0.817233 0.368251 0.712994 0.373873 0.712994 0.373873 0.817233
2 0.368251 0.600644 0.368251 0.490319 0.373873 0.490319 0.373873 0.600644
3 0.368251 0.605876 0.073126 0.605876 0.073126 0.626908 0.368251 0.626908
3 0.373873 0.471259 0.486825 0.471259 0.475869 0.450227 0.373873 0.450227
2 0.429928 0.471259 0.471637 0.471259 0.471637 0.450227 0.429928 0.450227
3 0.486825 0.471259 0.486825 0.091830 0.475869 0.091830 0.475869 0.450227
3 0.481518 0.980283 0.481518 0.837897 0.476040 0.827381 0.476040 0.980283
2 0.481518 0.923641 0.481518 0.843510 0.476040 0.843510 0.476040 0.923641
3 0.476040 0.827381 0.589854 0.827381 0.562409 0.837897 0.481518 0.837897
3 0.589854 0.827381 0.589854 0.980283 0.562409 0.980283 0.562409 0.837897
3 0.589854 0.837897 0.589854 0.628183 0.583691 0.628183 0.583691 0.837897
2 0.589854 0.820269 0.589854 0.714440 0.583691 0.714440 0.583691 0.820269
3 0.830726 0.628183 0.583691 0.628183 0.583691 0.605836 0.830726 0.605836
2 0.812374 0.628183 0.757155 0.628183 0.757155 0.605836 0.812374 0.605836
3 0.583691 0.605836 0.475971 0.605836 0.480765 0.625554 0.583691 0.625554
3 0.480765 0.625554 0.480765 0.712139 0.475971 0.712139 0.475971 0.605836
3 0.847845 0.070799 0.929332 0.070799 0.929332 0.091830 0.847845 0.091830
