0 0.260664 0.807446 0.226982 0.807446 0.226982 0.787499 0.260664 0.787499
0 0.364822 0.942869 0.299670 0.942869 0.299670 0.890871 0.364822 0.890871
0 0.936448 0.642894 0.835076 0.642894 0.835076 0.572856 0.936448 0.572856
0 0.827035 0.273290 0.695445 0.273290 0.695445 0.186944 0.827035 0.186944
0 0.827035 0.642894 0.754318 0.642894 0.754318 0.561919 0.695445 0.561919 0.695445 0.509935 0.827035 0.509935
0 0.434758 0.737164 0.268142 0.737164 0.268142 0.682843 0.298464 0.682843 0.298464 0.570700 0.434758 0.570700
0 0.260664 0.842863 0.292777 0.842863 0.292777 0.942869 0.084278 0.942869 0.084278 0.813300 0.260664 0.813300
0 0.291571 0.570700 0.291571 0.676989 0.261250 0.676989 0.261250 0.743018 0.293392 0.743018 0.293392 0.781645 0.220090 0.781645 0.220090 0.807446 0.084278 0.807446 0.084278 0.570700
0 0.936448 0.918468 0.754318 0.918468 0.754318 0.650700 0.936448 0.650700
0 0.432357 0.942869 0.371714 0.942869 0.371714 0.890871 0.432357 0.890871
0 0.432357 0.885017 0.299670 0.885017 0.299670 0.837009 0.267557 0.837009 0.267557 0.787499 0.300285 0.787499 0.300285 0.743018 0.432357 0.743018
0 0.743980 0.703181 0.602614 0.703181 0.602614 0.570700 0.743980 0.570700
0 0.594573 0.609795 0.602614 0.609795 0.602614 0.640884 0.594573 0.640884 0.594573 0.709035 0.743980 0.709035 0.743980 0.942869 0.439249 0.942869 0.439249 0.822823 0.464298 0.822823 0.464298 0.815017 0.432357 0.815017 0.432357 0.743018 0.441650 0.743018 0.441650 0.570700 0.594573 0.570700
0 0.695318 0.366452 0.827035 0.366365 0.827035 0.359623 0.695445 0.359623 0.695445 0.280120 0.827035 0.280120 0.827035 0.366452
0 0.827035 0.503105 0.695445 0.503105 0.695318 0.366452 0.827035 0.366365
0 0.936235 0.273188 0.835145 0.273188 0.835076 0.186944 0.936448 0.186944
0 0.936235 0.388805 0.835145 0.388805 0.835145 0.273188 0.936235 0.273188
0 0.936436 0.427451 0.835076 0.427451 0.835145 0.388805 0.936235 0.388805
0 0.936436 0.566524 0.835076 0.566514 0.835076 0.427451 0.936436 0.427451
0 0.084278 0.561919 0.084278 0.531292 0.593309 0.531292 0.593309 0.123720 0.685106 0.123720 0.685106 0.561919 0.084278 0.561919 0.084278 0.561919
0 0.084278 0.950187 0.084278 0.974764 0.358004 0.974764 0.358004 1.000000 0.450519 1.000000 0.450519 0.978711 0.938912 0.978711 0.937597 0.925786 0.752595 0.925786 0.752595 0.950187 0.084278 0.950187 0.084278 0.950187
3 0.069919 0.531292 0.069919 0.974764 0.084278 0.974764 0.084278 0.531292
3 0.084278 0.950187 0.752595 0.950187 0.743980 0.942869 0.084278 0.942869
2 0.373828 0.950187 0.426182 0.950187 0.426182 0.942869 0.373828 0.942869
1 0.588375 0.950187 0.684101 0.950187 0.684101 0.942869 0.588375 0.942869
1 0.461415 0.950187 0.578634 0.950187 0.578634 0.942869 0.461415 0.942869
1 0.131584 0.950187 0.245449 0.950187 0.245449 0.942869 0.131584 0.942869
3 0.752595 0.950187 0.752595 0.925786 0.743980 0.918468 0.743980 0.942869
3 0.752595 0.925786 0.937597 0.925786 0.946787 0.918468 0.743980 0.918468
2 0.759034 0.925786 0.897649 0.925786 0.897649 0.918468 0.759034 0.918468
3 0.946787 0.925786 0.946787 0.172640 0.936448 0.172640 0.936448 0.918468
3 0.936448 0.186944 0.695445 0.186944 0.685106 0.178163 0.936448 0.178163
2 0.933777 0.186944 0.891710 0.186944 0.891710 0.178163 0.933777 0.178163
1 0.817058 0.186944 0.767035 0.186944 0.767035 0.178163 0.817058 0.178163
1 0.760344 0.186944 0.702573 0.186944 0.702573 0.178163 0.760344 0.178163
3 0.695445 0.186944 0.695445 0.570700 0.685106 0.561919 0.685106 0.178163
2 0.695445 0.199691 0.695445 0.232410 0.685106 0.232410 0.685106 0.199691
2 0.695445 0.516023 0.695445 0.557387 0.685106 0.557387 0.685106 0.516023
1 0.695445 0.376809 0.695445 0.499193 0.685106 0.499193 0.685106 0.376809
1 0.695445 0.306634 0.695445 0.357413 0.685106 0.357413 0.685106 0.306634
3 0.695445 0.570700 0.084278 0.570700 0.084278 0.561919 0.685106 0.561919
1 0.283404 0.570700 0.095312 0.570700 0.095312 0.561919 0.283404 0.561919
1 0.430513 0.570700 0.303220 0.570700 0.303220 0.561919 0.430513 0.561919
1 0.589719 0.570700 0.449996 0.570700 0.449996 0.561919 0.589719 0.561919
1 0.678391 0.570700 0.607186 0.570700 0.607186 0.561919 0.678391 0.561919
3 0.743980 0.918468 0.743980 0.570700 0.754318 0.561919 0.754318 0.918468
2 0.743980 0.641519 0.743980 0.603316 0.754318 0.603316 0.754318 0.641519
3 0.743980 0.570700 0.695445 0.570700 0.695445 0.561919 0.754318 0.561919
3 0.754318 0.650700 0.936448 0.650700 0.936448 0.642894 0.754318 0.642894
2 0.766765 0.650700 0.813950 0.650700 0.813950 0.642894 0.766765 0.642894
3 0.827035 0.642894 0.827035 0.186944 0.835076 0.186944 0.835076 0.642894
2 0.827035 0.640450 0.827035 0.605185 0.835076 0.605185 0.835076 0.640450
2 0.827035 0.552386 0.827035 0.515252 0.835076 0.515252 0.835076 0.552386
2 0.827035 0.475103 0.827035 0.439974 0.835076 0.439974 0.835076 0.475103
3 0.695445 0.280120 0.936448 0.280120 0.936448 0.273290 0.695445 0.273290
2 0.895724 0.280120 0.933306 0.280120 0.933306 0.273290 0.895724 0.273290
3 0.695445 0.366452 0.827035 0.366452 0.827035 0.359623 0.695445 0.359623
2 0.716099 0.366452 0.755335 0.366452 0.755335 0.359623 0.716099 0.359623
3 0.835076 0.395396 0.936448 0.395396 0.936448 0.388566 0.835076 0.388566
2 0.882255 0.395396 0.924799 0.395396 0.924799 0.388566 0.882255 0.388566
3 0.936448 0.434393 0.835076 0.434393 0.835076 0.427564 0.936448 0.427564
2 0.904943 0.434393 0.863582 0.434393 0.863582 0.427564 0.904943 0.427564
3 0.827035 0.509935 0.695445 0.509935 0.695445 0.503105 0.827035 0.503105
3 0.594573 0.570700 0.594573 0.609795 0.602614 0.609795 0.602614 0.570700
3 0.594573 0.640884 0.594573 0.709035 0.602614 0.703181 0.602614 0.640884
3 0.594573 0.709035 0.743980 0.709035 0.743980 0.703181 0.602614 0.703181
3 0.434758 0.570700 0.434758 0.737164 0.441650 0.743018 0.441650 0.570700
3 0.441650 0.743018 0.261250 0.743018 0.268142 0.737164 0.434758 0.737164
2 0.351990 0.743018 0.305621 0.743018 0.305621 0.737164 0.351990 0.737164
3 0.261250 0.743018 0.261250 0.676989 0.268142 0.682843 0.268142 0.737164
3 0.268142 0.682843 0.298464 0.682843 0.291571 0.676989 0.261250 0.676989
3 0.298464 0.682843 0.298464 0.570700 0.291571 0.570700 0.291571 0.676989
3 0.293392 0.743018 0.293392 0.781645 0.300285 0.787499 0.300285 0.743018
2 0.293392 0.745740 0.293392 0.779786 0.300285 0.779786 0.300285 0.745740
3 0.300285 0.787499 0.226982 0.787499 0.220090 0.781645 0.293392 0.781645
3 0.226982 0.787499 0.226982 0.807446 0.220090 0.813300 0.220090 0.781645
3 0.226982 0.813300 0.084278 0.813300 0.084278 0.807446 0.220090 0.807446
3 0.220090 0.813300 0.267557 0.813300 0.260664 0.807446 0.226982 0.807446
2 0.228401 0.813300 0.258596 0.813300 0.258596 0.807446 0.228401 0.807446
3 0.260664 0.813300 0.260664 0.842863 0.267557 0.837009 0.267557 0.813300
3 0.260664 0.842863 0.292777 0.842863 0.299670 0.837009 0.267557 0.837009
3 0.299670 0.837009 0.299670 0.942869 0.292777 0.942869 0.292777 0.842863
2 0.299670 0.847117 0.299670 0.883705 0.292777 0.883705 0.292777 0.847117
3 0.267557 0.813300 0.267557 0.787499 0.260664 0.787499 0.260664 0.807446
3 0.299670 0.890871 0.439249 0.890871 0.432357 0.885017 0.299670 0.885017
2 0.374724 0.890871 0.427676 0.890871 0.427676 0.885017 0.374724 0.885017
2 0.320876 0.890871 0.361864 0.890871 0.361864 0.885017 0.320876 0.885017
3 0.439249 0.885017 0.439249 0.942869 0.432357 0.942869 0.432357 0.890871
3 0.364822 0.890871 0.364822 0.942869 0.371714 0.942869 0.371714 0.890871
3 0.439249 0.890871 0.439249 0.822823 0.432357 0.815017 0.432357 0.885017
3 0.439249 0.822823 0.464298 0.822823 0.464298 0.815017 0.432357 0.815017
3 0.946787 0.918468 0.946787 0.983628 0.937597 0.975823 0.937597 0.925786
3 0.946787 0.983628 0.904748 0.983628 0.904748 0.975823 0.937597 0.975823
3 0.835076 0.572856 0.936448 0.572856 0.936448 0.566514 0.835076 0.566514
3 0.880199 0.178163 0.880199 0.280120 0.888815 0.280120 0.888815 0.178163
