0 0.063713 0.059954 0.843545 0.059954 0.843545 0.201629 0.063713 0.201629 0.063713 0.059954 0.063713 0.059954
0 0.586798 0.827731 0.194685 0.827731 0.194685 0.687098 0.584946 0.687098
0 0.830625 0.670118 0.739463 0.670118 0.739463 0.827731 0.586798 0.827731 0.584946 0.687098 0.194685 0.687098 0.194685 0.678415 0.072327 0.678415 0.072327 0.233468 0.830625 0.233468
0 0.968416 0.978774 0.586669 0.978774 0.586669 0.840274 0.968416 0.840274
0 0.968416 0.827731 0.758126 0.827731 0.758126 0.682660 0.968416 0.682660
3 0.045050 0.201629 0.045050 0.715078 0.072327 0.678415 0.072327 0.233468
3 0.045050 0.715078 0.158795 0.715078 0.194685 0.678415 0.072327 0.678415
3 0.158795 0.715078 0.158795 0.851852 0.194685 0.827731 0.194685 0.678415
3 0.158795 0.851852 0.559392 0.851852 0.586669 0.827731 0.194685 0.827731
2 0.300936 0.851852 0.430889 0.851852 0.430889 0.827731 0.300936 0.827731
3 0.559392 0.851852 0.559392 1.000000 0.586669 0.978774 0.586669 0.827731
3 0.559392 1.000000 1.000000 1.000000 0.968416 0.978774 0.586669 0.978774
3 1.000000 1.000000 1.000000 0.661434 0.968416 0.682660 0.968416 0.978774
3 0.968416 0.682660 0.830625 0.682660 0.862209 0.661434 1.000000 0.661434
3 0.862209 0.661434 0.862209 0.201629 0.830625 0.233468 0.830625 0.682660
3 0.862209 0.201629 0.045050 0.201629 0.072327 0.233468 0.830625 0.233468
2 0.452696 0.201629 0.337573 0.201629 0.337573 0.233468 0.452696 0.233468
1 0.321867 0.201629 0.217210 0.201629 0.217210 0.233468 0.321867 0.233468
1 0.744860 0.201629 0.474489 0.201629 0.474489 0.233468 0.744860 0.233468
3 0.586669 0.827731 0.968416 0.827731 0.968416 0.840274 0.586669 0.840274
2 0.621885 0.827731 0.734395 0.827731 0.734395 0.840274 0.621885 0.840274
3 0.830625 0.682660 0.758126 0.682660 0.739463 0.670118 0.830625 0.670118
3 0.758126 0.682660 0.758126 0.827731 0.739463 0.827731 0.739463 0.670118
2 0.758126 0.724466 0.758126 0.785424 0.739463 0.785424 0.739463 0.724466
