0 0.608033 0.174201 0.608033 0.508382 0.688413 0.508575 0.689200 0.509388 0.750001 0.566280 0.750001 0.615905 0.979880 0.615905 0.980074 0.173517 0.608033 0.174201 0.608033 0.174201
0 0.385665 0.157509 0.385693 0.018406 0.738897 0.018406 0.738897 0.158757 0.385665 0.157509 0.385665 0.157509
0 0.492468 0.919382 0.492468 1.000000 0.626907 1.000000 0.626907 0.919986 0.492468 0.919382 0.492468 0.919382 0.492468 0.919382
0 0.616377 0.906417 0.616155 0.786838 0.616155 0.786838 0.593399 0.786838 0.592835 0.625836 0.750946 0.625836 0.750946 0.615905 0.854155 0.616210 0.854155 0.624363 0.979972 0.624363 0.979963 0.906264 0.616377 0.906417 0.616377 0.906417 0.616377 0.906417
0 0.592835 0.508744 0.592835 0.786516 0.457516 0.786516 0.457516 0.785518 0.457516 0.508881 0.592835 0.508744 0.592835 0.508744
0 0.216968 0.512028 0.216968 0.384466 0.608310 0.384594 0.608310 0.508020 0.457766 0.508020 0.456951 0.495183 0.430074 0.475586 0.430074 0.475586 0.315778 0.475586 0.315778 0.512028 0.216968 0.512028 0.216968 0.512028
0 0.689802 0.508744 0.750001 0.566280 0.750001 0.625723 0.592835 0.625941 0.592835 0.508744
0 0.446115 0.906264 0.039537 0.906264 0.038611 0.696281 0.446115 0.696281
0 0.315778 0.524100 0.315778 0.585435 0.393019 0.585435 0.393019 0.686478 0.038611 0.686478 0.038611 0.524100
0 0.296913 0.279776 0.350546 0.279776 0.350546 0.372522 0.037685 0.372522 0.037333 0.173517 0.296913 0.173517
0 0.597956 0.372522 0.359150 0.372522 0.359150 0.270939 0.306795 0.270939 0.306795 0.173517 0.597956 0.173517
0 0.205539 0.514973 0.038611 0.514973 0.037685 0.384594 0.205539 0.384594
0 0.607051 0.906264 0.457071 0.906264 0.457071 0.796069 0.607051 0.796069
0 0.446402 0.500592 0.446846 0.500728 0.446846 0.575688 0.326170 0.575688 0.326170 0.512028 0.326096 0.512028 0.326096 0.484737 0.424906 0.484737
3 0.021218 0.158821 0.999996 0.158821 0.980074 0.173517 0.037333 0.173517
1 0.114935 0.158821 0.221024 0.158821 0.221024 0.173517 0.114935 0.173517
1 0.426258 0.158821 0.530672 0.158821 0.530672 0.173517 0.426258 0.173517
1 0.745130 0.158821 0.874883 0.158821 0.874883 0.173517 0.745130 0.173517
2 0.653506 0.158821 0.723282 0.158821 0.723282 0.173517 0.653506 0.173517
3 0.999996 0.158821 0.999996 0.920082 0.980074 0.906264 0.980074 0.173517
1 0.999996 0.442420 0.999996 0.533581 0.980074 0.533581 0.980074 0.442420
3 0.999996 0.920082 0.023506 0.920082 0.039537 0.906264 0.980074 0.906264
1 0.836448 0.920082 0.708566 0.920082 0.708566 0.906264 0.836448 0.906264
1 0.310823 0.920082 0.180848 0.920082 0.180848 0.906264 0.310823 0.906264
2 0.605013 0.920082 0.523429 0.920082 0.523429 0.906264 0.605013 0.906264
3 0.039537 0.906264 0.037333 0.173517 0.021218 0.158821 0.023506 0.920082
3 0.608310 0.158821 0.608310 0.384594 0.597956 0.372522 0.597956 0.158821
3 0.608310 0.384594 0.021885 0.384594 0.021885 0.372522 0.597956 0.372522
2 0.292226 0.384594 0.219913 0.384594 0.219913 0.372522 0.292226 0.372522
2 0.433853 0.384594 0.362465 0.384594 0.362465 0.372522 0.433853 0.372522
3 0.216968 0.372522 0.216968 0.512028 0.205539 0.524100 0.205539 0.372522
3 0.216968 0.524100 0.022320 0.524100 0.022320 0.514973 0.205539 0.514973
2 0.203956 0.524100 0.152434 0.524100 0.152434 0.514973 0.203956 0.514973
3 0.205539 0.524100 0.315778 0.524100 0.326170 0.512028 0.216968 0.512028
2 0.220367 0.524100 0.291949 0.524100 0.291949 0.512028 0.220367 0.512028
3 0.315778 0.524100 0.315778 0.585435 0.326170 0.575688 0.326170 0.512028
3 0.315778 0.585435 0.456951 0.585435 0.446846 0.575688 0.326170 0.575688
3 0.456951 0.585435 0.456951 0.495183 0.446846 0.500728 0.446846 0.575688
3 0.456951 0.495183 0.430074 0.475586 0.424906 0.484737 0.446846 0.500728
3 0.430074 0.475586 0.315778 0.475586 0.326096 0.484737 0.424906 0.484737
2 0.381146 0.475586 0.328707 0.475586 0.328707 0.484737 0.381146 0.484737
3 0.315778 0.475586 0.315778 0.512028 0.326096 0.512028 0.326096 0.484737
3 0.022802 0.686478 0.457071 0.686478 0.446115 0.696281 0.022802 0.696281
3 0.457071 0.686478 0.457071 0.920082 0.446115 0.920082 0.446115 0.696281
2 0.457071 0.698277 0.457071 0.758694 0.446115 0.758694 0.446115 0.698277
3 0.446115 0.796069 0.607051 0.796069 0.616155 0.786838 0.446115 0.786838
2 0.522642 0.796069 0.604272 0.796069 0.604272 0.786838 0.522642 0.786838
3 0.616155 0.786838 0.616155 0.920082 0.607051 0.920082 0.607051 0.796069
3 0.854155 0.624363 0.999996 0.624363 0.999996 0.616210 0.854155 0.616210
3 0.592835 0.625941 0.592835 0.508744 0.602059 0.517533 0.602059 0.616758
2 0.592835 0.615277 0.592835 0.567045 0.602059 0.567045 0.602059 0.615277
3 0.592835 0.508744 0.689802 0.508744 0.685458 0.517533 0.602059 0.517533
3 0.689802 0.508744 0.750001 0.566280 0.737998 0.567753 0.685458 0.517533
3 0.750001 0.566280 0.750001 0.625723 0.737998 0.616573 0.737998 0.567753
3 0.750001 0.625723 0.592835 0.625941 0.602059 0.616758 0.737998 0.616573
3 0.296913 0.158821 0.296913 0.279776 0.306795 0.270939 0.306795 0.158821
3 0.296913 0.279776 0.350546 0.279776 0.359150 0.270939 0.306795 0.270939
3 0.359150 0.270939 0.359150 0.384594 0.350546 0.384594 0.350546 0.279776
3 0.404355 0.575688 0.404355 0.696281 0.393019 0.696281 0.393019 0.575688
