0 0.308198 0.694767 0.311985 0.694767 0.311985 0.778386 0.308198 0.778386 0.308198 0.797818 0.089272 0.797818 0.089272 0.657946 0.308198 0.657946
0 0.308198 0.870534 0.305275 0.870534 0.277363 0.907912 0.089272 0.907912 0.089272 0.797818 0.308198 0.797818
0 0.281246 0.929544 0.281246 0.980333 0.448795 0.980333 0.448565 0.930147 0.445811 0.930170 0.417892 0.892166 0.311985 0.892166 0.284000 0.929544 0.281246 0.929544 0.281246 0.929544
0 0.287966 0.390514 0.323714 0.390597 0.379376 0.345128 0.379376 0.096902 0.288114 0.096902 0.287966 0.390514 0.287966 0.390514
0 0.594488 0.589359 0.311985 0.589359 0.311985 0.411769 0.318781 0.411769 0.395212 0.349330 0.395212 0.336425 0.594488 0.336425
0 0.420570 0.781829 0.311985 0.781829 0.311985 0.589359 0.420701 0.589359 0.420701 0.671529
0 0.594488 0.671529 0.548375 0.671529 0.548375 0.589359 0.594488 0.589359
0 0.308198 0.651963 0.089272 0.651963 0.089248 0.411769 0.308198 0.411769
0 0.949264 0.907157 0.811234 0.907157 0.811234 0.612381 0.949264 0.612381
0 0.805038 0.907157 0.678603 0.907157 0.678603 0.870783 0.668854 0.870783 0.668854 0.612445 0.805038 0.612381
0 0.690576 0.358549 0.601373 0.358549 0.601373 0.329981 0.531066 0.329981 0.531066 0.118535 0.690576 0.118535
0 0.689458 0.508575 0.805038 0.508575 0.805038 0.605565 0.668847 0.605606 0.664034 0.605629 0.599307 0.605629 0.599307 0.515699 0.613102 0.515699 0.613102 0.475455 0.689458 0.475455
0 0.544588 0.907157 0.451470 0.907157 0.424701 0.870534 0.424701 0.786892 0.424756 0.786892 0.424756 0.781829 0.424701 0.781829 0.424828 0.677512 0.544588 0.677512
0 0.664034 0.907157 0.548375 0.907157 0.548375 0.677512 0.664034 0.677512
0 0.526935 0.329981 0.395212 0.329981 0.395212 0.118535 0.526935 0.118535
0 0.949264 0.604557 0.855699 0.604557 0.855699 0.410475 0.949264 0.410475
0 0.850879 0.604557 0.811234 0.604557 0.811234 0.410475 0.850879 0.410475
0 0.800907 0.502131 0.694621 0.502131 0.694621 0.475455 0.694707 0.414645 0.683347 0.414618 0.800907 0.414618
0 0.683347 0.414618 0.683271 0.467170 0.600684 0.467170 0.600684 0.422852 0.607225 0.422852 0.607225 0.370056 0.683347 0.370056
0 0.420570 0.870530 0.424701 0.870534 0.364322 0.870534 0.364322 0.786892 0.420570 0.786892
0 0.483028 0.671529 0.424832 0.671529 0.424832 0.595342 0.483028 0.595342
0 0.544588 0.671529 0.486815 0.671529 0.486815 0.595342 0.544588 0.595342
0 0.361224 0.870534 0.311985 0.870534 0.311985 0.786892 0.361224 0.786892
0 0.664034 0.671529 0.599307 0.671529 0.599307 0.612445 0.664034 0.612445
3 0.073096 0.929544 0.284073 0.929544 0.277363 0.907912 0.089272 0.907912
1 0.194005 0.929544 0.249719 0.929544 0.249719 0.907912 0.194005 0.907912
1 0.249719 0.929544 0.274062 0.929544 0.274062 0.907912 0.249719 0.907912
3 0.284073 0.929544 0.311985 0.892166 0.305275 0.870534 0.277363 0.907912
3 0.311985 0.892166 0.417892 0.892166 0.424701 0.870534 0.305275 0.870534
2 0.316866 0.892166 0.358904 0.892166 0.358904 0.870534 0.316866 0.870534
1 0.365703 0.892166 0.405536 0.892166 0.405536 0.870534 0.365703 0.870534
3 0.417892 0.892166 0.445666 0.930170 0.451470 0.907157 0.424701 0.870534
3 0.445666 0.930170 0.965444 0.930170 0.949264 0.907157 0.451470 0.907157
2 0.685278 0.930170 0.722985 0.930170 0.722985 0.907157 0.685278 0.907157
2 0.828406 0.930170 0.932867 0.930170 0.932867 0.907157 0.828406 0.907157
1 0.726933 0.930170 0.767676 0.930170 0.767676 0.907157 0.726933 0.907157
1 0.767676 0.930170 0.792669 0.930170 0.792669 0.907157 0.767676 0.907157
1 0.561092 0.930170 0.615112 0.930170 0.615112 0.907157 0.561092 0.907157
1 0.615112 0.930170 0.640498 0.930170 0.640498 0.907157 0.615112 0.907157
1 0.455522 0.930170 0.512407 0.930170 0.512407 0.907157 0.455522 0.907157
1 0.512407 0.930170 0.537138 0.930170 0.537138 0.907157 0.512407 0.907157
3 0.965444 0.930170 0.965444 0.387923 0.949264 0.410475 0.949264 0.907157
2 0.965444 0.568813 0.965444 0.522612 0.949264 0.522612 0.949264 0.568813
1 0.965444 0.726686 0.965444 0.672840 0.949264 0.672840 0.949264 0.726686
1 0.965444 0.784839 0.965444 0.726686 0.949264 0.726686 0.949264 0.784839
1 0.965444 0.840305 0.965444 0.784839 0.949264 0.784839 0.949264 0.840305
3 0.965444 0.387923 0.811234 0.387923 0.811234 0.410475 0.949264 0.410475
2 0.849733 0.387923 0.813266 0.387923 0.813266 0.410475 0.849733 0.410475
3 0.811234 0.387923 0.706412 0.387923 0.683347 0.414618 0.811234 0.414618
1 0.758932 0.387923 0.720268 0.387923 0.720268 0.414618 0.758932 0.414618
3 0.706412 0.096902 0.379376 0.096902 0.395212 0.118535 0.690576 0.118535
1 0.614344 0.096902 0.560575 0.096902 0.560575 0.118535 0.614344 0.118535
1 0.642536 0.096902 0.614344 0.096902 0.614344 0.118535 0.642536 0.118535
3 0.379376 0.096902 0.379376 0.345128 0.395212 0.349330 0.395212 0.118535
1 0.379376 0.127869 0.379376 0.166572 0.395212 0.166572 0.395212 0.127869
1 0.379376 0.166572 0.379376 0.237064 0.395212 0.237064 0.395212 0.166572
3 0.379376 0.345128 0.323714 0.390597 0.318781 0.411769 0.395212 0.349330
2 0.353368 0.366374 0.323755 0.390565 0.329459 0.403047 0.359072 0.378856
1 0.378860 0.345552 0.357337 0.363133 0.363041 0.375611 0.384564 0.358029
3 0.323714 0.390597 0.073068 0.390597 0.089248 0.411769 0.318781 0.411769
1 0.149293 0.390597 0.121760 0.390597 0.121760 0.411769 0.149293 0.411769
1 0.203909 0.390597 0.149293 0.390597 0.149293 0.411769 0.203909 0.411769
1 0.260092 0.390597 0.203686 0.390597 0.203686 0.411769 0.260092 0.411769
3 0.073068 0.390597 0.073096 0.929544 0.089272 0.907912 0.089248 0.411769
1 0.073089 0.809302 0.073092 0.864413 0.089272 0.864413 0.089269 0.809297
1 0.073092 0.864413 0.073092 0.898012 0.089272 0.898012 0.089272 0.864413
1 0.073082 0.682800 0.073085 0.738358 0.089265 0.738358 0.089262 0.682800
1 0.073085 0.738160 0.073085 0.773586 0.089265 0.773586 0.089265 0.738155
1 0.073075 0.545713 0.073079 0.599664 0.089259 0.599659 0.089255 0.545713
3 0.706412 0.387923 0.706412 0.358549 0.683347 0.358549 0.683347 0.414618
1 0.706412 0.387182 0.706412 0.370488 0.683347 0.370488 0.683347 0.387182
3 0.706412 0.358549 0.706412 0.096902 0.690576 0.118535 0.690576 0.358549
3 0.706412 0.358549 0.601373 0.358549 0.594488 0.370056 0.706412 0.370056
3 0.594488 0.358549 0.594488 0.422852 0.607225 0.422852 0.607225 0.370056
3 0.594488 0.422852 0.594488 0.475455 0.600684 0.475455 0.600684 0.422852
3 0.594488 0.475455 0.689458 0.475455 0.694621 0.467170 0.600684 0.467170
3 0.683271 0.467170 0.683347 0.414618 0.694707 0.414645 0.694621 0.475455
2 0.683278 0.464141 0.683333 0.425517 0.694694 0.425549 0.694639 0.464169
3 0.811234 0.387923 0.811234 0.508575 0.800907 0.508575 0.800907 0.387923
3 0.811234 0.508575 0.689458 0.508575 0.694621 0.502131 0.800907 0.502131
2 0.729412 0.508575 0.696071 0.508575 0.696071 0.502131 0.729412 0.502131
3 0.694621 0.502131 0.694621 0.467170 0.689458 0.475455 0.689458 0.508575
3 0.811234 0.508575 0.811234 0.930170 0.805038 0.930170 0.805038 0.508575
2 0.811234 0.510931 0.811234 0.559129 0.805038 0.559129 0.805038 0.510931
3 0.805038 0.612381 0.965444 0.612381 0.965444 0.604557 0.805038 0.604557
3 0.855699 0.612381 0.855699 0.387923 0.850879 0.387923 0.850879 0.612381
3 0.594488 0.475455 0.594488 0.515699 0.613102 0.515699 0.613102 0.475455
3 0.594488 0.515699 0.594488 0.612445 0.599307 0.612445 0.599307 0.515699
2 0.594488 0.521835 0.594488 0.566341 0.599307 0.566341 0.599307 0.521835
3 0.594488 0.612445 0.805038 0.612381 0.805038 0.605565 0.599307 0.605629
3 0.594488 0.612445 0.594488 0.671529 0.599307 0.677512 0.599307 0.612445
2 0.594488 0.613601 0.594488 0.651429 0.599307 0.651429 0.599307 0.613601
3 0.599307 0.671529 0.664034 0.671529 0.668854 0.677512 0.599307 0.677512
3 0.664034 0.677512 0.664034 0.870783 0.668854 0.870783 0.668854 0.671529
3 0.664034 0.870783 0.664034 0.930170 0.678603 0.930170 0.678603 0.870783
3 0.668854 0.677512 0.668854 0.605606 0.664034 0.605606 0.664034 0.671529
3 0.599307 0.677512 0.420701 0.677512 0.424832 0.671529 0.594488 0.671529
2 0.451949 0.677512 0.426946 0.677512 0.426946 0.671529 0.451949 0.671529
2 0.586990 0.677512 0.550805 0.677512 0.550805 0.671529 0.586990 0.671529
3 0.424828 0.677512 0.424701 0.870534 0.420570 0.870530 0.420701 0.671529
2 0.424794 0.728177 0.424763 0.780080 0.420632 0.780075 0.420663 0.728172
3 0.420701 0.677512 0.420701 0.589359 0.424832 0.595342 0.424832 0.671529
3 0.420701 0.589359 0.548375 0.589359 0.544588 0.595342 0.424832 0.595342
3 0.548375 0.589359 0.548375 0.930170 0.544588 0.930170 0.544588 0.595342
2 0.548375 0.631417 0.548375 0.667262 0.544588 0.667262 0.544588 0.631417
3 0.486815 0.677512 0.486815 0.589359 0.483028 0.589359 0.483028 0.677512
3 0.311985 0.870534 0.311985 0.778386 0.308198 0.778386 0.308198 0.870534
3 0.311985 0.694767 0.311985 0.390597 0.308198 0.390597 0.308198 0.694767
2 0.311985 0.587734 0.311985 0.412201 0.308198 0.412201 0.308198 0.587734
3 0.073082 0.657946 0.311985 0.657946 0.311985 0.651963 0.073082 0.651963
3 0.308198 0.786892 0.424756 0.786892 0.424756 0.781829 0.308198 0.781829
2 0.317803 0.786892 0.359172 0.786892 0.359172 0.781829 0.317803 0.781829
2 0.365331 0.786892 0.394117 0.786892 0.394117 0.781829 0.365331 0.781829
3 0.364322 0.892166 0.364322 0.781829 0.361224 0.781829 0.361224 0.892166
3 0.594488 0.370056 0.594488 0.336425 0.601373 0.329981 0.601373 0.358549
3 0.601373 0.329981 0.379376 0.329981 0.379376 0.336425 0.594488 0.336425
2 0.569443 0.329981 0.533145 0.329981 0.533145 0.336425 0.569443 0.336425
2 0.523757 0.329981 0.487318 0.329981 0.487318 0.336425 0.523757 0.336425
3 0.531066 0.336425 0.531066 0.096902 0.526935 0.096902 0.526935 0.336425
