0 0.867102 0.160470 0.940600 0.160470 0.940600 0.597932 0.864971 0.598229 0.864971 0.161660 0.871913 0.159161 0.867102 0.160470
0 0.549490 0.442067 0.552730 0.442067 0.552730 0.596432 0.549881 0.596432 0.549881 0.884348 0.447412 0.884348 0.447412 0.789606 0.412217 0.789606 0.412217 0.719320 0.393679 0.719320 0.393679 0.502035 0.351605 0.502035 0.351605 0.381873 0.549490 0.381873
0 0.852710 0.596849 0.627098 0.596849 0.627098 0.596432 0.552730 0.596432 0.552730 0.442067 0.555329 0.442067 0.555329 0.163957 0.852710 0.163957
0 0.382702 0.369317 0.345276 0.369317 0.345276 0.502035 0.102691 0.502035 0.103012 0.163957 0.382702 0.163957
0 0.387840 0.789606 0.102107 0.789606 0.102691 0.513936 0.387840 0.513936
0 0.534858 0.240860 0.549490 0.240860 0.549490 0.369317 0.388541 0.369317 0.388541 0.163957 0.534858 0.163957
0 0.617756 0.814455 0.586227 0.814455 0.586227 0.884348 0.555720 0.884348 0.555720 0.613046 0.617756 0.613046
3 0.103012 0.163957 0.852710 0.163957 0.864971 0.146189 0.095445 0.146189
3 0.852710 0.163957 0.852710 0.596849 0.864971 0.613700 0.864971 0.146189
2 0.852710 0.452302 0.852710 0.544771 0.864971 0.544771 0.864971 0.452302
1 0.852710 0.225663 0.852710 0.401390 0.864971 0.401390 0.864971 0.225663
1 0.852710 0.399414 0.852710 0.440877 0.864971 0.440877 0.864971 0.399414
3 0.852710 0.596849 0.617756 0.596849 0.627098 0.613700 0.864971 0.613700
3 0.627098 0.613700 0.627098 0.903389 0.617756 0.884348 0.617756 0.596849
3 0.617756 0.884348 0.447412 0.884348 0.439822 0.903389 0.627098 0.903389
2 0.502436 0.884348 0.455038 0.884348 0.455038 0.903389 0.502436 0.903389
3 0.447412 0.884348 0.447412 0.789606 0.439822 0.806148 0.439822 0.903389
3 0.447412 0.789606 0.102107 0.789606 0.094493 0.806148 0.439822 0.806148
3 0.102107 0.789606 0.103012 0.163957 0.095445 0.146189 0.094493 0.806148
1 0.102837 0.284917 0.102918 0.226686 0.095328 0.226639 0.095246 0.284869
1 0.102621 0.433986 0.102837 0.283929 0.095246 0.283882 0.095030 0.433939
1 0.102364 0.609714 0.102440 0.559361 0.094849 0.559314 0.094773 0.609666
1 0.102148 0.761746 0.102364 0.608726 0.094773 0.608678 0.094557 0.761699
3 0.627098 0.596432 0.549881 0.596432 0.555720 0.613046 0.627098 0.613046
3 0.549881 0.596432 0.549881 0.903389 0.555720 0.903389 0.555720 0.613046
2 0.549881 0.656829 0.549881 0.724985 0.555720 0.724985 0.555720 0.656829
3 0.094914 0.513936 0.387840 0.513936 0.393679 0.502035 0.094914 0.502035
3 0.387840 0.513936 0.387840 0.805077 0.393679 0.805077 0.393679 0.502035
2 0.387840 0.624673 0.387840 0.703504 0.393679 0.703504 0.393679 0.624673
3 0.549490 0.146189 0.549490 0.442067 0.555329 0.442067 0.555329 0.146189
3 0.555329 0.369317 0.345276 0.369317 0.351605 0.381873 0.555329 0.381873
2 0.503662 0.369317 0.461098 0.369317 0.461098 0.381873 0.503662 0.381873
3 0.345276 0.369317 0.345276 0.513936 0.351605 0.513936 0.351605 0.381873
2 0.345276 0.395225 0.345276 0.491110 0.351605 0.491110 0.351605 0.395225
3 0.382702 0.146189 0.382702 0.379897 0.388541 0.379897 0.388541 0.146189
3 0.555323 0.163957 0.534858 0.163957 0.534858 0.240860 0.555323 0.240860
3 0.627098 0.814455 0.586227 0.814455 0.586227 0.884848 0.627098 0.884848
3 0.387840 0.791558 0.412217 0.791558 0.412217 0.719320 0.387840 0.719320
