0 0.930061 0.610583 0.150127 0.610583 0.150127 0.125156 0.930061 0.125156
0 0.541161 0.845063 0.440022 0.845063 0.440022 0.749205 0.429176 0.749205 0.429176 0.826342 0.150127 0.826342 0.150127 0.623026 0.541161 0.623026
0 0.930061 0.866079 0.746529 0.866079 0.746529 0.623026 0.930061 0.623026
0 0.730260 0.866079 0.557429 0.866079 0.557429 0.623026 0.730260 0.623026
3 0.150127 0.125156 0.930061 0.125156 1.000000 0.053259 0.117589 0.053259
1 0.379049 0.125156 0.613359 0.125156 0.613359 0.053259 0.379049 0.053259
3 0.930061 0.125156 0.930061 0.866079 1.000000 0.879905 1.000000 0.053259
3 0.150127 0.826342 0.150127 0.125156 0.117589 0.053259 0.117589 0.879905
3 0.541161 0.623026 0.541161 0.879905 0.557429 0.879905 0.557429 0.610583
2 0.541161 0.632124 0.541161 0.720225 0.557429 0.720225 0.557429 0.632124
3 0.117589 0.623026 0.541161 0.623026 0.557429 0.610583 0.117589 0.610583
3 0.930061 0.866079 0.730260 0.866079 0.730260 0.879905 1.000000 0.879905
3 0.730260 0.866079 0.541161 0.866079 0.541161 0.879905 0.730260 0.879905
2 0.721168 0.866079 0.564136 0.866079 0.564136 0.879905 0.721168 0.879905
3 0.557429 0.623026 0.730260 0.623026 0.746529 0.610583 0.557429 0.610583
2 0.571855 0.623026 0.713124 0.623026 0.713124 0.610583 0.571855 0.610583
3 0.746529 0.623026 1.000000 0.623026 1.000000 0.610583 0.746529 0.610583
3 0.730260 0.623026 0.730260 0.879905 0.746529 0.879905 0.746529 0.610583
2 0.730260 0.738669 0.730260 0.797030 0.746529 0.797030 0.746529 0.738669
3 0.541161 0.845063 0.429176 0.845063 0.429176 0.879905 0.541161 0.879905
3 0.429176 0.826342 0.150127 0.826342 0.117589 0.879905 0.429176 0.879905
3 0.429176 0.749205 0.429176 0.879905 0.440022 0.879905 0.440022 0.749205
