0 0.521161 0.906843 0.521161 0.974460 0.092940 0.974460 0.092940 0.754567 0.222459 0.754567 0.222459 0.906843 0.521161 0.906843 0.521161 0.906843
0 0.510204 0.890229 0.230635 0.890229 0.230635 0.754567 0.230875 0.754567 0.230875 0.507888 0.510204 0.507888
0 0.510204 0.507888 0.230875 0.507888 0.230875 0.435019 0.230639 0.435019 0.231482 0.135400 0.510204 0.135400
0 0.230639 0.434961 0.103897 0.434961 0.103897 0.135400 0.230639 0.135400
0 0.222868 0.601736 0.103897 0.601736 0.103897 0.447159 0.222868 0.447159
0 0.222868 0.741788 0.103897 0.741788 0.103897 0.615154 0.222868 0.615154
3 0.230635 0.890229 0.230635 0.741788 0.222206 0.754567 0.222206 0.906843
3 0.230635 0.741788 0.103897 0.741788 0.092940 0.754567 0.222206 0.754567
3 0.103897 0.741788 0.103897 0.135400 0.092940 0.118787 0.092940 0.754567
1 0.103897 0.601218 0.103897 0.533652 0.092940 0.533652 0.092940 0.601218
1 0.103897 0.372974 0.103897 0.224755 0.092940 0.224755 0.092940 0.372974
3 0.103897 0.135400 0.510204 0.135400 0.521161 0.118787 0.092940 0.118787
3 0.510204 0.135400 0.510204 0.890229 0.521161 0.906843 0.521161 0.118787
1 0.510204 0.582317 0.510204 0.713762 0.521161 0.713762 0.521161 0.582317
1 0.510204 0.322194 0.510204 0.454949 0.521161 0.454949 0.521161 0.322194
3 0.510204 0.890229 0.230635 0.890229 0.222206 0.906843 0.521161 0.906843
2 0.300291 0.890229 0.238857 0.890229 0.238857 0.906843 0.300291 0.906843
1 0.450287 0.890229 0.373403 0.890229 0.373403 0.906843 0.450287 0.906843
3 0.230875 0.754567 0.230875 0.435019 0.222868 0.447159 0.222868 0.754567
2 0.230875 0.597557 0.230875 0.537313 0.222868 0.537313 0.222868 0.597557
3 0.230875 0.435019 0.092940 0.435019 0.092940 0.447159 0.222868 0.447159
3 0.092940 0.615154 0.230635 0.615154 0.230635 0.601736 0.092940 0.601736
2 0.179824 0.615154 0.219821 0.615154 0.219821 0.601736 0.179824 0.601736
3 0.092940 0.754567 0.092940 0.879750 0.101790 0.879750 0.101790 0.754567
0 0.988200 0.700413 0.711521 0.700413 0.711521 0.423223 0.988200 0.423223
0 0.702250 0.700413 0.650166 0.700413 0.650166 0.612125 0.589996 0.612125 0.589996 0.423223 0.702250 0.423223
0 0.642159 0.700413 0.589996 0.700413 0.589996 0.624266 0.642159 0.624266
3 0.589996 0.423223 0.988200 0.423223 1.000000 0.401498 0.577354 0.401498
3 0.988200 0.423223 0.988200 0.700413 1.000000 0.719583 1.000000 0.401498
1 0.988200 0.532361 0.988200 0.602668 1.000000 0.602668 1.000000 0.532361
3 0.988200 0.700413 0.589996 0.700413 0.577354 0.719583 1.000000 0.719583
3 0.589996 0.700413 0.589996 0.423223 0.577354 0.401498 0.577354 0.719583
1 0.589996 0.597678 0.589996 0.527492 0.577354 0.527492 0.577354 0.597678
3 0.702250 0.401498 0.702250 0.719583 0.711521 0.719583 0.711521 0.401498
2 0.702250 0.499677 0.702250 0.560585 0.711521 0.560585 0.711521 0.499677
3 0.577354 0.624266 0.642159 0.624266 0.650166 0.612125 0.577354 0.612125
2 0.600869 0.624266 0.633208 0.624266 0.633208 0.612125 0.600869 0.612125
3 0.642159 0.624266 0.642159 0.719583 0.650166 0.719583 0.650166 0.612125
