0 0.697069 0.980419 0.595915 0.980419 0.595915 0.864634 0.640959 0.935391 0.666483 0.935391 0.666483 0.923735 0.637936 0.923735 0.595915 0.857779 0.595915 0.801507 0.558176 0.801507 0.558176 0.750087 0.697069 0.750087
0 0.451858 0.731935 0.409745 0.731935 0.409745 0.690275 0.409808 0.690275 0.425641 0.672738 0.451858 0.672738
0 0.571466 0.731935 0.519324 0.731935 0.519324 0.642796 0.571466 0.642796
0 0.342909 0.731935 0.268561 0.731935 0.268561 0.702088 0.282774 0.702088 0.282774 0.607002 0.342909 0.607002
0 0.554994 0.801507 0.539776 0.801507 0.539776 0.842049 0.457493 0.842049 0.457493 0.750087 0.554994 0.750087
0 0.451858 0.667961 0.424600 0.667961 0.406563 0.687857 0.406563 0.731935 0.352772 0.731935 0.352772 0.607002 0.451858 0.607002
0 0.571466 0.638019 0.516142 0.638019 0.516142 0.731935 0.464585 0.731935 0.464585 0.580901 0.571466 0.580901
0 0.695796 0.731935 0.581330 0.731935 0.581330 0.580901 0.695796 0.580901
0 0.454311 0.846826 0.542958 0.846826 0.542958 0.806284 0.592733 0.806284 0.592733 0.864262 0.578708 0.864262 0.578708 0.937049 0.581890 0.937049 0.581890 0.869039 0.592733 0.869039 0.592733 0.937049 0.388376 0.937049 0.388376 0.980414 0.283436 0.980414 0.283436 0.816234 0.268561 0.816234 0.268561 0.750087 0.454311 0.750087
0 0.444168 0.587416 0.444168 0.567554 0.413681 0.567554 0.413681 0.587416 0.444168 0.587416
0 0.309895 0.587416 0.309895 0.567812 0.342909 0.567812 0.342909 0.587416 0.309895 0.587416
0 0.522684 0.561315 0.522684 0.545221 0.551584 0.545221 0.551584 0.561110 0.522684 0.561315
0 0.600633 0.561315 0.600633 0.543736 0.631499 0.543736 0.631499 0.561325 0.600633 0.561315
3 0.283436 0.980414 0.388376 0.980414 0.399512 1.000000 0.270391 1.000000
3 0.388376 0.980414 0.388376 0.937049 0.399512 0.954246 0.399512 1.000000
3 0.388376 0.937049 0.595915 0.937049 0.584142 0.954246 0.399512 0.954246
3 0.595915 0.937049 0.595915 0.980419 0.584142 0.999527 0.584142 0.954246
3 0.595915 0.980419 0.697069 0.980419 0.708841 0.999527 0.584142 0.999527
3 0.697069 0.980419 0.697069 0.750087 0.708841 0.731935 0.708841 0.999527
1 0.697069 0.833288 0.697069 0.797126 0.708841 0.797126 0.708841 0.833288
3 0.708841 0.750087 0.708841 0.561315 0.695796 0.580901 0.695796 0.750087
1 0.708841 0.672327 0.708841 0.631116 0.695796 0.631116 0.695796 0.672327
3 0.695796 0.580901 0.464585 0.580901 0.451540 0.561315 0.708841 0.561315
2 0.551024 0.580901 0.523215 0.580901 0.523215 0.561315 0.551024 0.561315
2 0.628063 0.580901 0.603452 0.580901 0.603452 0.561315 0.628063 0.561315
1 0.503651 0.580901 0.476370 0.580901 0.476370 0.561315 0.503651 0.561315
1 0.681071 0.580901 0.653348 0.580901 0.653348 0.561315 0.681071 0.561315
3 0.464585 0.580901 0.464585 0.607002 0.451540 0.587416 0.451540 0.561315
3 0.464585 0.607002 0.282774 0.607002 0.269729 0.587416 0.451540 0.587416
2 0.340485 0.607002 0.311690 0.607002 0.311690 0.587416 0.340485 0.587416
2 0.443131 0.607002 0.416369 0.607002 0.416369 0.587416 0.443131 0.587416
1 0.392824 0.607002 0.363689 0.607002 0.363689 0.587416 0.392824 0.587416
3 0.282774 0.607002 0.282774 0.702088 0.269729 0.682502 0.269729 0.587416
1 0.282774 0.627137 0.282774 0.652059 0.269729 0.652059 0.269729 0.627137
3 0.282774 0.702088 0.268561 0.702088 0.255516 0.682502 0.269729 0.682502
3 0.268561 0.702088 0.268561 0.816234 0.255516 0.835820 0.255516 0.682502
3 0.268561 0.816234 0.283436 0.816234 0.270391 0.835820 0.255516 0.835820
3 0.283436 0.816234 0.283436 0.980414 0.270391 1.000000 0.270391 0.835820
3 0.697069 0.750087 0.268561 0.750087 0.268561 0.731935 0.708841 0.731935
2 0.644061 0.750087 0.613220 0.750087 0.613220 0.731935 0.644061 0.731935
3 0.352772 0.731935 0.352772 0.607002 0.342909 0.607002 0.342909 0.731935
3 0.464585 0.607002 0.464585 0.731935 0.451858 0.731935 0.451858 0.607002
2 0.464585 0.623464 0.464585 0.661775 0.451858 0.661775 0.451858 0.623464
3 0.581330 0.731935 0.581330 0.580901 0.571466 0.580901 0.571466 0.731935
2 0.581330 0.637408 0.581330 0.603911 0.571466 0.603911 0.571466 0.637408
3 0.571466 0.642796 0.519324 0.642796 0.516142 0.638019 0.571466 0.638019
3 0.519324 0.642796 0.519324 0.731935 0.516142 0.731935 0.516142 0.638019
2 0.519324 0.664006 0.519324 0.692023 0.516142 0.692023 0.516142 0.664006
3 0.595915 0.937049 0.595915 0.801507 0.592733 0.806284 0.592733 0.937049
2 0.595915 0.904728 0.595915 0.880695 0.592733 0.880695 0.592733 0.904728
2 0.595915 0.846563 0.595915 0.820958 0.592733 0.820958 0.592733 0.846563
3 0.595915 0.801507 0.554994 0.801507 0.554994 0.806284 0.592733 0.806284
3 0.558176 0.806284 0.558176 0.750087 0.554994 0.750087 0.554994 0.806284
2 0.558176 0.789325 0.558176 0.763124 0.554994 0.763124 0.554994 0.789325
3 0.554994 0.806284 0.542958 0.806284 0.539776 0.801507 0.554994 0.801507
3 0.542958 0.806284 0.542958 0.846826 0.539776 0.842049 0.539776 0.801507
3 0.542958 0.846826 0.454311 0.846826 0.457493 0.842049 0.539776 0.842049
3 0.457493 0.842049 0.457493 0.750087 0.454311 0.750087 0.454311 0.846826
3 0.594009 0.864262 0.578708 0.864262 0.581890 0.869039 0.594009 0.869039
3 0.578708 0.864262 0.578708 0.937049 0.581890 0.937049 0.581890 0.869039
3 0.451858 0.667961 0.424600 0.667961 0.425641 0.672738 0.451858 0.672738
3 0.424600 0.667961 0.406563 0.687857 0.409745 0.690275 0.425641 0.672738
2 0.421492 0.671386 0.408666 0.685536 0.410550 0.689386 0.423379 0.675237
3 0.406563 0.687857 0.406563 0.731935 0.409745 0.731935 0.409745 0.690275
3 0.595915 0.857779 0.637936 0.923735 0.640959 0.935391 0.593618 0.861080
2 0.618763 0.893640 0.630879 0.912658 0.628579 0.915958 0.616466 0.896946
3 0.640959 0.935391 0.666483 0.935391 0.666483 0.923735 0.637936 0.923735
0 0.270706 0.286930 0.246817 0.286930 0.246817 0.238687 0.270706 0.238687
0 0.359025 0.286930 0.275160 0.286930 0.275160 0.238687 0.299650 0.238687 0.299650 0.286930 0.304105 0.286930 0.304105 0.238687 0.359025 0.238687
0 0.476380 0.484697 0.411469 0.484697 0.411469 0.402580 0.407651 0.402580 0.407651 0.484697 0.364115 0.484697 0.364115 0.402580 0.476380 0.402580
0 0.359025 0.442530 0.246817 0.442530 0.246817 0.296006 0.359025 0.296006
0 0.167729 0.485122 0.053918 0.485122 0.053918 0.332220 0.167729 0.332220
0 0.476380 0.394937 0.364115 0.394937 0.364115 0.238687 0.476380 0.238687
0 0.167729 0.194323 0.167729 0.325055 0.040453 0.325055 0.040453 0.193845
0 0.226298 0.238687 0.240772 0.238687 0.240772 0.442530 0.173138 0.442530 0.173138 0.194323 0.226298 0.194323
0 0.225659 0.095712 0.225662 0.186202 0.053237 0.185763 0.053237 0.095712 0.225659 0.095712
0 0.476380 0.231044 0.352343 0.231044 0.352343 0.070575 0.476380 0.070575
0 0.352343 0.231044 0.231389 0.231044 0.231402 0.070575 0.352343 0.070575
0 0.172501 0.449696 0.235143 0.449696 0.235143 0.484711 0.172505 0.485108 0.172501 0.449696
0 0.358706 0.449696 0.311951 0.449696 0.311951 0.484711 0.358703 0.484697 0.358706 0.449696
3 0.053918 0.485122 0.167729 0.485122 0.172501 0.496109 0.047236 0.496109
1 0.094555 0.485122 0.125042 0.485122 0.125042 0.496109 0.094555 0.496109
3 0.172501 0.496109 0.172501 0.449696 0.167729 0.442530 0.167729 0.485122
3 0.167729 0.442530 0.364115 0.442530 0.358706 0.449696 0.172501 0.449696
2 0.188684 0.442530 0.212295 0.442530 0.212295 0.449696 0.188684 0.449696
1 0.269115 0.442530 0.312221 0.442530 0.312221 0.449696 0.269115 0.449696
3 0.364115 0.442530 0.364115 0.484697 0.358706 0.495206 0.358706 0.449696
2 0.364115 0.452495 0.364115 0.480894 0.358706 0.480894 0.358706 0.452495
3 0.364115 0.484697 0.476380 0.484697 0.482107 0.495206 0.358706 0.495206
1 0.371844 0.484697 0.400435 0.484697 0.400435 0.495206 0.371844 0.495206
1 0.428472 0.484697 0.456325 0.484697 0.456325 0.495206 0.428472 0.495206
3 0.476380 0.484697 0.476380 0.070575 0.482107 0.061977 0.482107 0.495206
1 0.476380 0.470094 0.476380 0.424125 0.482107 0.424125 0.482107 0.470094
1 0.476380 0.172210 0.476380 0.128315 0.482107 0.128315 0.482107 0.172210
1 0.476380 0.350449 0.476380 0.280954 0.482107 0.280954 0.482107 0.350449
3 0.034407 0.185705 0.034407 0.334131 0.040453 0.325055 0.040453 0.193845
1 0.034407 0.228006 0.034407 0.292165 0.040453 0.292165 0.040453 0.228006
3 0.040453 0.325055 0.053918 0.325055 0.047236 0.334131 0.034407 0.334131
3 0.053918 0.325055 0.053918 0.485122 0.047236 0.496109 0.047236 0.334131
1 0.053918 0.388398 0.053918 0.435322 0.047236 0.435322 0.047236 0.388398
3 0.167729 0.442530 0.167729 0.186202 0.173138 0.194323 0.173138 0.442530
2 0.167729 0.411748 0.167729 0.374095 0.173138 0.374095 0.173138 0.411748
2 0.167729 0.282807 0.167729 0.243617 0.173138 0.243617 0.173138 0.282807
3 0.173131 0.194323 0.040453 0.193845 0.034407 0.185705 0.173144 0.186202
3 0.167729 0.186202 0.231389 0.186202 0.226298 0.194323 0.173138 0.194323
2 0.176895 0.186202 0.212375 0.186202 0.212375 0.194323 0.176895 0.194323
2 0.176937 0.186202 0.212524 0.186202 0.212524 0.194323 0.176937 0.194323
3 0.231389 0.186202 0.231389 0.231044 0.226298 0.238687 0.226298 0.194323
2 0.231389 0.201231 0.231389 0.228421 0.226298 0.228421 0.226298 0.201231
3 0.231389 0.231044 0.476380 0.231044 0.476380 0.238687 0.226298 0.238687
2 0.384444 0.231044 0.409608 0.231044 0.409608 0.238687 0.384444 0.238687
3 0.352343 0.231044 0.352343 0.069094 0.347252 0.069094 0.347252 0.231044
2 0.352343 0.178597 0.352343 0.097560 0.347252 0.097560 0.347252 0.178597
3 0.364115 0.442530 0.364115 0.238687 0.359025 0.238687 0.359025 0.442530
2 0.364115 0.392028 0.364115 0.352436 0.359025 0.352436 0.359025 0.392028
2 0.364115 0.441088 0.364115 0.405939 0.359025 0.405939 0.359025 0.441088
3 0.364115 0.394937 0.476380 0.394937 0.476380 0.402580 0.364115 0.402580
2 0.414361 0.394937 0.438600 0.394937 0.438600 0.402580 0.414361 0.402580
3 0.411469 0.402580 0.411469 0.484697 0.407651 0.484697 0.407651 0.402580
3 0.246817 0.238687 0.246817 0.442530 0.240772 0.442530 0.240772 0.238687
2 0.246817 0.409364 0.246817 0.439731 0.240772 0.439731 0.240772 0.409364
2 0.246817 0.309883 0.246817 0.343074 0.240772 0.343074 0.240772 0.309883
3 0.246817 0.286930 0.359025 0.286930 0.359025 0.296006 0.246817 0.296006
2 0.276026 0.286930 0.298909 0.286930 0.298909 0.296006 0.276026 0.296006
3 0.053918 0.325055 0.167729 0.325055 0.167729 0.332220 0.053918 0.332220
2 0.082754 0.325055 0.136793 0.325055 0.136793 0.332220 0.082754 0.332220
3 0.275160 0.238687 0.275160 0.286930 0.270706 0.286930 0.270706 0.238687
2 0.275160 0.250438 0.275160 0.274634 0.270706 0.274634 0.270706 0.250438
3 0.304105 0.238687 0.304105 0.286930 0.299650 0.286930 0.299650 0.238687
2 0.304105 0.250438 0.304105 0.273893 0.299650 0.273893 0.299650 0.250438
3 0.225662 0.061977 0.225662 0.186202 0.231402 0.186202 0.231402 0.070575
3 0.225662 0.061977 0.482107 0.061977 0.476380 0.070575 0.231402 0.070575
1 0.248834 0.061977 0.278469 0.061977 0.278469 0.070575 0.248834 0.070575
1 0.298416 0.061977 0.328050 0.061977 0.328050 0.070575 0.298416 0.070575
1 0.372789 0.061977 0.401711 0.061977 0.401711 0.070575 0.372789 0.070575
1 0.425078 0.061977 0.454569 0.061977 0.454569 0.070575 0.425078 0.070575
0 0.705548 0.133655 0.705548 0.179070 0.608082 0.179070 0.608082 0.133655 0.705548 0.133655
0 0.653224 0.321214 0.634815 0.321214 0.634815 0.249177 0.653224 0.249177
0 0.878708 0.307619 0.861753 0.307619 0.852226 0.296937 0.852226 0.223945 0.878708 0.223945
0 0.718005 0.339242 0.657361 0.339242 0.657361 0.249177 0.718005 0.249177
0 0.744146 0.436884 0.680282 0.436884 0.680282 0.345453 0.744146 0.345453
0 0.823282 0.181936 0.741562 0.181936 0.741562 0.128052 0.768652 0.128052 0.768652 0.122797 0.741562 0.122797 0.741562 0.065492 0.823282 0.065492
0 0.630679 0.321214 0.544262 0.321214 0.544262 0.188146 0.630679 0.188146
0 0.982907 0.479538 0.865252 0.479538 0.865252 0.436884 0.861170 0.436884 0.876064 0.383888 0.982907 0.383888
0 0.982907 0.375290 0.905606 0.375290 0.905606 0.322623 0.882844 0.322623 0.882844 0.201197 0.982907 0.201197
0 0.653224 0.345453 0.676146 0.345453 0.676146 0.478248 0.556748 0.478248 0.556748 0.327424 0.653224 0.327424
0 0.982907 0.194987 0.878708 0.194987 0.878708 0.218690 0.852226 0.218690 0.829636 0.188146 0.828055 0.185825 0.828055 0.065492 0.982907 0.065492
0 0.846067 0.218690 0.847454 0.218690 0.847454 0.300530 0.860168 0.314784 0.878072 0.314784 0.878072 0.329789 0.900834 0.329789 0.900834 0.375290 0.873986 0.375290 0.856722 0.436884 0.748282 0.436884 0.748282 0.339242 0.722141 0.339242 0.722141 0.242967 0.634815 0.242967 0.634815 0.188146 0.823476 0.188146
3 0.556748 0.478248 0.676146 0.478248 0.682827 0.488280 0.550066 0.488280
1 0.587385 0.478248 0.600923 0.478248 0.600923 0.488280 0.587385 0.488280
1 0.602336 0.478248 0.615066 0.478248 0.615066 0.488280 0.602336 0.488280
1 0.616682 0.478248 0.629412 0.478248 0.629412 0.488280 0.616682 0.488280
1 0.631029 0.478248 0.644163 0.478248 0.644163 0.488280 0.631029 0.488280
3 0.676146 0.478248 0.676146 0.436884 0.682827 0.446916 0.682827 0.488280
3 0.982907 0.375290 0.982907 0.065492 0.989589 0.055461 0.989589 0.383888
1 0.982907 0.259858 0.982907 0.241142 0.989589 0.241142 0.989589 0.259858
1 0.982907 0.281895 0.982907 0.262878 0.989589 0.262878 0.989589 0.281895
1 0.982907 0.305445 0.982907 0.286423 0.989589 0.286423 0.989589 0.305445
3 0.982907 0.065492 0.741562 0.065492 0.735835 0.055461 0.989589 0.055461
1 0.881260 0.065492 0.828405 0.065492 0.828405 0.055461 0.881260 0.055461
3 0.741562 0.065492 0.741562 0.181936 0.735835 0.181936 0.735835 0.055461
3 0.544262 0.188146 0.544262 0.321214 0.537581 0.331246 0.537581 0.179070
1 0.544262 0.298738 0.544262 0.320541 0.537581 0.320541 0.537581 0.298738
1 0.544262 0.277132 0.544262 0.297004 0.537581 0.297004 0.537581 0.277132
1 0.544262 0.255134 0.544262 0.275584 0.537581 0.275584 0.537581 0.255134
1 0.544262 0.231985 0.544262 0.252822 0.537581 0.252822 0.537581 0.231985
1 0.544262 0.210761 0.544262 0.230442 0.537581 0.230442 0.537581 0.210761
1 0.544262 0.190310 0.544262 0.209414 0.537581 0.209414 0.537581 0.190310
3 0.544262 0.321214 0.556748 0.321214 0.550066 0.331246 0.537581 0.331246
3 0.556748 0.321214 0.556748 0.478248 0.550066 0.488280 0.550066 0.331246
1 0.556748 0.337207 0.556748 0.357223 0.550066 0.357223 0.550066 0.337207
1 0.556748 0.360557 0.556748 0.380387 0.550066 0.380387 0.550066 0.360557
3 0.544262 0.188146 0.741562 0.188146 0.735835 0.179070 0.537581 0.179070
1 0.545583 0.188146 0.558676 0.188146 0.558676 0.179070 0.545583 0.179070
1 0.560346 0.188146 0.572866 0.188146 0.572866 0.179070 0.560346 0.179070
1 0.574537 0.188146 0.587283 0.188146 0.587283 0.179070 0.574537 0.179070
1 0.589033 0.188146 0.603239 0.188146 0.603239 0.179070 0.589033 0.179070
2 0.636622 0.188146 0.655299 0.188146 0.655299 0.179070 0.636622 0.179070
1 0.608349 0.188146 0.628954 0.188146 0.628954 0.179070 0.608349 0.179070
3 0.634815 0.188146 0.634815 0.321214 0.630679 0.327424 0.630679 0.188146
2 0.634815 0.189833 0.634815 0.242743 0.630679 0.242743 0.630679 0.189833
3 0.630679 0.321214 0.556748 0.321214 0.556748 0.327424 0.634815 0.327424
2 0.627933 0.321214 0.570264 0.321214 0.570264 0.327424 0.627933 0.327424
3 0.630679 0.327424 0.653224 0.327424 0.657361 0.321214 0.634815 0.321214
2 0.636577 0.327424 0.651770 0.327424 0.651770 0.321214 0.636577 0.321214
3 0.657361 0.327424 0.657361 0.249177 0.653224 0.242967 0.653224 0.321214
3 0.657361 0.242967 0.634815 0.242967 0.634815 0.249177 0.657361 0.249177
3 0.653224 0.242967 0.722141 0.242967 0.718005 0.249177 0.657361 0.249177
2 0.678182 0.242967 0.698418 0.242967 0.698418 0.249177 0.678182 0.249177
3 0.722141 0.242967 0.722141 0.339242 0.718005 0.345453 0.718005 0.249177
3 0.722141 0.345453 0.653224 0.345453 0.657361 0.339242 0.722141 0.339242
3 0.657361 0.339242 0.657361 0.321214 0.653224 0.327424 0.653224 0.345453
3 0.676146 0.436884 0.676146 0.345453 0.680282 0.345453 0.680282 0.436884
2 0.676146 0.385326 0.676146 0.349551 0.680282 0.349551 0.680282 0.385326
3 0.718005 0.345453 0.744146 0.345453 0.748282 0.339242 0.722141 0.339242
3 0.748282 0.339242 0.748282 0.436884 0.744146 0.436884 0.744146 0.345453
3 0.873986 0.375290 0.982907 0.375290 0.989589 0.383888 0.876064 0.383888
2 0.877448 0.375290 0.894267 0.375290 0.894267 0.383888 0.877448 0.383888
1 0.907888 0.375290 0.921197 0.375290 0.921197 0.383888 0.907888 0.383888
1 0.922540 0.375290 0.936263 0.375290 0.936263 0.383888 0.922540 0.383888
1 0.937812 0.375290 0.951226 0.375290 0.951226 0.383888 0.937812 0.383888
3 0.905606 0.375290 0.905606 0.322623 0.900834 0.329789 0.900834 0.375290
2 0.905606 0.362306 0.905606 0.332096 0.900834 0.332096 0.900834 0.362306
3 0.905606 0.322623 0.882844 0.322623 0.878072 0.329789 0.900834 0.329789
3 0.882844 0.322623 0.882844 0.307619 0.878072 0.307619 0.878072 0.329789
3 0.882844 0.307619 0.861753 0.307619 0.860168 0.314784 0.878072 0.314784
3 0.860168 0.314784 0.847454 0.300530 0.852226 0.296937 0.861753 0.307619
3 0.847454 0.300530 0.847454 0.218690 0.852226 0.223945 0.852226 0.296937
3 0.823282 0.181936 0.823282 0.065492 0.828055 0.065492 0.828055 0.188146
3 0.735835 0.188146 0.828055 0.188146 0.823282 0.181936 0.741562 0.181936
2 0.780933 0.188146 0.801134 0.188146 0.801134 0.181936 0.780933 0.181936
3 0.823623 0.188146 0.846067 0.218690 0.852226 0.218690 0.826400 0.183546
2 0.827800 0.193831 0.841036 0.211840 0.843814 0.207240 0.830578 0.189231
3 0.882844 0.307619 0.882844 0.201197 0.878708 0.194987 0.878708 0.307619
3 0.878708 0.194987 0.982907 0.194987 0.982907 0.201197 0.882844 0.201197
3 0.847454 0.218690 0.878708 0.218690 0.878708 0.223945 0.852226 0.223945
3 0.741562 0.128052 0.768652 0.128052 0.768652 0.122797 0.741562 0.122797
3 0.676146 0.436884 0.856722 0.436884 0.858399 0.446916 0.682827 0.446916
3 0.856722 0.436884 0.873986 0.375290 0.876064 0.383888 0.858399 0.446916
1 0.866038 0.403641 0.871966 0.382488 0.875781 0.384896 0.869850 0.406049
1 0.858323 0.431171 0.865112 0.406947 0.868924 0.409359 0.862134 0.433583
