0 0.425910 0.385478 0.431778 0.385478 0.431778 0.370664 0.507425 0.370664 0.507425 0.513930 0.349162 0.513930 0.349162 0.346440 0.425910 0.346440
0 0.639278 0.426397 0.753767 0.426397 0.753767 0.674330 0.753731 0.674330 0.753731 0.579121 0.748765 0.579121 0.748765 0.784724 0.563108 0.784724 0.563108 0.515954 0.513293 0.515954 0.513293 0.411988 0.639278 0.411988
0 0.817872 0.216889 0.820133 0.216889 0.820133 0.371669 0.852561 0.420360 0.852561 0.426397 0.639278 0.426397 0.639278 0.216538 0.677073 0.161223 0.677068 0.161000 0.781211 0.161000
0 0.852561 0.674330 0.753767 0.674330 0.753767 0.426397 0.852561 0.426397
0 0.425739 0.671132 0.420773 0.671132 0.420773 0.692503 0.344865 0.692503 0.344865 0.609193 0.425739 0.609193
0 0.558594 0.784724 0.425739 0.784724 0.425739 0.522699 0.558594 0.522699
0 0.796950 0.935970 0.853170 0.935970 0.853170 1.000000 0.796950 1.000000 0.796950 0.935970 0.796950 0.935970
0 0.331323 0.558438 0.330985 0.198001 0.632887 0.198001 0.673728 0.137781 0.629100 0.073137 0.466769 0.073144 0.344526 0.073137 0.210678 0.073137 0.210678 0.198001 0.213838 0.198001 0.213838 0.462939 0.288541 0.462939 0.288541 0.558796 0.331323 0.558438 0.331323 0.558438
0 0.173525 0.462939 0.288541 0.462939 0.288541 0.558796 0.331346 0.558796 0.331323 0.804961 0.347365 0.804961 0.347365 0.956477 0.173525 0.956477 0.173525 0.462939 0.173525 0.462939
0 0.987361 0.477948 0.929995 0.477948 0.929995 0.415645 0.855720 0.415645 0.825008 0.369430 0.825008 0.216889 0.987361 0.216889
0 0.987361 0.784724 0.857075 0.784724 0.857075 0.553197 0.929995 0.553197 0.929995 0.486718 0.987361 0.486718
0 0.635252 0.403367 0.513293 0.403367 0.513293 0.216889 0.635252 0.216889
0 0.851951 0.917560 0.732299 0.917560 0.732299 0.804961 0.851951 0.804961
0 0.852561 0.784724 0.753731 0.784724 0.753731 0.681750 0.852561 0.681750
0 0.503895 0.361045 0.431778 0.361045 0.431778 0.222960 0.503895 0.222960
0 0.423554 0.285830 0.428032 0.285830 0.428032 0.334500 0.349162 0.334500 0.349162 0.222960 0.423554 0.222960
0 0.925481 0.546451 0.857075 0.546451 0.857075 0.422390 0.925481 0.422390
0 0.420773 0.784724 0.344865 0.784724 0.344865 0.699174 0.420773 0.699174
0 0.418968 0.600774 0.344865 0.600774 0.344865 0.522699 0.418968 0.522699
3 0.513293 0.198001 0.632887 0.198001 0.639165 0.216889 0.513293 0.216889
1 0.522659 0.198001 0.603773 0.198001 0.603773 0.216889 0.522659 0.216889
3 0.824837 0.198001 1.000000 0.198001 0.987361 0.216889 0.817872 0.216889
1 0.850448 0.198001 0.930338 0.198001 0.930338 0.216889 0.850448 0.216889
3 1.000000 0.198001 1.000000 0.804961 0.987361 0.784724 0.987361 0.216889
3 1.000000 0.804961 0.863687 0.804961 0.851951 0.784724 0.987361 0.784724
1 0.956604 0.804961 0.885421 0.804961 0.885421 0.784724 0.956604 0.784724
3 0.863687 0.804961 0.732299 0.804961 0.732299 0.784724 0.863687 0.784724
2 0.825446 0.804961 0.785666 0.804961 0.785666 0.784724 0.825446 0.784724
3 0.721917 0.804961 0.331323 0.804961 0.344865 0.784724 0.732299 0.784724
1 0.697836 0.804961 0.614926 0.804961 0.614926 0.784724 0.697836 0.784724
1 0.527620 0.804961 0.444512 0.804961 0.444512 0.784724 0.527620 0.784724
3 0.331323 0.804961 0.331323 0.522699 0.344865 0.522699 0.344865 0.784724
2 0.331323 0.757909 0.331323 0.704874 0.344865 0.704874 0.344865 0.757909
3 0.331323 0.522699 0.331323 0.198001 0.349162 0.222960 0.349162 0.522699
2 0.331323 0.442122 0.331323 0.386382 0.349162 0.386382 0.349162 0.442122
3 0.331323 0.198001 0.513293 0.198001 0.513293 0.222960 0.349162 0.222960
1 0.363963 0.198001 0.419081 0.198001 0.419081 0.222960 0.363963 0.222960
1 0.431877 0.198001 0.486504 0.198001 0.486504 0.222960 0.431877 0.222960
3 0.677068 0.161000 0.781211 0.161000 0.785336 0.137781 0.673728 0.137781
1 0.684051 0.161000 0.776914 0.161000 0.776914 0.137781 0.684051 0.137781
3 0.781211 0.161000 0.817872 0.216889 0.824837 0.198001 0.785336 0.137781
1 0.784100 0.165398 0.812379 0.208510 0.822250 0.194054 0.793967 0.150942
3 0.677068 0.161000 0.639165 0.216889 0.632887 0.198001 0.673728 0.137781
2 0.672035 0.168421 0.646248 0.206446 0.636832 0.192186 0.662619 0.154153
3 0.673728 0.137781 0.629100 0.073137 0.626148 0.081697 0.669435 0.144399
1 0.673430 0.137350 0.634151 0.080456 0.629858 0.087074 0.669137 0.143967
3 0.629100 0.073137 0.480311 0.073137 0.480311 0.081697 0.626148 0.081697
1 0.548113 0.073137 0.481083 0.073137 0.481083 0.081697 0.548113 0.081697
1 0.615730 0.073137 0.548113 0.073137 0.548113 0.081697 0.615730 0.081697
3 0.820133 0.198001 0.820133 0.371669 0.825008 0.369430 0.825008 0.198001
3 0.857075 0.804961 0.857075 0.417581 0.852561 0.420360 0.852561 0.804961
2 0.857075 0.611871 0.857075 0.558243 0.852561 0.558243 0.852561 0.611871
2 0.857075 0.519326 0.857075 0.465819 0.852561 0.465819 0.852561 0.519326
3 0.857075 0.417581 0.825008 0.369430 0.820133 0.371669 0.852561 0.420360
2 0.853179 0.411732 0.827563 0.373261 0.824363 0.378017 0.849979 0.416488
3 0.852561 0.422390 0.925481 0.422390 0.929995 0.415645 0.852561 0.415645
3 0.852561 0.553197 0.929995 0.553197 0.925481 0.546451 0.852561 0.546451
3 0.929995 0.415645 0.929995 0.553197 0.925481 0.546451 0.925481 0.422390
3 0.748765 0.579121 0.748765 0.804961 0.753731 0.804961 0.753731 0.579121
3 0.748765 0.681750 0.857075 0.681750 0.857075 0.674330 0.748765 0.674330
2 0.782845 0.681750 0.823167 0.681750 0.823167 0.674330 0.782845 0.674330
3 0.331323 0.522699 0.513293 0.522699 0.507425 0.513930 0.331323 0.513930
2 0.352281 0.522699 0.389466 0.522699 0.389466 0.513930 0.352281 0.513930
3 0.513293 0.522699 0.513293 0.361045 0.507425 0.370664 0.507425 0.513930
2 0.513293 0.468228 0.513293 0.414525 0.507425 0.414525 0.507425 0.468228
3 0.513293 0.370664 0.513293 0.198001 0.503895 0.198001 0.503895 0.370664
3 0.331323 0.346440 0.425910 0.346440 0.431778 0.334500 0.331323 0.334500
3 0.431778 0.346440 0.431778 0.285830 0.428032 0.285830 0.428032 0.346440
2 0.431778 0.331984 0.431778 0.289675 0.428032 0.289675 0.428032 0.331984
3 0.431778 0.285830 0.431778 0.198001 0.423554 0.198001 0.423554 0.285830
3 0.431778 0.334500 0.431778 0.385478 0.425910 0.385478 0.425910 0.346440
3 0.507425 0.370664 0.425910 0.370664 0.425910 0.361045 0.513293 0.361045
2 0.469274 0.370664 0.433462 0.370664 0.433462 0.361045 0.469274 0.361045
3 0.507425 0.411988 0.639278 0.411988 0.635252 0.403367 0.507425 0.403367
2 0.596582 0.411988 0.632228 0.411988 0.632228 0.403367 0.596582 0.403367
3 0.639278 0.411988 0.639278 0.198001 0.635252 0.198001 0.635252 0.403367
3 0.925481 0.486718 1.000000 0.486718 1.000000 0.477948 0.925481 0.477948
3 0.507425 0.522699 0.558594 0.522699 0.563108 0.515954 0.507425 0.515954
2 0.515839 0.522699 0.551363 0.522699 0.551363 0.515954 0.515839 0.515954
3 0.563108 0.515954 0.563108 0.804961 0.558594 0.804961 0.558594 0.522699
3 0.425739 0.513930 0.425739 0.609193 0.418968 0.600774 0.418968 0.513930
2 0.425739 0.526524 0.425739 0.566641 0.418968 0.566641 0.418968 0.526524
3 0.425739 0.609193 0.331323 0.609193 0.331323 0.600774 0.418968 0.600774
3 0.425739 0.671132 0.425739 0.804961 0.420773 0.804961 0.420773 0.671132
3 0.425739 0.692503 0.331323 0.692503 0.331323 0.699174 0.425739 0.699174
3 0.224219 0.198001 0.224219 0.462939 0.213838 0.445400 0.213838 0.198001
3 0.224219 0.462939 0.173525 0.462939 0.173525 0.445400 0.213838 0.445400
3 0.173525 0.445400 0.173525 0.956477 0.161789 0.938938 0.161789 0.462939
2 0.173525 0.468983 0.173525 0.523158 0.161789 0.523158 0.161789 0.468983
2 0.159514 0.956477 0.045021 0.956477 0.045021 0.938938 0.159514 0.938938
3 0.721917 0.804961 0.721917 0.935774 0.732299 0.917560 0.732299 0.784724
1 0.721917 0.823356 0.721917 0.917055 0.732299 0.917055 0.732299 0.823356
3 0.721917 0.935774 0.863687 0.935774 0.851951 0.917560 0.732299 0.917560
2 0.802534 0.935774 0.842842 0.935774 0.842842 0.917560 0.802534 0.917560
1 0.732421 0.935774 0.795429 0.935774 0.795429 0.917560 0.732421 0.917560
3 0.863687 0.935774 0.863687 0.804961 0.851951 0.784724 0.851951 0.917560
1 0.863687 0.917520 0.863687 0.824321 0.851951 0.824321 0.851951 0.917520
