0 0.298181 0.328579 0.343861 0.328579 0.343861 0.367277 0.305220 0.367277 0.305220 0.483870 0.080562 0.483870 0.080562 0.052234 0.298181 0.052234
0 0.572518 0.382992 0.562662 0.382992 0.562662 0.447289 0.432491 0.447289 0.432491 0.483870 0.313668 0.483870 0.313668 0.434239 0.305220 0.434239 0.305220 0.367277 0.343861 0.367277 0.343861 0.328579 0.313668 0.328579 0.313668 0.219645 0.572518 0.219645
0 0.722787 0.541419 0.572518 0.541419 0.572518 0.219645 0.722787 0.219645
0 0.985917 0.988098 0.605682 0.988098 0.605682 0.705502 0.741794 0.705502 0.741794 0.629743 0.985917 0.629743
0 0.598269 0.988098 0.421439 0.988098 0.421439 0.705502 0.598269 0.705502
0 0.562662 0.691530 0.443304 0.691530 0.443304 0.457122 0.562662 0.457122
0 0.318356 0.691530 0.187094 0.691530 0.187094 0.491632 0.318356 0.491632
0 0.432491 0.691530 0.326804 0.691530 0.326804 0.491632 0.432491 0.491632
0 0.513652 0.208260 0.313668 0.208260 0.313668 0.052234 0.513652 0.052234
0 0.178647 0.691530 0.080562 0.691530 0.080562 0.491632 0.178647 0.491632
0 0.722787 0.208260 0.527731 0.208260 0.527731 0.052234 0.722787 0.052234
0 0.722787 0.691530 0.572518 0.691530 0.572518 0.552804 0.722787 0.552804
3 0.080562 0.052234 0.722787 0.052234 0.741794 0.037228 0.058739 0.037228
1 0.139569 0.052234 0.228551 0.052234 0.228551 0.037228 0.139569 0.037228
1 0.385952 0.052234 0.452878 0.052234 0.452878 0.037228 0.385952 0.037228
1 0.579621 0.052234 0.666357 0.052234 0.666357 0.037228 0.579621 0.037228
3 0.741794 0.037228 0.741794 0.620428 0.722787 0.629743 0.722787 0.052234
1 0.741794 0.323265 0.741794 0.385011 0.722787 0.385011 0.722787 0.323265
3 0.722787 0.629743 0.985917 0.629743 0.999997 0.620428 0.741794 0.620428
3 0.999997 0.620428 0.999997 1.000000 0.985917 0.988098 0.985917 0.629743
1 0.999997 0.697647 0.999997 0.769002 0.985917 0.769002 0.985917 0.697647
1 0.999997 0.769002 0.999997 0.822520 0.985917 0.822520 0.985917 0.769002
1 0.999997 0.822520 0.999997 0.892628 0.985917 0.892628 0.985917 0.822520
3 0.985917 0.988098 0.605682 0.988098 0.605682 1.000000 0.999997 1.000000
2 0.919751 0.988098 0.662612 0.988098 0.662612 1.000000 0.919751 1.000000
3 0.605682 0.988098 0.421439 0.988098 0.408767 1.000000 0.605682 1.000000
2 0.534602 0.988098 0.479918 0.988098 0.479918 1.000000 0.534602 1.000000
3 0.421439 0.988098 0.421439 0.691530 0.408767 0.703432 0.408767 1.000000
3 0.421439 0.691530 0.080562 0.691530 0.058739 0.703432 0.408767 0.703432
1 0.140153 0.691530 0.100900 0.691530 0.100900 0.703432 0.140153 0.703432
1 0.270444 0.691530 0.215323 0.691530 0.215323 0.703432 0.270444 0.703432
1 0.396969 0.691530 0.343101 0.691530 0.343101 0.703432 0.396969 0.703432
3 0.058739 0.703432 0.058739 0.037228 0.080562 0.052234 0.080562 0.691530
1 0.058739 0.396390 0.058739 0.335063 0.080562 0.335063 0.080562 0.396390
3 0.722787 0.691530 0.722787 0.629743 0.741794 0.629743 0.741794 0.705502
3 0.421439 0.691530 0.605682 0.691530 0.598269 0.705502 0.421439 0.705502
2 0.475201 0.691530 0.533616 0.691530 0.533616 0.705502 0.475201 0.705502
3 0.605682 0.691530 0.722787 0.691530 0.741794 0.705502 0.605682 0.705502
3 0.605682 0.691530 0.605682 1.000000 0.598269 1.000000 0.598269 0.705502
2 0.605682 0.731205 0.605682 0.768308 0.598269 0.768308 0.598269 0.731205
3 0.572518 0.705502 0.572518 0.382992 0.562662 0.382992 0.562662 0.705502
2 0.572518 0.639445 0.572518 0.606146 0.562662 0.606146 0.562662 0.639445
3 0.562662 0.552804 0.741794 0.552804 0.741794 0.541419 0.562662 0.541419
3 0.572518 0.447289 0.432491 0.447289 0.443304 0.457122 0.572518 0.457122
2 0.532363 0.447289 0.477292 0.447289 0.477292 0.457122 0.532363 0.457122
3 0.432491 0.447289 0.432491 0.705502 0.443304 0.705502 0.443304 0.457122
2 0.432491 0.597452 0.432491 0.628759 0.443304 0.628759 0.443304 0.597452
3 0.443304 0.483870 0.058739 0.483870 0.058739 0.491632 0.443304 0.491632
2 0.141561 0.483870 0.100696 0.483870 0.100696 0.491632 0.141561 0.491632
3 0.326804 0.703432 0.326804 0.483870 0.318356 0.483870 0.318356 0.703432
2 0.326804 0.628511 0.326804 0.597452 0.318356 0.597452 0.318356 0.628511
3 0.187094 0.703432 0.187094 0.483870 0.178647 0.483870 0.178647 0.703432
3 0.313668 0.491632 0.313668 0.434239 0.305220 0.434239 0.305220 0.491632
3 0.313668 0.328579 0.313668 0.037228 0.298181 0.037228 0.298181 0.328579
3 0.298181 0.219645 0.741794 0.219645 0.741794 0.208260 0.298181 0.208260
2 0.414406 0.219645 0.471660 0.219645 0.471660 0.208260 0.414406 0.208260
2 0.603704 0.219645 0.658036 0.219645 0.658036 0.208260 0.603704 0.208260
3 0.527731 0.219645 0.527731 0.037228 0.513652 0.037228 0.513652 0.219645
