0 0.193252 0.327305 0.031800 0.327305 0.031800 0.162435 0.443514 0.162435 0.443514 0.326693 0.334308 0.326693 0.334308 0.275000 0.193252 0.275000 0.193252 0.327305 0.193252 0.327305
0 0.161596 0.661379 0.198591 0.661379 0.198591 0.813527 0.042527 0.813527 0.042527 0.591297 0.161596 0.591297
0 0.322866 0.813527 0.203955 0.813527 0.203955 0.716769 0.198591 0.716769 0.198591 0.661379 0.322866 0.661379
0 0.322866 0.653424 0.166244 0.653424 0.166244 0.539169 0.161596 0.539169 0.161596 0.583341 0.042527 0.583341 0.042527 0.346276 0.133990 0.346276 0.133990 0.427711 0.204337 0.427711 0.204337 0.294583 0.322866 0.294583
0 0.432072 0.446945 0.388257 0.446945 0.361345 0.493945 0.361345 0.582117 0.328229 0.582117 0.328229 0.346276 0.432072 0.346276
0 0.432072 0.813527 0.328229 0.813527 0.328229 0.591297 0.432072 0.591297
0 0.429118 0.580465 0.365994 0.580465 0.365994 0.497194 0.390209 0.454901 0.429118 0.454901
0 0.200447 0.419756 0.138639 0.419756 0.138639 0.346276 0.200447 0.346276
3 0.432072 0.813527 0.042527 0.813527 0.031800 0.830662 0.443514 0.830662
3 0.042527 0.813527 0.042527 0.346276 0.031800 0.327305 0.031800 0.830662
1 0.042527 0.491919 0.042527 0.436352 0.031800 0.436352 0.031800 0.491919
1 0.042527 0.435471 0.042527 0.379029 0.031800 0.379029 0.031800 0.435471
3 0.042527 0.346276 0.204337 0.346276 0.193252 0.327305 0.031800 0.327305
1 0.053487 0.346276 0.107661 0.346276 0.107661 0.327305 0.053487 0.327305
2 0.148848 0.346276 0.177901 0.346276 0.177901 0.327305 0.148848 0.327305
3 0.204337 0.346276 0.204337 0.294583 0.193252 0.275000 0.193252 0.327305
3 0.204337 0.294583 0.322866 0.294583 0.334308 0.275000 0.193252 0.275000
1 0.230913 0.294583 0.263321 0.294583 0.263321 0.275000 0.230913 0.275000
1 0.263671 0.294583 0.296959 0.294583 0.296959 0.275000 0.263671 0.275000
3 0.322866 0.294583 0.322866 0.346276 0.334308 0.326693 0.334308 0.275000
3 0.322866 0.346276 0.432072 0.346276 0.443514 0.326693 0.334308 0.326693
1 0.348916 0.346276 0.402281 0.346276 0.402281 0.326693 0.348916 0.326693
3 0.443514 0.830662 0.503263 0.830662 0.492535 0.811691 0.443514 0.811691
3 0.503263 0.830662 0.503263 0.326693 0.492535 0.326693 0.492535 0.811691
3 0.361345 0.591297 0.361345 0.493945 0.365994 0.497194 0.365994 0.580465
3 0.361345 0.493945 0.388257 0.446945 0.390209 0.454901 0.365994 0.497194
2 0.366262 0.485359 0.384549 0.453426 0.387867 0.458995 0.369580 0.490928
3 0.388257 0.446945 0.432072 0.446945 0.432072 0.454901 0.390209 0.454901
3 0.328229 0.661379 0.161596 0.661379 0.166244 0.653424 0.328229 0.653424
2 0.290801 0.661379 0.261115 0.661379 0.261115 0.653424 0.290801 0.653424
3 0.161596 0.661379 0.161596 0.539169 0.166244 0.539169 0.166244 0.653424
3 0.166244 0.591297 0.031800 0.591297 0.031800 0.583341 0.166244 0.583341
2 0.118496 0.591297 0.089045 0.591297 0.089045 0.583341 0.118496 0.583341
3 0.133990 0.346276 0.133990 0.427711 0.138639 0.419756 0.138639 0.346276
3 0.133990 0.427711 0.204337 0.427711 0.200447 0.419756 0.138639 0.419756
2 0.148848 0.427711 0.178413 0.427711 0.178413 0.419756 0.148848 0.419756
3 0.204337 0.427711 0.204337 0.346276 0.200447 0.346276 0.200447 0.419756
3 0.203955 0.830662 0.203955 0.716769 0.198591 0.716769 0.198591 0.830662
3 0.443514 0.591297 0.443514 0.830662 0.432072 0.813527 0.432072 0.591297
2 0.443514 0.609019 0.443514 0.663901 0.432072 0.663901 0.432072 0.609019
3 0.322866 0.346276 0.322866 0.591297 0.328229 0.582117 0.328229 0.346276
2 0.322866 0.385712 0.322866 0.435147 0.328229 0.435147 0.328229 0.385712
3 0.322866 0.591297 0.322866 0.830662 0.328229 0.830662 0.328229 0.591297
3 0.443514 0.326693 0.443514 0.446945 0.432072 0.446945 0.432072 0.346276
3 0.443514 0.446945 0.443514 0.591297 0.429118 0.591297 0.429118 0.446945
3 0.322866 0.591297 0.365994 0.591297 0.365994 0.582117 0.328229 0.582117
3 0.361345 0.591297 0.443514 0.591297 0.443514 0.580465 0.365994 0.580465
0 0.943162 0.832039 0.983984 0.832039 0.984302 0.165115 0.537362 0.165115 0.537362 0.323028 0.689968 0.323028 0.689968 0.268850 0.828682 0.268850 0.828682 0.323028 0.943162 0.323028 0.943162 0.832039 0.943162 0.832039
0 0.701518 0.832039 0.815433 0.832039 0.815433 0.986647 0.701518 0.987051 0.701518 0.832039 0.701518 0.832039
0 0.818669 0.340163 0.824380 0.340163 0.824380 0.542669 0.664358 0.542669 0.664247 0.650731 0.664140 0.650731 0.664140 0.631270 0.539150 0.631270 0.539150 0.340163 0.699980 0.340163 0.699980 0.285985 0.818669 0.285985
0 0.824380 0.717289 0.696869 0.717289 0.696869 0.650731 0.664247 0.650731 0.664358 0.542669 0.824380 0.542669
0 0.933150 0.506643 0.828682 0.506643 0.828682 0.469490 0.824391 0.469490 0.824391 0.717289 0.824380 0.717289 0.824380 0.340163 0.933150 0.340163
0 0.826179 0.340163 0.826179 0.378564 0.818669 0.378564 0.818669 0.340163
0 0.660206 0.658075 0.693293 0.658075 0.693293 0.814904 0.539150 0.814904 0.539150 0.638002 0.660206 0.638002
0 0.933150 0.814904 0.828682 0.814904 0.828682 0.636056 0.933150 0.636056
0 0.858011 0.559009 0.860871 0.559009 0.860871 0.512151 0.933150 0.512151 0.933150 0.629324 0.828682 0.629324 0.828682 0.512151 0.858011 0.512151
0 0.824391 0.814904 0.761166 0.814904 0.761166 0.723408 0.824391 0.723408
0 0.757591 0.814904 0.696869 0.814904 0.696869 0.723408 0.757591 0.723408
3 0.943162 0.832039 0.529138 0.832039 0.539150 0.814904 0.933150 0.814904
1 0.906052 0.832039 0.858690 0.832039 0.858690 0.814904 0.906052 0.814904
2 0.797472 0.832039 0.764220 0.832039 0.764220 0.814904 0.797472 0.814904
1 0.751372 0.832039 0.729957 0.832039 0.729957 0.814904 0.751372 0.814904
1 0.642034 0.832039 0.577290 0.832039 0.577290 0.814904 0.642034 0.814904
3 0.529138 0.832039 0.529138 0.323028 0.539150 0.340163 0.539150 0.814904
1 0.529138 0.770518 0.529138 0.676470 0.539150 0.676470 0.539150 0.770518
1 0.529138 0.489618 0.529138 0.432699 0.539150 0.432699 0.539150 0.489618
1 0.529138 0.425894 0.529138 0.370829 0.539150 0.370829 0.539150 0.425894
3 0.539150 0.340163 0.699980 0.340163 0.689968 0.323028 0.529138 0.323028
1 0.549338 0.340163 0.637189 0.340163 0.637189 0.323028 0.549338 0.323028
2 0.643915 0.340163 0.673709 0.340163 0.673709 0.323028 0.643915 0.323028
3 0.699980 0.340163 0.699980 0.285985 0.689968 0.268850 0.689968 0.323028
1 0.699980 0.312098 0.699980 0.294290 0.689968 0.294290 0.689968 0.312098
3 0.699980 0.285985 0.818669 0.285985 0.828682 0.268850 0.689968 0.268850
1 0.706971 0.285985 0.810023 0.285985 0.810023 0.268850 0.706971 0.268850
3 0.818669 0.285985 0.818669 0.340163 0.828682 0.323028 0.828682 0.268850
1 0.818669 0.295685 0.818669 0.314895 0.828682 0.314895 0.828682 0.295685
3 0.818669 0.340163 0.933150 0.340163 0.943162 0.323028 0.828682 0.323028
1 0.850223 0.340163 0.905119 0.340163 0.905119 0.323028 0.850223 0.323028
3 0.943162 0.323028 0.943162 0.707271 0.933150 0.707271 0.933150 0.340163
1 0.943162 0.545032 0.943162 0.563568 0.933150 0.563568 0.933150 0.545032
2 0.943162 0.572191 0.943162 0.622207 0.933150 0.622207 0.933150 0.572191
3 0.943162 0.707271 0.943162 0.832039 0.933150 0.814904 0.933150 0.707271
3 0.828682 0.832039 0.828682 0.469490 0.824391 0.469490 0.824391 0.832039
2 0.828682 0.688392 0.828682 0.639403 0.824391 0.639403 0.824391 0.688392
2 0.828682 0.625212 0.828682 0.575955 0.824391 0.575955 0.824391 0.625212
3 0.824391 0.512151 0.943162 0.512151 0.943162 0.506643 0.824391 0.506643
3 0.818669 0.340163 0.818669 0.378564 0.826179 0.378564 0.826179 0.340163
3 0.529138 0.638002 0.660206 0.638002 0.664140 0.631270 0.529138 0.631270
2 0.628864 0.638002 0.657385 0.638002 0.657385 0.631270 0.628864 0.631270
3 0.660206 0.638002 0.660206 0.658075 0.664140 0.650731 0.664140 0.631270
3 0.660206 0.658075 0.693293 0.658075 0.696869 0.650731 0.664140 0.650731
3 0.693293 0.658075 0.693293 0.832039 0.696869 0.832039 0.696869 0.650731
3 0.693293 0.723408 0.828682 0.723408 0.828682 0.717289 0.693293 0.717289
2 0.723717 0.723408 0.752813 0.723408 0.752813 0.717289 0.723717 0.717289
2 0.765951 0.723408 0.798802 0.723408 0.798802 0.717289 0.765951 0.717289
3 0.757591 0.717289 0.757591 0.832039 0.761166 0.832039 0.761166 0.717289
3 0.824391 0.636056 0.943162 0.636056 0.943162 0.629324 0.824391 0.629324
3 0.943162 0.832039 0.949684 0.832039 0.949684 0.817964 0.943162 0.817964
3 0.977976 0.832039 0.999549 0.832039 0.999549 0.817964 0.977976 0.817964
3 0.983984 0.807878 0.983984 0.845092 0.992208 0.845092 0.992208 0.807878
3 0.815433 0.832039 0.815433 0.844242 0.823658 0.844242 0.823658 0.832039
3 0.815433 1.000000 0.815433 0.960901 0.823658 0.960901 0.823658 1.000000
3 0.808500 0.986647 0.830920 0.986647 0.830920 0.972572 0.808500 0.972572
3 0.708970 0.987051 0.686882 0.987051 0.686882 0.972975 0.708970 0.972975
3 0.693293 0.999553 0.693293 0.960497 0.701518 0.960497 0.701518 0.999553
3 0.693293 0.832039 0.693293 0.843850 0.701518 0.843850 0.701518 0.832039
3 0.529138 0.832039 0.529138 0.842571 0.537362 0.842571 0.537362 0.832039
3 0.529138 0.832039 0.522136 0.832039 0.522136 0.817964 0.529138 0.817964
3 0.529138 0.323028 0.522487 0.323028 0.522487 0.337103 0.529138 0.337103
3 0.529138 0.323028 0.529138 0.311480 0.537362 0.311480 0.537362 0.323028
3 0.689968 0.268850 0.682859 0.268850 0.682859 0.282925 0.689968 0.282925
3 0.689968 0.268850 0.689968 0.256360 0.698192 0.256360 0.698192 0.268850
3 0.828682 0.268850 0.828682 0.256348 0.820457 0.256348 0.820457 0.268850
3 0.828682 0.268850 0.836034 0.268850 0.836034 0.282925 0.828682 0.282925
3 0.943162 0.323028 0.943162 0.312838 0.934938 0.312838 0.934938 0.323028
3 0.943162 0.323028 0.950056 0.323028 0.950056 0.337103 0.943162 0.337103
3 0.977619 0.323028 0.999206 0.323028 0.999206 0.337103 0.977619 0.337103
3 0.984302 0.312838 0.984302 0.350266 0.992526 0.350266 0.992526 0.312838
3 0.984302 0.459882 0.984302 0.496399 0.992526 0.496399 0.992526 0.459882
3 0.977830 0.485964 0.999313 0.485964 0.999313 0.471889 0.977830 0.471889
3 0.984066 0.638902 0.984066 0.676868 0.992290 0.676868 0.992290 0.638902
3 0.977554 0.664763 1.000000 0.664763 1.000000 0.650688 0.977554 0.650688
3 0.543924 0.165115 0.522619 0.165115 0.522619 0.151040 0.543924 0.151040
3 0.529138 0.177899 0.529138 0.139835 0.537362 0.139835 0.537362 0.177899
3 0.689968 0.177863 0.689968 0.139939 0.698192 0.139939 0.698192 0.177863
3 0.682859 0.165115 0.705705 0.165115 0.705705 0.151040 0.682859 0.151040
3 0.828682 0.177863 0.828682 0.139939 0.820457 0.139939 0.820457 0.177863
3 0.836034 0.165115 0.812412 0.165115 0.812412 0.151040 0.836034 0.151040
3 0.984302 0.177863 0.984302 0.139939 0.992526 0.139939 0.992526 0.177863
3 0.977830 0.165115 0.999313 0.165115 0.999313 0.151040 0.977830 0.151040
3 0.858011 0.506643 0.858011 0.559009 0.860871 0.559009 0.860871 0.506643
