0 0.451551 0.691364 0.449707 0.691364 0.449707 0.907646 0.250680 0.907646 0.250680 0.881121 0.139391 0.881121 0.139391 0.595805 0.451551 0.595805
0 0.939533 0.741694 0.466335 0.741694 0.466335 0.691364 0.451551 0.691364 0.451551 0.595805 0.939533 0.595805
0 0.939533 0.595805 0.265253 0.595805 0.265253 0.298026 0.939533 0.298026
0 0.939533 0.289524 0.265253 0.289524 0.265253 0.092328 0.939533 0.092328
0 0.939533 0.907646 0.466335 0.907646 0.466335 0.750213 0.939533 0.750213
3 0.233251 0.060022 1.000000 0.060022 0.939533 0.092328 0.233251 0.092328
1 0.284073 0.060022 0.629505 0.060022 0.629505 0.092328 0.284073 0.092328
1 0.721974 0.060022 0.896405 0.060022 0.896405 0.092328 0.721974 0.092328
3 1.000000 0.060022 1.000000 0.930601 0.939533 0.907646 0.939533 0.092328
1 1.000000 0.370095 1.000000 0.441219 0.939533 0.441219 0.939533 0.370095
1 1.000000 0.516417 1.000000 0.644061 0.939533 0.644061 0.939533 0.516417
1 1.000000 0.753605 1.000000 0.830417 0.939533 0.830417 0.939533 0.753605
3 0.214400 0.930601 0.214400 0.903225 0.250680 0.881121 0.250680 0.907646
3 0.250680 0.881121 0.139391 0.881121 0.109158 0.903225 0.214400 0.903225
3 0.109158 0.903225 0.109158 0.578802 0.139391 0.595805 0.139391 0.881121
3 0.109158 0.578802 0.235019 0.578802 0.265253 0.595805 0.139391 0.595805
3 0.265253 0.595805 0.265253 0.060022 0.235019 0.060022 0.235019 0.578802
3 0.235019 0.289524 1.000000 0.289524 1.000000 0.298026 0.235019 0.298026
2 0.702035 0.289524 0.827352 0.289524 0.827352 0.298026 0.702035 0.298026
3 0.449707 0.930601 0.449707 0.691364 0.466335 0.691364 0.466335 0.930601
2 0.449707 0.826268 0.449707 0.753554 0.466335 0.753554 0.466335 0.826268
3 0.466335 0.750213 1.000000 0.750213 1.000000 0.741694 0.466335 0.741694
3 1.000000 0.930601 0.532017 0.930601 0.532017 0.907646 0.939533 0.907646
3 0.532017 0.930601 0.214400 0.930601 0.250680 0.907646 0.532017 0.907646
2 0.433502 0.930601 0.310104 0.930601 0.310104 0.907646 0.433502 0.907646
3 0.851584 0.273082 0.939533 0.273082 0.939533 0.289550 0.851584 0.289550
