0 0.730518 0.589200 0.529688 0.589200 0.529688 0.583438 0.528930 0.583438 0.528930 0.349231 0.730518 0.349231
0 0.977185 0.583438 0.730518 0.583438 0.730518 0.349231 0.977185 0.349231
0 0.528930 0.583438 0.354509 0.583438 0.354509 0.349231 0.528930 0.349231
0 0.730518 0.589417 0.776367 0.589417 0.776367 0.661203 0.316397 0.661203 0.316397 0.589744 0.528621 0.589417 0.529688 0.589200 0.730518 0.589200
0 0.105092 0.564382 0.016925 0.564382 0.016925 0.416038 0.105092 0.416038 0.105092 0.564382 0.105092 0.564382
0 0.783150 0.849258 0.783150 0.999912 0.542421 0.999912 0.542421 0.849111 0.783150 0.849258 0.783150 0.849258
0 0.370540 0.056327 0.370540 0.012849 0.792362 0.012849 0.895166 0.100898 0.895166 0.329126 0.370540 0.329120 0.370540 0.056327 0.370540 0.056327
0 0.977185 0.829147 0.783150 0.829147 0.783150 0.589417 0.977185 0.589417
0 0.309615 0.829147 0.127905 0.829147 0.127905 0.589417 0.309615 0.589417
0 0.347726 0.441128 0.127905 0.441128 0.127905 0.275141 0.347726 0.275141
0 0.522906 0.829147 0.316397 0.829147 0.316397 0.667182 0.522906 0.667182
0 0.290180 0.449879 0.347726 0.449879 0.347726 0.583438 0.127905 0.583438 0.127905 0.447107 0.290180 0.447107
0 0.661977 0.829147 0.529688 0.829147 0.529688 0.667182 0.661977 0.667182
0 0.265251 0.269162 0.133572 0.269162 0.133572 0.167177 0.265251 0.167177
0 0.265251 0.161198 0.133745 0.161198 0.133745 0.080923 0.265251 0.080923
0 0.776367 0.829147 0.668760 0.829147 0.668760 0.741229 0.776367 0.741229
0 0.347726 0.180472 0.272033 0.180472 0.272033 0.076438 0.347726 0.076438
0 0.776367 0.735250 0.668760 0.735250 0.668760 0.667182 0.776367 0.667182
0 0.347726 0.269162 0.272033 0.269162 0.272033 0.186451 0.347726 0.186451
3 0.347726 0.076438 0.347726 0.349231 0.370540 0.329120 0.370540 0.056327
2 0.347726 0.083608 0.347726 0.125145 0.370540 0.125145 0.370540 0.083608
1 0.347726 0.186897 0.347726 0.219455 0.370540 0.219455 0.370540 0.186897
2 0.347726 0.280647 0.347726 0.324435 0.370540 0.324435 0.370540 0.280647
3 0.347726 0.349231 0.977185 0.349231 0.999998 0.329120 0.370540 0.329120
1 0.397941 0.349231 0.468627 0.349231 0.468627 0.329120 0.397941 0.329120
2 0.532944 0.349231 0.582616 0.349231 0.582616 0.329120 0.532944 0.329120
1 0.642160 0.349231 0.720806 0.349231 0.720806 0.329120 0.642160 0.329120
1 0.769838 0.349231 0.865360 0.349231 0.865360 0.329120 0.769838 0.329120
1 0.873320 0.349231 0.967251 0.349231 0.967251 0.329120 0.873320 0.329120
3 0.977185 0.349231 0.977185 0.829147 0.999998 0.849258 0.999998 0.329120
1 0.977185 0.365130 0.977185 0.431654 0.999998 0.431654 0.999998 0.365130
1 0.977185 0.535226 0.977185 0.563572 0.999998 0.563572 0.999998 0.535226
1 0.977185 0.630379 0.977185 0.658725 0.999998 0.658725 0.999998 0.630379
3 0.977185 0.829147 0.127905 0.829147 0.105092 0.849258 0.999998 0.849258
1 0.902294 0.829147 0.824603 0.829147 0.824603 0.849258 0.902294 0.849258
1 0.704565 0.829147 0.673680 0.829147 0.673680 0.849258 0.704565 0.849258
1 0.595355 0.829147 0.569242 0.829147 0.569242 0.849258 0.595355 0.849258
2 0.655214 0.829147 0.597581 0.829147 0.597581 0.849258 0.655214 0.849258
1 0.450481 0.829147 0.373105 0.829147 0.373105 0.849258 0.450481 0.849258
1 0.280129 0.829147 0.204036 0.829147 0.204036 0.849258 0.280129 0.849258
3 0.127905 0.275141 0.370540 0.275141 0.370540 0.269162 0.105092 0.269162
2 0.274987 0.275141 0.319492 0.275141 0.319492 0.269162 0.274987 0.269162
2 0.209215 0.275141 0.259874 0.275141 0.259874 0.269162 0.209215 0.269162
3 0.265251 0.076438 0.265251 0.275141 0.272033 0.275141 0.272033 0.056327
1 0.265251 0.187538 0.265251 0.217754 0.272033 0.217754 0.272033 0.187538
3 0.265251 0.186451 0.370540 0.186451 0.370540 0.180472 0.265251 0.180472
3 0.347726 0.349231 0.347726 0.589417 0.354509 0.583438 0.354509 0.349231
2 0.347726 0.500575 0.347726 0.545200 0.354509 0.545200 0.354509 0.500575
3 0.354509 0.589417 0.105092 0.589417 0.105092 0.583438 0.354509 0.583438
3 0.347726 0.589417 0.529688 0.589417 0.529688 0.583438 0.354509 0.583438
3 0.105092 0.447107 0.290180 0.447107 0.290180 0.441128 0.105092 0.441128
2 0.233053 0.447107 0.289834 0.447107 0.289834 0.441128 0.233053 0.441128
3 0.290180 0.449879 0.354509 0.449879 0.354509 0.441128 0.290180 0.441128
3 0.309615 0.583438 0.309615 0.849258 0.316397 0.849258 0.316397 0.583438
2 0.309615 0.595875 0.309615 0.640717 0.316397 0.640717 0.316397 0.595875
3 0.730518 0.589417 0.999998 0.589417 0.999998 0.583438 0.730518 0.583438
3 0.776367 0.583438 0.776367 0.849258 0.783150 0.849258 0.783150 0.583438
2 0.776367 0.596875 0.776367 0.640924 0.783150 0.640924 0.783150 0.596875
3 0.309615 0.667182 0.783150 0.667182 0.783150 0.661203 0.309615 0.661203
1 0.571178 0.667182 0.594966 0.667182 0.594966 0.661203 0.571178 0.661203
2 0.598709 0.667182 0.655102 0.667182 0.655102 0.661203 0.598709 0.661203
2 0.670338 0.667182 0.720584 0.667182 0.720584 0.661203 0.670338 0.661203
2 0.465421 0.667182 0.516283 0.667182 0.516283 0.661203 0.465421 0.661203
3 0.529688 0.661203 0.529688 0.829147 0.522906 0.829147 0.522906 0.661203
3 0.661977 0.661203 0.661977 0.849258 0.668760 0.849258 0.668760 0.661203
2 0.661977 0.781418 0.661977 0.828772 0.668760 0.828772 0.668760 0.781418
3 0.661977 0.741229 0.783150 0.741229 0.783150 0.735250 0.661977 0.735250
3 0.105092 0.167177 0.265251 0.167177 0.265251 0.161198 0.105092 0.161198
2 0.189349 0.167177 0.235778 0.167177 0.235778 0.161198 0.189349 0.161198
1 0.147371 0.167177 0.182782 0.167177 0.182782 0.161198 0.147371 0.161198
3 0.133745 0.167177 0.133745 0.080923 0.105092 0.056327 0.105092 0.167177
3 0.127905 0.829147 0.127905 0.275141 0.105092 0.275141 0.105092 0.849258
1 0.127905 0.657366 0.127905 0.627873 0.105092 0.627873 0.105092 0.657366
1 0.127905 0.485949 0.127905 0.456679 0.105092 0.456679 0.105092 0.485949
1 0.127905 0.338100 0.127905 0.310673 0.105092 0.310673 0.105092 0.338100
1 0.127905 0.372077 0.127905 0.343937 0.105092 0.343937 0.105092 0.372077
2 0.127905 0.544271 0.127905 0.497700 0.105092 0.497700 0.105092 0.544271
3 0.133572 0.275141 0.133572 0.167177 0.105092 0.167177 0.105092 0.275141
1 0.133572 0.232984 0.133572 0.203964 0.105092 0.203964 0.105092 0.232984
3 0.133745 0.080923 0.265251 0.080923 0.265251 0.056327 0.105092 0.056327
1 0.200848 0.080923 0.260072 0.080923 0.260072 0.056327 0.200848 0.056327
3 0.265251 0.076438 0.347726 0.076438 0.370540 0.056327 0.265251 0.056327
