0 0.859247 0.062717 0.926932 0.062717 0.926932 0.505740 0.859247 0.505740 0.859247 0.062717 0.859247 0.062717
0 0.503328 0.523403 0.445343 0.523403 0.445343 0.860627 0.338623 0.860627 0.338623 0.348569 0.503328 0.348569
0 0.840656 0.509816 0.826918 0.509816 0.826918 0.523403 0.503328 0.523403 0.503328 0.062717 0.840656 0.062717
0 0.405436 0.337699 0.333494 0.337699 0.333494 0.466896 0.112906 0.466896 0.112906 0.062717 0.405436 0.062717
0 0.918598 0.860627 0.640833 0.860627 0.640833 0.545142 0.918598 0.545142
0 0.333494 0.860627 0.112906 0.860627 0.112906 0.483200 0.333494 0.483200
0 0.636345 0.814554 0.542639 0.814554 0.542639 0.545142 0.636345 0.545142
0 0.498199 0.337699 0.410564 0.337699 0.410564 0.104183 0.443772 0.104183 0.443772 0.062717 0.498199 0.062717
0 0.538151 0.733224 0.451465 0.733224 0.451465 0.545142 0.538151 0.545142
0 0.538151 0.860627 0.451465 0.860627 0.451465 0.745452 0.538151 0.745452
3 0.112906 0.062717 0.405436 0.062717 0.405436 0.023315 0.090469 0.023315
3 0.410564 0.104183 0.443772 0.104183 0.443772 0.023315 0.405436 0.023315
3 0.443772 0.062717 0.840656 0.062717 0.859247 0.023315 0.443772 0.023315
3 0.840656 0.062717 0.840656 0.545142 0.859247 0.505740 0.859247 0.023315
2 0.840656 0.376761 0.840656 0.462670 0.859247 0.462670 0.859247 0.376761
1 0.840656 0.107580 0.840656 0.373283 0.859247 0.373283 0.859247 0.107580
3 0.840656 0.545142 0.918598 0.545142 0.931419 0.505740 0.859247 0.505740
3 0.918598 0.545142 0.918598 0.860627 0.931419 0.883724 0.931419 0.505740
1 0.918598 0.620127 0.918598 0.805342 0.931419 0.805342 0.931419 0.620127
3 0.918598 0.860627 0.640833 0.860627 0.640833 0.883724 0.931419 0.883724
3 0.636345 0.814554 0.542639 0.814554 0.542639 0.883724 0.640833 0.883724
3 0.538151 0.860627 0.112906 0.860627 0.090469 0.883724 0.542639 0.883724
2 0.427604 0.860627 0.372741 0.860627 0.372741 0.883724 0.427604 0.883724
3 0.112906 0.860627 0.112906 0.062717 0.090469 0.023315 0.090469 0.883724
1 0.112906 0.731607 0.112906 0.490251 0.090469 0.490251 0.090469 0.731607
1 0.112906 0.343868 0.112906 0.107730 0.090469 0.107730 0.090469 0.343868
3 0.840656 0.545142 0.826918 0.545142 0.826918 0.509816 0.840656 0.509816
3 0.826918 0.545142 0.451465 0.545142 0.445343 0.523403 0.826918 0.523403
2 0.825020 0.545142 0.774875 0.545142 0.774875 0.523403 0.825020 0.523403
3 0.445343 0.523403 0.445343 0.883724 0.451465 0.883724 0.451465 0.545142
2 0.445343 0.624462 0.445343 0.732843 0.451465 0.732843 0.451465 0.624462
3 0.542639 0.883724 0.542639 0.523403 0.538151 0.523403 0.538151 0.860627
2 0.542639 0.728903 0.542639 0.641010 0.538151 0.641010 0.538151 0.728903
3 0.640833 0.883724 0.640833 0.523403 0.636345 0.523403 0.636345 0.814554
2 0.640833 0.734025 0.640833 0.643768 0.636345 0.643768 0.636345 0.734025
3 0.445343 0.745452 0.542639 0.745452 0.542639 0.733224 0.445343 0.733224
2 0.458100 0.745452 0.495295 0.745452 0.495295 0.733224 0.458100 0.733224
3 0.503328 0.023315 0.503328 0.348569 0.498199 0.337699 0.498199 0.023315
3 0.498199 0.337699 0.405436 0.337699 0.405436 0.348569 0.503328 0.348569
2 0.480916 0.337699 0.446381 0.337699 0.446381 0.348569 0.480916 0.348569
3 0.405436 0.337699 0.405436 0.023315 0.410564 0.104183 0.410564 0.337699
3 0.405436 0.348569 0.338623 0.348569 0.333494 0.337699 0.405436 0.337699
3 0.333494 0.337699 0.333494 0.883724 0.338623 0.883724 0.338623 0.348569
2 0.333494 0.489953 0.333494 0.593565 0.338623 0.593565 0.338623 0.489953
2 0.333494 0.355674 0.333494 0.459708 0.338623 0.459708 0.338623 0.355674
3 0.090469 0.483200 0.338623 0.483200 0.338623 0.466896 0.090469 0.466896
3 0.859247 0.023315 0.931419 0.023315 0.931419 0.062717 0.859247 0.062717
