0 0.407488 0.670980 0.362012 0.670980 0.362012 0.557354 0.407488 0.557354
0 0.358589 0.864386 0.300694 0.864386 0.300694 0.770081 0.358589 0.770081
0 0.486388 0.696123 0.413193 0.696123 0.413193 0.557354 0.486388 0.557354
0 0.407488 0.708508 0.486388 0.708508 0.486388 0.864386 0.362012 0.864386 0.362012 0.679237 0.407488 0.679237
0 0.358589 0.554877 0.358589 0.761824 0.296891 0.761824 0.296891 0.864386 0.130032 0.864386 0.130032 0.551574
0 0.486388 0.537611 0.418898 0.537611 0.418898 0.481876 0.376312 0.481867 0.376312 0.224593 0.486388 0.224246
0 0.376312 0.481867 0.396941 0.481867 0.396941 0.549922 0.358589 0.549922 0.358589 0.554877 0.130032 0.551574 0.130032 0.225031 0.376312 0.224593
0 0.291038 0.884203 0.291038 1.000000 0.373593 1.000000 0.373593 0.884203 0.291038 0.884203 0.291038 0.884203
0 0.121284 0.205230 0.048272 0.205230 0.048272 0.885111 0.121284 0.884203 0.121284 0.205230 0.121284 0.205230
3 0.121284 0.205230 0.121284 0.884203 0.130032 0.864386 0.130032 0.225031
2 0.121284 0.461076 0.121284 0.530601 0.130032 0.530601 0.130032 0.461076
1 0.121284 0.712810 0.121284 0.837946 0.130032 0.837946 0.130032 0.712810
1 0.121284 0.305537 0.121284 0.433010 0.130032 0.433010 0.130032 0.305537
3 0.121284 0.884203 0.495516 0.884203 0.486388 0.864386 0.130032 0.864386
2 0.321628 0.884203 0.356774 0.884203 0.356774 0.864386 0.321628 0.864386
1 0.390940 0.884203 0.428543 0.884203 0.428543 0.864386 0.390940 0.864386
1 0.250346 0.884203 0.284021 0.884203 0.284021 0.864386 0.250346 0.864386
3 0.495516 0.884203 0.495516 0.204413 0.486388 0.224246 0.486388 0.864386
1 0.495516 0.680145 0.495516 0.607697 0.486388 0.607697 0.486388 0.680145
3 0.495516 0.204413 0.121284 0.205230 0.130032 0.225031 0.486388 0.224246
1 0.227412 0.204999 0.165718 0.205131 0.165726 0.224948 0.227423 0.224816
1 0.366568 0.204693 0.309895 0.204817 0.309902 0.224634 0.366576 0.224510
1 0.462457 0.204487 0.401768 0.204619 0.401775 0.224436 0.462469 0.224304
3 0.358589 0.884203 0.358589 0.549922 0.362012 0.557354 0.362012 0.884203
2 0.358589 0.741916 0.358589 0.683440 0.362012 0.683440 0.362012 0.741916
2 0.358589 0.667091 0.358589 0.616384 0.362012 0.616384 0.362012 0.667091
3 0.362012 0.557354 0.495516 0.557354 0.495516 0.549922 0.358589 0.549922
3 0.413193 0.549922 0.495516 0.549922 0.495516 0.537611 0.407488 0.537611
3 0.413193 0.549922 0.413193 0.481876 0.418898 0.481876 0.418898 0.549922
3 0.413193 0.549922 0.413193 0.696123 0.407488 0.708508 0.407488 0.537611
3 0.407488 0.708508 0.495516 0.708508 0.495516 0.696123 0.413193 0.696123
2 0.414794 0.708508 0.441163 0.708508 0.441163 0.696123 0.414794 0.696123
3 0.358589 0.679237 0.413193 0.679237 0.413193 0.670980 0.358589 0.670980
3 0.296891 0.884203 0.296891 0.761824 0.300694 0.770081 0.300694 0.884203
3 0.296891 0.761824 0.362012 0.761824 0.362012 0.770081 0.300694 0.770081
2 0.321225 0.761824 0.356090 0.761824 0.356090 0.770081 0.321225 0.770081
3 0.396941 0.549922 0.396941 0.481876 0.413509 0.481876 0.413509 0.549922
0 0.989351 0.488192 0.774345 0.488192 0.774345 0.217797 0.989351 0.217797
0 0.886178 0.563869 0.907549 0.563869 0.907549 0.498927 0.989351 0.498927 0.989351 0.875962 0.774345 0.875962 0.774345 0.498927 0.886178 0.498927
0 0.769401 0.217797 0.769401 0.875962 0.637650 0.875962 0.637650 0.217789
0 0.540258 0.806305 0.628902 0.806305 0.628902 0.280634 0.540258 0.282376 0.540258 0.806305 0.540258 0.806305
3 0.628902 0.203752 0.628902 0.886696 0.637650 0.875962 0.637650 0.217789
2 0.628902 0.541905 0.628902 0.613378 0.637650 0.613378 0.637650 0.541905
1 0.628902 0.430715 0.628902 0.533078 0.637650 0.533078 0.637650 0.430715
3 0.628902 0.886696 1.000000 0.886696 0.989351 0.875962 0.637650 0.875962
3 1.000000 0.886696 1.000000 0.203760 0.989351 0.217797 0.989351 0.875962
1 1.000000 0.635862 1.000000 0.527290 0.989351 0.527290 0.989351 0.635862
1 1.000000 0.828054 1.000000 0.653235 0.989351 0.653235 0.989351 0.828054
1 1.000000 0.477797 1.000000 0.436610 0.989351 0.436610 0.989351 0.477797
3 1.000000 0.203760 0.628902 0.203752 0.637650 0.217789 0.989351 0.217797
3 0.769401 0.203752 0.769401 0.886696 0.774345 0.886696 0.774345 0.203752
2 0.769401 0.550913 0.769401 0.620752 0.774345 0.620752 0.774345 0.550913
3 0.769401 0.498927 1.000000 0.498927 1.000000 0.488192 0.769401 0.488192
2 0.910150 0.498927 0.946305 0.498927 0.946305 0.488192 0.910150 0.488192
3 0.886178 0.563869 0.886178 0.488192 0.907549 0.488192 0.907549 0.563869
