0 0.360655 0.413150 0.360655 0.983418 0.480576 0.983296 0.480653 0.411633 0.360745 0.411486 0.360655 0.413150
0 0.819282 0.550406 0.947832 0.550406 0.947832 0.131651 0.819282 0.131651 0.819282 0.550406 0.819282 0.550406
0 0.473874 0.411633 0.287398 0.411180 0.287398 0.338061 0.247088 0.338061 0.247088 0.411180 0.093857 0.411180 0.094066 0.131651 0.473874 0.131651
0 0.802110 0.550247 0.480653 0.550247 0.480653 0.983296 0.480458 0.983296 0.480458 0.411633 0.480653 0.411633 0.480653 0.131651 0.802110 0.131651
0 0.353570 0.983296 0.094066 0.983296 0.094066 0.641588 0.353570 0.641588
0 0.353570 0.424947 0.353570 0.622779 0.208015 0.622779 0.208015 0.424947
0 0.200368 0.609636 0.096325 0.609636 0.096325 0.436867 0.200368 0.436867
3 0.819282 0.094939 0.072513 0.094939 0.094066 0.131651 0.802110 0.131651
3 0.491777 0.567539 0.819282 0.567539 0.802110 0.550247 0.480653 0.550247
3 0.819282 0.567539 0.819282 0.094939 0.802110 0.131651 0.802110 0.550247
1 0.819282 0.386301 0.819282 0.176367 0.802110 0.176367 0.802110 0.386301
2 0.819282 0.504087 0.819282 0.402504 0.802110 0.402504 0.802110 0.504087
1 0.072513 0.642579 0.072513 0.826252 0.094066 0.826252 0.094066 0.642579
2 0.360745 0.745129 0.360745 0.646422 0.353570 0.646422 0.353570 0.745129
3 0.360745 0.622779 0.360745 0.411486 0.353570 0.424947 0.353570 0.622779
2 0.360745 0.580633 0.360745 0.496990 0.353570 0.496990 0.353570 0.580633
3 0.072513 0.094939 0.072513 0.436867 0.094066 0.411486 0.094066 0.131651
1 0.072513 0.200585 0.072513 0.341671 0.094066 0.341671 0.094066 0.200585
3 0.072513 0.424947 0.072513 0.641588 0.096325 0.641588 0.096325 0.424947
1 0.072513 0.562497 0.072513 0.608632 0.096325 0.608632 0.096325 0.562497
3 0.208015 0.641588 0.208015 0.411486 0.200368 0.436867 0.200368 0.609636
2 0.208015 0.605781 0.208015 0.526935 0.200368 0.526935 0.200368 0.605781
3 0.360745 0.411486 0.200368 0.411486 0.200368 0.424947 0.353570 0.424947
3 0.208015 0.411486 0.094066 0.411486 0.072513 0.436867 0.200368 0.436867
3 0.072513 0.641588 0.208015 0.641588 0.200368 0.609636 0.072513 0.609636
3 0.200368 0.641588 0.353570 0.641588 0.360745 0.622779 0.200368 0.622779
3 0.480653 0.411633 0.480653 0.094939 0.473874 0.094939 0.473874 0.411633
3 0.819282 0.567539 0.952699 0.567539 0.952699 0.550406 0.819282 0.550406
3 0.819282 0.094939 0.952699 0.094939 0.952699 0.131651 0.819282 0.131651
3 0.247088 0.411486 0.247088 0.338061 0.287398 0.338061 0.287398 0.411486
