0 0.492051 0.534608 0.657310 0.534608 0.657310 0.806926 0.492051 0.806926 0.492051 0.534608 0.492051 0.534608
0 0.134766 0.051034 0.894566 0.051034 0.894566 0.191869 0.134766 0.191869 0.134766 0.051034 0.134766 0.051034
0 0.886633 0.381633 0.886076 0.610059 0.670652 0.610059 0.670652 0.525770 0.599017 0.525770 0.599017 0.380027
0 0.886633 0.381633 0.599017 0.380027 0.599017 0.211152 0.886076 0.211152
0 0.657310 0.917190 0.492051 0.917190 0.492051 0.815764 0.657310 0.815764
0 0.886076 0.917190 0.670652 0.917190 0.670652 0.744394 0.886076 0.744394
0 0.585675 0.525770 0.143256 0.525770 0.143256 0.211152 0.585675 0.211152
0 0.478709 0.917190 0.143256 0.917190 0.143256 0.525770 0.478709 0.525770
0 0.886076 0.735556 0.670652 0.735556 0.670652 0.618897 0.886076 0.618897
3 0.121424 0.191869 0.121424 0.931652 0.143256 0.917190 0.143256 0.211152
3 0.121424 0.931652 0.907908 0.931652 0.886076 0.917190 0.143256 0.917190
2 0.547990 0.931652 0.651172 0.931652 0.651172 0.917190 0.547990 0.917190
1 0.248330 0.931652 0.427064 0.931652 0.427064 0.917190 0.248330 0.917190
1 0.698366 0.931652 0.812028 0.931652 0.812028 0.917190 0.698366 0.917190
3 0.907908 0.931652 0.907908 0.191869 0.886076 0.211152 0.886076 0.917190
3 0.907908 0.191869 0.121424 0.191869 0.143256 0.211152 0.886076 0.211152
2 0.577416 0.191869 0.488279 0.191869 0.488279 0.211152 0.577416 0.211152
1 0.476102 0.191869 0.234988 0.191869 0.234988 0.211152 0.476102 0.211152
1 0.818541 0.191869 0.633925 0.191869 0.633925 0.211152 0.818541 0.211152
3 0.894566 0.042197 0.795278 0.042197 0.795278 0.051034 0.894566 0.051034
3 0.585675 0.211152 0.585675 0.525770 0.599017 0.534608 0.599017 0.211152
2 0.585675 0.228932 0.585675 0.346676 0.599017 0.346676 0.599017 0.228932
3 0.599017 0.534608 0.657310 0.534608 0.670652 0.525770 0.599017 0.525770
3 0.657310 0.534608 0.657310 0.917190 0.670652 0.917190 0.670652 0.525770
2 0.657310 0.747061 0.657310 0.802346 0.670652 0.802346 0.670652 0.747061
2 0.657310 0.548990 0.657310 0.607319 0.670652 0.607319 0.670652 0.548990
3 0.670652 0.744394 0.886076 0.744394 0.886076 0.735556 0.670652 0.735556
2 0.681434 0.744394 0.761231 0.744394 0.761231 0.735556 0.681434 0.735556
3 0.670652 0.618897 0.886076 0.618897 0.886076 0.610059 0.670652 0.610059
3 0.478709 0.917190 0.478709 0.525770 0.492051 0.534608 0.492051 0.917190
2 0.478709 0.646808 0.478709 0.585144 0.492051 0.585144 0.492051 0.646808
3 0.492051 0.534608 0.599017 0.534608 0.585675 0.525770 0.478709 0.525770
2 0.493531 0.534608 0.581042 0.534608 0.581042 0.525770 0.493531 0.525770
3 0.492051 0.815764 0.657310 0.815764 0.657310 0.806926 0.492051 0.806926
2 0.553946 0.815764 0.651172 0.815764 0.651172 0.806926 0.553946 0.806926
