0 0.521751 0.882137 0.398628 0.882137 0.398628 0.505963 0.521751 0.505963
0 0.705697 0.621466 0.529727 0.621466 0.529727 0.505963 0.705697 0.505963
0 0.562035 0.755642 0.587143 0.788048 0.705697 0.788048 0.705697 0.882137 0.568682 0.882137 0.568682 0.837824 0.664695 0.837824 0.664695 0.830717 0.529727 0.830717 0.529727 0.716289 0.562035 0.716289
0 0.705697 0.780942 0.591924 0.780942 0.568682 0.750937 0.568682 0.716289 0.705697 0.716289
0 0.705697 0.708709 0.590914 0.708709 0.590914 0.629994 0.705697 0.629994
0 0.562035 0.708709 0.529727 0.708709 0.529727 0.629994 0.562035 0.629994
0 0.561592 0.882137 0.529727 0.882137 0.529727 0.837824 0.561592 0.837824
3 0.398628 0.897298 0.398628 0.505963 0.384005 0.490328 0.384005 0.897298
3 0.398628 0.505963 0.705697 0.505963 0.720320 0.490328 0.384005 0.490328
1 0.619447 0.505963 0.658398 0.505963 0.658398 0.490328 0.619447 0.490328
1 0.450035 0.505963 0.486451 0.505963 0.486451 0.490328 0.450035 0.490328
3 0.705697 0.505963 0.705697 0.882137 0.720320 0.897298 0.720320 0.490328
1 0.705697 0.636732 0.705697 0.671607 0.720320 0.671607 0.720320 0.636732
3 0.705697 0.882137 0.398628 0.882137 0.384005 0.897298 0.720320 0.897298
2 0.509352 0.882137 0.413805 0.882137 0.413805 0.897298 0.509352 0.897298
1 0.658079 0.882137 0.617231 0.882137 0.617231 0.897298 0.658079 0.897298
3 0.521751 0.882137 0.521751 0.505963 0.529727 0.505963 0.529727 0.882137
2 0.521751 0.755054 0.521751 0.726840 0.529727 0.726840 0.529727 0.755054
3 0.705697 0.629994 0.529727 0.629994 0.529727 0.621466 0.705697 0.621466
2 0.559368 0.629994 0.533999 0.629994 0.533999 0.621466 0.559368 0.621466
3 0.705697 0.716289 0.529727 0.716289 0.529727 0.708709 0.705697 0.708709
2 0.558384 0.716289 0.534216 0.716289 0.534216 0.708709 0.558384 0.708709
2 0.656616 0.716289 0.627791 0.716289 0.627791 0.708709 0.656616 0.708709
3 0.562035 0.708709 0.562035 0.621466 0.590914 0.621466 0.590914 0.708709
3 0.562035 0.716289 0.562035 0.755642 0.568682 0.750937 0.568682 0.716289
3 0.562035 0.755642 0.587143 0.788048 0.591924 0.780942 0.568682 0.750937
3 0.587143 0.788048 0.705697 0.788048 0.705697 0.780942 0.591924 0.780942
2 0.629342 0.788048 0.657724 0.788048 0.657724 0.780942 0.629342 0.780942
3 0.529727 0.837824 0.664695 0.837824 0.664695 0.830717 0.529727 0.830717
2 0.537765 0.837824 0.559492 0.837824 0.559492 0.830717 0.537765 0.830717
3 0.568682 0.837824 0.568682 0.882137 0.561592 0.882137 0.561592 0.837824
3 0.384005 0.897298 0.384005 1.000000 0.394640 1.000000 0.394640 0.897298
3 0.527848 0.897298 0.527848 1.000000 0.538483 1.000000 0.538483 0.897298
0 0.246844 0.194374 0.136979 0.194374 0.136926 0.193304
0 0.136979 0.421009 0.136979 0.202429 0.301481 0.202429 0.301326 0.195199 0.301481 0.195199 0.301481 0.421009
0 0.136926 0.193304 0.136979 0.032881 0.310370 0.032881 0.310370 0.171903 0.301481 0.171903 0.301326 0.194374 0.246844 0.194374
0 0.349246 0.326328 0.308571 0.326328 0.308571 0.246708 0.349246 0.246708
0 0.455011 0.360071 0.405191 0.360071 0.405191 0.366808 0.308571 0.366808 0.308571 0.333908 0.354563 0.333908 0.354563 0.246708 0.455011 0.246708
0 0.540898 0.360071 0.461658 0.360071 0.461658 0.216950 0.540898 0.216950
0 0.542228 0.366808 0.542228 0.447351 0.461658 0.447351 0.461658 0.368125 0.542228 0.366808
0 0.455011 0.239128 0.330648 0.239128 0.330648 0.171903 0.316583 0.171903 0.316583 0.032881 0.455011 0.032881
0 0.455011 0.421009 0.308571 0.421009 0.308571 0.372986 0.411846 0.372986 0.411846 0.368125 0.455011 0.368125
3 0.136979 0.421009 0.136979 0.032881 0.126787 0.021984 0.126787 0.430484
1 0.136979 0.373360 0.136979 0.287122 0.126787 0.287122 0.126787 0.373360
1 0.136979 0.160489 0.136979 0.077980 0.126787 0.077980 0.126787 0.160489
3 0.126787 0.021984 0.461658 0.021984 0.455011 0.032881 0.136979 0.032881
1 0.349990 0.021984 0.418972 0.021984 0.418972 0.032881 0.349990 0.032881
3 0.461658 0.021984 0.461658 0.209843 0.455011 0.216950 0.455011 0.032881
3 0.455011 0.216950 0.540898 0.216950 0.547545 0.209843 0.461658 0.209843
1 0.474217 0.216950 0.537061 0.216950 0.537061 0.209843 0.474217 0.209843
3 0.540898 0.216950 0.540898 0.360071 0.547545 0.367177 0.547545 0.209843
1 0.540898 0.219044 0.540898 0.255762 0.547545 0.255762 0.547545 0.219044
1 0.540898 0.258108 0.540898 0.295461 0.547545 0.295461 0.547545 0.258108
1 0.540898 0.297384 0.540898 0.329829 0.547545 0.329829 0.547545 0.297384
1 0.540898 0.331752 0.540898 0.356086 0.547545 0.356086 0.547545 0.331752
3 0.540898 0.360071 0.455011 0.360071 0.461658 0.367177 0.547545 0.367177
2 0.517519 0.360071 0.479680 0.360071 0.479680 0.367177 0.517519 0.367177
3 0.455011 0.360071 0.455011 0.421009 0.461658 0.430484 0.461658 0.367177
3 0.455011 0.421009 0.136979 0.421009 0.126787 0.430484 0.461658 0.430484
1 0.243875 0.421009 0.176489 0.421009 0.176489 0.430484 0.243875 0.430484
1 0.399669 0.421009 0.362885 0.421009 0.362885 0.430484 0.399669 0.430484
3 0.455011 0.216950 0.455011 0.360071 0.461658 0.360071 0.461658 0.216950
2 0.455011 0.303349 0.455011 0.340854 0.461658 0.340854 0.461658 0.303349
1 0.455011 0.261538 0.455011 0.297313 0.461658 0.297313 0.461658 0.261538
3 0.301481 0.421009 0.301481 0.239128 0.308571 0.239128 0.308571 0.421009
3 0.308571 0.246708 0.455011 0.246708 0.455011 0.239128 0.301481 0.239128
2 0.376746 0.246708 0.408106 0.246708 0.408106 0.239128 0.376746 0.239128
3 0.308571 0.333908 0.354563 0.333908 0.349246 0.326328 0.308571 0.326328
3 0.354563 0.333908 0.354563 0.246708 0.349246 0.246708 0.349246 0.326328
2 0.354563 0.287809 0.354563 0.261903 0.349246 0.261903 0.349246 0.287809
3 0.455011 0.360071 0.405191 0.360071 0.411846 0.368125 0.455011 0.368125
2 0.448524 0.360071 0.414576 0.360071 0.414576 0.368125 0.448524 0.368125
3 0.405191 0.366808 0.308571 0.366808 0.308571 0.372986 0.411846 0.372986
2 0.347004 0.366808 0.317097 0.366808 0.317097 0.372986 0.347004 0.372986
3 0.301481 0.239128 0.301481 0.171903 0.309014 0.179957 0.309014 0.239128
3 0.301481 0.171903 0.310370 0.171903 0.316583 0.179957 0.309014 0.179957
3 0.310370 0.171903 0.310370 0.032881 0.316583 0.032881 0.316583 0.179957
2 0.310370 0.103209 0.310370 0.069798 0.316583 0.069798 0.316583 0.103209
3 0.330648 0.239128 0.330648 0.171903 0.307614 0.171903 0.307614 0.239128
3 0.301481 0.202429 0.136979 0.202429 0.136979 0.194374 0.301481 0.194374
2 0.253650 0.202429 0.218036 0.202429 0.218036 0.194374 0.253650 0.194374
0 0.813523 0.414958 0.687205 0.414958 0.687205 0.198918 0.783630 0.198918 0.783630 0.245259 0.804218 0.245259 0.804218 0.414958 0.813523 0.414958 0.813523 0.185273 0.813523 0.185273
0 0.871458 0.361629 0.860362 0.361629 0.860362 0.324357 0.856374 0.324357 0.856374 0.365893 0.938263 0.365893 0.938263 0.414958 0.813523 0.414958 0.813523 0.185273 0.871458 0.185273
0 0.807319 0.161589 0.783630 0.161589 0.783630 0.189442 0.687205 0.189442 0.687205 0.019610 0.807319 0.019610
0 0.871458 0.176745 0.813523 0.176745 0.813523 0.019610 0.871458 0.019610
0 0.677900 0.414958 0.610815 0.414958 0.610815 0.019610 0.677900 0.019610
0 0.938263 0.356891 0.879877 0.356891 0.879877 0.019610 0.938263 0.019610
3 0.610815 0.414958 0.938263 0.414958 0.944910 0.422065 0.604168 0.422065
1 0.741834 0.414958 0.802232 0.414958 0.802232 0.422065 0.741834 0.422065
3 0.944910 0.422065 0.944910 0.012503 0.938263 0.019610 0.938263 0.414958
3 0.938263 0.019610 0.610815 0.019610 0.604168 0.012503 0.944910 0.012503
1 0.803057 0.019610 0.735914 0.019610 0.735914 0.012503 0.803057 0.012503
3 0.610815 0.019610 0.610815 0.414958 0.604168 0.422065 0.604168 0.012503
3 0.687205 0.414958 0.687205 0.019610 0.677900 0.019610 0.677900 0.414958
2 0.687205 0.274837 0.687205 0.243506 0.677900 0.243506 0.677900 0.274837
3 0.813523 0.414958 0.813523 0.189442 0.804218 0.189442 0.804218 0.414958
2 0.813523 0.292571 0.813523 0.255033 0.804218 0.255033 0.804218 0.292571
3 0.804218 0.198918 0.687205 0.198918 0.687205 0.189442 0.813523 0.189442
2 0.744276 0.198918 0.691477 0.198918 0.691477 0.189442 0.744276 0.189442
3 0.813523 0.189442 0.813523 0.019610 0.807319 0.019610 0.807319 0.189442
3 0.783630 0.245259 0.783630 0.161589 0.808919 0.161589 0.808919 0.245259
3 0.938263 0.365893 0.871458 0.365893 0.871458 0.356891 0.938263 0.356891
3 0.879877 0.356891 0.879877 0.019610 0.871458 0.019610 0.871458 0.365893
2 0.879877 0.273359 0.879877 0.243212 0.871458 0.243212 0.871458 0.273359
3 0.871458 0.176745 0.807319 0.176745 0.807319 0.185273 0.871458 0.185273
2 0.858168 0.176745 0.821956 0.176745 0.821956 0.185273 0.858168 0.185273
3 0.871458 0.365893 0.856374 0.365893 0.860362 0.361629 0.871458 0.361629
3 0.856374 0.365893 0.856374 0.324357 0.860362 0.324357 0.860362 0.361629
