0 0.066505 0.126648 0.175272 0.126648 0.175272 0.558454 0.066505 0.558454 0.066505 0.126648 0.066505 0.126648
0 0.509804 0.578857 0.189472 0.578857 0.189472 0.118718 0.509804 0.118718
0 0.981064 0.554646 0.720090 0.554646 0.720090 0.447327 0.734486 0.447327 0.734486 0.118718 0.981064 0.118718
0 0.981064 0.975517 0.720090 0.975517 0.720090 0.572328 0.981064 0.572328
0 0.712651 0.719460 0.485447 0.719460 0.485447 0.593819 0.517242 0.593819 0.517242 0.447327 0.712651 0.447327
0 0.727048 0.432364 0.612363 0.432364 0.612363 0.118718 0.727048 0.118718
0 0.603573 0.432364 0.517242 0.432364 0.517242 0.118718 0.603573 0.118718
3 0.189472 0.118718 0.981064 0.118718 0.999997 0.073600 0.175272 0.073600
3 0.981064 0.118718 0.981064 0.975517 0.999997 1.000000 0.999997 0.073600
1 0.981064 0.620153 0.981064 0.894599 0.999997 0.894599 0.999997 0.620153
1 0.981064 0.236388 0.981064 0.500456 0.999997 0.500456 0.999997 0.236388
3 0.981064 0.975517 0.720090 0.975517 0.707918 1.000000 0.999997 1.000000
3 0.720090 0.975517 0.720090 0.719460 0.707918 0.743944 0.707918 1.000000
3 0.720090 0.719460 0.485447 0.719460 0.475304 0.743944 0.707918 0.743944
2 0.579358 0.719460 0.523084 0.719460 0.523084 0.743944 0.579358 0.743944
3 0.485447 0.719460 0.485447 0.578857 0.475304 0.599260 0.475304 0.743944
3 0.485447 0.578857 0.189472 0.578857 0.175272 0.599260 0.475304 0.599260
3 0.189472 0.578857 0.189472 0.118718 0.175272 0.073600 0.175272 0.599260
1 0.189472 0.442824 0.189472 0.142643 0.175272 0.142643 0.175272 0.442824
2 0.189472 0.535018 0.189472 0.452264 0.175272 0.452264 0.175272 0.535018
3 0.175272 0.140848 0.103858 0.140848 0.103858 0.085842 0.175272 0.085842
3 0.175272 0.599260 0.103858 0.599260 0.103858 0.543492 0.175272 0.543492
3 0.475304 0.578857 0.509804 0.578857 0.517242 0.593819 0.475304 0.593819
3 0.509804 0.578857 0.509804 0.432364 0.517242 0.447327 0.517242 0.593819
2 0.509804 0.568697 0.509804 0.469198 0.517242 0.469198 0.517242 0.568697
3 0.509804 0.447327 0.509804 0.073600 0.517242 0.073600 0.517242 0.447327
3 0.720090 0.743944 0.720090 0.447327 0.712651 0.432364 0.712651 0.743944
2 0.720090 0.548253 0.720090 0.451992 0.712651 0.451992 0.712651 0.548253
2 0.720090 0.684313 0.720090 0.582679 0.712651 0.582679 0.712651 0.684313
3 0.734486 0.447327 0.734486 0.073600 0.727048 0.073600 0.727048 0.432364
3 0.517242 0.447327 0.712651 0.447327 0.712651 0.432364 0.509804 0.432364
2 0.535682 0.447327 0.570337 0.447327 0.570337 0.432364 0.535682 0.432364
2 0.633867 0.447327 0.673702 0.447327 0.673702 0.432364 0.633867 0.432364
3 0.720090 0.447327 0.734486 0.447327 0.727048 0.432364 0.712651 0.432364
3 0.712651 0.572328 0.999997 0.572328 0.999997 0.554646 0.712651 0.554646
3 0.603573 0.073600 0.603573 0.447327 0.612363 0.447327 0.612363 0.073600
