0 0.454758 0.241876 0.454758 0.009579 0.766893 0.009579 0.766893 0.242915 0.454758 0.241876 0.454758 0.241876
0 0.708414 0.308887 0.708663 0.308887 0.707951 0.618984 0.309379 0.618984 0.309379 0.281801 0.708414 0.281801
0 0.708663 0.308887 0.714111 0.308887 0.714111 0.281801 0.886294 0.281801 0.886294 0.466933 0.840312 0.466933 0.840312 0.504510 0.714360 0.504510 0.714360 0.443413 0.708663 0.443413
0 0.886294 0.895214 0.766751 0.895214 0.766751 0.770763 0.652121 0.770763 0.652121 0.740328 0.622697 0.740328 0.622697 0.618984 0.886294 0.618984
0 0.302970 0.770763 0.057767 0.770763 0.057767 0.508302 0.302970 0.508302
0 0.302970 0.500176 0.057767 0.500176 0.057767 0.281801 0.302970 0.281801
0 0.616288 0.740328 0.593785 0.740328 0.593785 0.770763 0.427064 0.770763 0.427064 0.627109 0.616288 0.627109
0 0.886294 0.610858 0.714360 0.610858 0.714360 0.512635 0.886294 0.512635
0 0.420655 0.770763 0.309379 0.770763 0.309379 0.627109 0.420655 0.627109
0 0.645712 0.770763 0.600194 0.770763 0.600194 0.748454 0.645712 0.748454
0 0.886294 0.504510 0.846722 0.504510 0.846722 0.475058 0.886294 0.475058
3 0.019313 0.790626 0.019313 0.243881 0.057767 0.281801 0.057767 0.770763
1 0.019313 0.632960 0.019313 0.528120 0.057767 0.528120 0.057767 0.632960
1 0.019313 0.491220 0.019313 0.384032 0.057767 0.384032 0.057767 0.491220
3 0.057767 0.281801 0.886294 0.281801 0.901960 0.243881 0.019313 0.243881
1 0.204164 0.281801 0.250359 0.281801 0.250359 0.243881 0.204164 0.243881
1 0.335535 0.281801 0.418490 0.281801 0.418490 0.243881 0.335535 0.243881
1 0.567379 0.281801 0.694756 0.281801 0.694756 0.243881 0.567379 0.243881
2 0.489289 0.281801 0.548287 0.281801 0.548287 0.243881 0.489289 0.243881
1 0.796097 0.281801 0.870720 0.281801 0.870720 0.243881 0.796097 0.243881
3 0.886294 0.281801 0.886294 0.895214 0.901960 0.915077 0.901960 0.243881
3 0.886294 0.895214 0.766751 0.895214 0.751084 0.915077 0.901960 0.915077
2 0.837749 0.895214 0.770760 0.895214 0.770760 0.915077 0.837749 0.915077
3 0.766751 0.895214 0.766751 0.770763 0.751084 0.790626 0.751084 0.915077
3 0.751084 0.790626 0.019313 0.790626 0.057767 0.770763 0.766751 0.770763
3 0.309379 0.790626 0.309379 0.243881 0.302970 0.243881 0.302970 0.790626
2 0.309379 0.591446 0.309379 0.514532 0.302970 0.514532 0.302970 0.591446
2 0.309379 0.494822 0.309379 0.419496 0.302970 0.419496 0.302970 0.494822
3 0.309379 0.508302 0.019313 0.508302 0.019313 0.500176 0.309379 0.500176
3 0.600194 0.790626 0.600194 0.748454 0.593785 0.740328 0.593785 0.790626
3 0.600194 0.748454 0.645712 0.748454 0.652121 0.740328 0.593785 0.740328
3 0.645712 0.748454 0.645712 0.790626 0.652121 0.790626 0.652121 0.740328
3 0.622697 0.748454 0.622697 0.618984 0.616288 0.627109 0.616288 0.748454
2 0.622697 0.735064 0.622697 0.658935 0.616288 0.658935 0.616288 0.735064
3 0.622697 0.618984 0.302970 0.618984 0.302970 0.627109 0.616288 0.627109
3 0.427064 0.618984 0.427064 0.790626 0.420655 0.790626 0.420655 0.618984
2 0.427064 0.638260 0.427064 0.710859 0.420655 0.710859 0.420655 0.638260
3 0.901960 0.618984 0.707951 0.618984 0.714360 0.610858 0.901960 0.610858
2 0.831496 0.618984 0.771109 0.618984 0.771109 0.610858 0.831496 0.610858
3 0.707951 0.618984 0.707951 0.443413 0.714360 0.443413 0.714360 0.610858
3 0.901960 0.512635 0.707951 0.512635 0.707951 0.504510 0.901960 0.504510
2 0.825949 0.512635 0.765903 0.512635 0.765903 0.504510 0.825949 0.504510
3 0.846722 0.512635 0.846722 0.475058 0.840312 0.466933 0.840312 0.512635
3 0.846722 0.475058 0.901960 0.475058 0.901960 0.466933 0.840312 0.466933
3 0.469712 0.281801 0.469712 0.201762 0.454758 0.201762 0.454758 0.281801
3 0.469712 0.059237 0.469712 0.009579 0.454758 0.009579 0.454758 0.059237
3 0.766893 0.009579 0.766893 0.059237 0.751939 0.059237 0.751939 0.009579
3 0.766893 0.201762 0.766893 0.281801 0.751939 0.281801 0.751939 0.201762
3 0.714111 0.308887 0.714111 0.243881 0.708414 0.243881 0.708414 0.308887
