0 0.432940 0.176445 0.315434 0.030451 0.147512 0.239010 0.264513 0.380945 0.432940 0.176445 0.432940 0.176445
0 0.368642 0.596713 0.368642 0.739243 0.359730 0.739243 0.359730 0.890430 0.125899 0.890430 0.125899 0.596713 0.248812 0.446827
0 0.783571 0.609394 0.777466 0.617234 0.652689 0.772369 0.652414 0.772369 0.624369 0.739243 0.368642 0.739243 0.368642 0.596713 0.248812 0.446827 0.452280 0.199093
0 0.484277 0.890430 0.359730 0.890430 0.359730 0.739243 0.484277 0.739243
0 0.652414 0.772369 0.652689 0.890430 0.484277 0.890430 0.484277 0.739243 0.624369 0.739243
0 0.977897 0.850132 0.945700 0.890430 0.661601 0.890430 0.661601 0.776995 0.661765 0.776605 0.789862 0.617234
3 0.452280 0.199093 0.125899 0.596713 0.110302 0.569031 0.444459 0.161944
2 0.337938 0.338399 0.291503 0.394963 0.272846 0.371006 0.319281 0.314442
1 0.441518 0.212210 0.341778 0.333717 0.323121 0.309760 0.422861 0.188252
1 0.233861 0.465192 0.155110 0.561125 0.136453 0.537167 0.215204 0.441234
3 0.125899 0.596713 0.125899 0.890430 0.110302 0.909938 0.110302 0.569031
3 0.125899 0.890430 0.945700 0.890430 0.952161 0.909938 0.110302 0.909938
2 0.552733 0.890430 0.624740 0.890430 0.624740 0.909938 0.552733 0.909938
3 0.945700 0.890430 0.977897 0.850132 1.000000 0.850067 0.952161 0.909938
3 0.977897 0.850132 0.452280 0.199093 0.444459 0.161944 1.000000 0.850067
3 0.661601 0.890430 0.661601 0.776995 0.652689 0.772369 0.652689 0.890430
2 0.661601 0.883853 0.661601 0.808283 0.652689 0.808283 0.652689 0.883853
3 0.661601 0.776995 0.789862 0.617234 0.783578 0.609338 0.652689 0.772369
3 0.368642 0.739243 0.531967 0.739243 0.531967 0.750390 0.368642 0.750390
3 0.484277 0.750390 0.484277 0.890430 0.475364 0.890430 0.475364 0.750390
3 0.368642 0.890430 0.368642 0.596713 0.359730 0.601340 0.359730 0.890430
2 0.368642 0.826546 0.368642 0.758528 0.359730 0.758528 0.359730 0.826546
2 0.368642 0.686097 0.368642 0.608632 0.359730 0.608632 0.359730 0.686097
3 0.368642 0.596713 0.248871 0.446910 0.242565 0.454788 0.359730 0.601340
3 0.444459 0.161944 0.323812 0.012002 0.312292 0.026494 0.432940 0.176445
