0 0.315592 0.779573 0.066688 0.779573 0.066688 0.587218 0.315592 0.587218 0.315592 0.581925 0.214097 0.581925 0.214097 0.581856 0.315592 0.581856
0 0.315592 0.581856 0.214097 0.581856 0.214097 0.501045 0.315592 0.501045 0.315592 0.495753 0.066688 0.495753 0.066688 0.495705 0.315592 0.495705
0 0.315592 0.495705 0.066688 0.495705 0.066688 0.258697 0.315592 0.258697
0 0.653687 0.539463 0.739391 0.539463 0.739391 0.596538 0.445536 0.596538 0.445536 0.702811 0.324941 0.702811 0.324941 0.508079 0.653687 0.508079
0 0.653687 0.508079 0.324941 0.508079 0.324941 0.258697 0.653687 0.258697
0 0.459074 0.796509 0.348071 0.796509 0.348071 0.849767 0.459074 0.849767 0.459074 0.796509 0.459074 0.796509
0 0.066688 0.241761 0.066688 0.099827 0.484831 0.099827 0.484831 0.241761 0.066688 0.241761 0.066688 0.241761
0 0.914950 0.508217 0.739391 0.508217 0.739391 0.535759 0.660231 0.535759 0.660231 0.258697 0.914950 0.258697
0 0.739391 0.779573 0.453016 0.779573 0.453016 0.600772 0.739391 0.600772
0 0.914950 0.605837 0.824338 0.605837 0.824338 0.610600 0.914950 0.610600 0.914950 0.692713 0.748740 0.692713 0.748740 0.513509 0.914950 0.513509
0 0.989716 0.994178 0.847580 0.994178 0.847580 0.865412 0.989716 0.865412
0 0.902796 0.773751 0.751545 0.773751 0.751545 0.698535 0.902796 0.698535
0 0.204748 0.581925 0.066688 0.581925 0.066688 0.501045 0.204748 0.501045
0 0.445536 0.779573 0.324941 0.779573 0.324941 0.707045 0.445536 0.707045
3 0.036770 0.796509 0.036770 0.241761 0.066688 0.258697 0.066688 0.779573
3 0.066688 0.258697 0.914950 0.258697 0.933649 0.241761 0.036770 0.241761
2 0.368387 0.258697 0.445041 0.258697 0.445041 0.241761 0.368387 0.241761
1 0.118894 0.258697 0.283365 0.258697 0.283365 0.241761 0.118894 0.241761
1 0.449201 0.258697 0.612410 0.258697 0.612410 0.241761 0.449201 0.241761
1 0.695132 0.258697 0.859837 0.258697 0.859837 0.241761 0.695132 0.241761
3 0.914950 0.258697 0.914950 0.692713 0.933649 0.692713 0.933649 0.241761
3 0.933649 0.692713 0.933649 0.796509 0.902796 0.773751 0.902796 0.698535
3 0.933649 0.796509 0.739391 0.796509 0.751545 0.773751 0.902796 0.773751
1 0.819588 0.796509 0.766756 0.796509 0.766756 0.773751 0.819588 0.773751
3 0.739391 0.796509 0.036770 0.796509 0.066688 0.779573 0.739391 0.779573
2 0.439441 0.796509 0.368237 0.796509 0.368237 0.779573 0.439441 0.779573
1 0.279803 0.796509 0.142557 0.796509 0.142557 0.779573 0.279803 0.779573
1 0.658231 0.796509 0.494573 0.796509 0.494573 0.779573 0.658231 0.779573
3 0.315592 0.779573 0.315592 0.258697 0.324941 0.258697 0.324941 0.779573
2 0.315592 0.454471 0.315592 0.413735 0.324941 0.413735 0.324941 0.454471
2 0.315592 0.633866 0.315592 0.592695 0.324941 0.592695 0.324941 0.633866
2 0.315592 0.577988 0.315592 0.541390 0.324941 0.541390 0.324941 0.577988
3 0.066688 0.495753 0.315592 0.495753 0.315592 0.501045 0.066688 0.501045
3 0.066688 0.587218 0.315592 0.587218 0.315592 0.581925 0.066688 0.581925
2 0.107675 0.587218 0.164247 0.587218 0.164247 0.581925 0.107675 0.581925
3 0.204748 0.581925 0.204748 0.501045 0.214097 0.501045 0.214097 0.581925
3 0.739391 0.796509 0.739391 0.692713 0.751545 0.692713 0.751545 0.773751
3 0.748740 0.692713 0.933649 0.692713 0.902796 0.698535 0.748740 0.698535
2 0.752405 0.692713 0.812128 0.692713 0.812128 0.698535 0.752405 0.698535
3 0.739391 0.692713 0.739391 0.508217 0.748740 0.513509 0.748740 0.692713
2 0.739391 0.591774 0.739391 0.549895 0.748740 0.549895 0.748740 0.591774
3 0.739391 0.508217 0.914950 0.508217 0.914950 0.513509 0.748740 0.513509
3 0.739391 0.539463 0.653687 0.539463 0.660231 0.535759 0.739391 0.535759
2 0.737372 0.539463 0.665392 0.539463 0.665392 0.535759 0.737372 0.535759
3 0.653687 0.539463 0.653687 0.258697 0.660231 0.258697 0.660231 0.535759
3 0.445536 0.779573 0.445536 0.596538 0.453016 0.600772 0.453016 0.779573
2 0.445536 0.692538 0.445536 0.650929 0.453016 0.650929 0.453016 0.692538
3 0.445536 0.596538 0.739391 0.596538 0.739391 0.600772 0.453016 0.600772
3 0.324941 0.702811 0.453016 0.702811 0.453016 0.707045 0.324941 0.707045
2 0.366517 0.702811 0.439441 0.702811 0.439441 0.707045 0.366517 0.707045
3 0.837296 0.859590 1.000000 0.859590 0.989716 0.865412 0.847580 0.865412
2 0.837296 0.911007 0.837296 0.869048 0.847580 0.869048 0.847580 0.911007
3 0.928011 0.793889 0.928011 0.859590 0.919597 0.859590 0.919597 0.793889
3 0.824338 0.605837 0.914950 0.605837 0.914950 0.610600 0.824338 0.610600
