0 0.305259 0.217789 0.305259 0.063645 0.626980 0.063645 0.626980 0.217789 0.305259 0.217789
0 0.592243 0.651530 0.582397 0.658926 0.582397 0.662001 0.534634 0.662001 0.534634 0.670897 0.582397 0.670897 0.582397 0.779821 0.420251 0.779821 0.420251 0.522911 0.592243 0.522911
0 0.977354 0.603722 0.652944 0.603722 0.592243 0.651530 0.592243 0.242454 0.977354 0.242454
0 0.416805 0.969892 0.416805 0.928822 0.543091 0.928822 0.543170 0.969892 0.416805 0.969892
0 0.977354 0.903970 0.592243 0.903970 0.592243 0.661949 0.657119 0.611185 0.977354 0.611185
0 0.410405 0.903970 0.068775 0.903970 0.068775 0.658060 0.251745 0.658060 0.251745 0.611312 0.410405 0.611312
0 0.582397 0.515448 0.251745 0.515448 0.251745 0.242454 0.582397 0.242454
0 0.238945 0.499163 0.068775 0.499163 0.068775 0.242454 0.238945 0.242454
0 0.238945 0.648358 0.081575 0.648358 0.081575 0.508865 0.238945 0.508865
0 0.582397 0.903970 0.420251 0.903970 0.420251 0.787284 0.582397 0.787284
0 0.410405 0.603848 0.251745 0.603848 0.251745 0.522911 0.410405 0.522911
3 0.044160 0.217789 0.044160 0.499163 0.068775 0.499163 0.068775 0.242454
3 0.044160 0.499163 0.044160 0.658060 0.081575 0.658060 0.081575 0.499163
3 0.044160 0.658060 0.044160 0.928599 0.068775 0.903970 0.068775 0.658060
3 0.044160 0.928599 1.000000 0.928599 0.977354 0.903970 0.068775 0.903970
2 0.430619 0.928599 0.518092 0.928599 0.518092 0.903970 0.430619 0.903970
1 0.153392 0.928599 0.329244 0.928599 0.329244 0.903970 0.153392 0.903970
1 0.678692 0.928599 0.873379 0.928599 0.873379 0.903970 0.678692 0.903970
3 1.000000 0.928599 1.000000 0.217789 0.977354 0.242454 0.977354 0.903970
3 1.000000 0.217789 0.044160 0.217789 0.068775 0.242454 0.977354 0.242454
1 0.220149 0.217789 0.152674 0.217789 0.152674 0.242454 0.220149 0.242454
2 0.397724 0.217789 0.316592 0.217789 0.316592 0.242454 0.397724 0.242454
1 0.540108 0.217789 0.415929 0.217789 0.415929 0.242454 0.540108 0.242454
1 0.871252 0.217789 0.643177 0.217789 0.643177 0.242454 0.871252 0.242454
3 0.044160 0.658060 0.251745 0.658060 0.238945 0.648358 0.044160 0.648358
3 0.251745 0.658060 0.251745 0.217789 0.238945 0.217789 0.238945 0.648358
2 0.251745 0.321869 0.251745 0.259306 0.238945 0.259306 0.238945 0.321869
3 0.044160 0.499163 0.251745 0.499163 0.251745 0.508865 0.044160 0.508865
2 0.174473 0.499163 0.233244 0.499163 0.233244 0.508865 0.174473 0.508865
3 0.238945 0.522911 0.592243 0.522911 0.582397 0.515448 0.238945 0.515448
2 0.444975 0.522911 0.515404 0.522911 0.515404 0.515448 0.444975 0.515448
3 0.592243 0.522911 0.592243 0.217789 0.582397 0.217789 0.582397 0.515448
2 0.592243 0.325317 0.592243 0.261627 0.582397 0.261627 0.582397 0.325317
3 0.410405 0.515448 0.410405 0.928599 0.420251 0.928599 0.420251 0.515448
2 0.410405 0.536762 0.410405 0.599669 0.420251 0.599669 0.420251 0.536762
2 0.410405 0.669375 0.410405 0.731595 0.420251 0.731595 0.420251 0.669375
3 0.410405 0.787284 0.592243 0.787284 0.582397 0.779821 0.410405 0.779821
2 0.429270 0.787284 0.507330 0.787284 0.507330 0.779821 0.429270 0.779821
3 0.582397 0.779821 0.582397 0.928599 0.592243 0.928599 0.592243 0.779821
3 0.592243 0.787284 0.592243 0.661949 0.582397 0.658926 0.582397 0.779821
3 0.592243 0.661949 0.657119 0.611185 0.652944 0.603722 0.582397 0.658926
2 0.594921 0.659852 0.654244 0.613431 0.647175 0.608237 0.587852 0.654657
3 0.657119 0.611185 1.000000 0.611185 1.000000 0.603722 0.652944 0.603722
3 0.592243 0.662001 0.534634 0.662001 0.534634 0.670897 0.592243 0.670897
3 0.238945 0.611312 0.420251 0.611312 0.420251 0.603848 0.238945 0.603848
