0 0.523589 0.277036 0.411262 0.277036 0.411262 0.102045 0.523589 0.102045
0 0.654316 0.136239 0.683874 0.136239 0.683874 0.277036 0.531462 0.277036 0.531462 0.102045 0.654316 0.102045
0 0.988549 0.591750 0.647252 0.591750 0.647252 0.387722 0.988549 0.387722
0 0.988549 0.378042 0.647252 0.378042 0.647252 0.290235 0.693894 0.290235 0.693894 0.136239 0.736026 0.136239 0.736026 0.102045 0.988549 0.102045
0 0.988549 0.900076 0.693894 0.900076 0.693894 0.693302 0.647252 0.693302 0.647252 0.606911 0.988549 0.606911
0 0.639380 0.702981 0.686021 0.702981 0.686021 0.900076 0.540816 0.900076 0.540816 0.413160 0.530796 0.413160 0.530796 0.483589 0.400040 0.483589 0.400756 0.290235 0.639380 0.290235
0 0.400527 0.290235 0.400756 0.290235 0.400040 0.483589 0.035419 0.483589 0.035419 0.102045 0.400527 0.102045
3 1.000000 0.914911 0.529365 0.914911 0.540816 0.900076 0.988549 0.900076
2 0.614023 0.914911 0.544816 0.914911 0.544816 0.900076 0.614023 0.900076
3 0.529365 0.914911 0.529365 0.497668 0.540816 0.483589 0.540816 0.900076
3 0.529365 0.497668 0.023968 0.497668 0.035419 0.483589 0.540816 0.483589
3 0.035419 0.483589 0.035419 0.102045 0.023968 0.087966 0.023968 0.497668
1 0.035419 0.400894 0.035419 0.177595 0.023968 0.177595 0.023968 0.400894
3 0.035419 0.102045 0.988549 0.102045 1.000000 0.087966 0.023968 0.087966
1 0.537259 0.102045 0.619706 0.102045 0.619706 0.087966 0.537259 0.087966
3 1.000000 0.087966 1.000000 0.914911 0.988549 0.900076 0.988549 0.102045
1 1.000000 0.182277 1.000000 0.335551 0.988549 0.335551 0.988549 0.182277
1 1.000000 0.411321 1.000000 0.580091 0.988549 0.580091 0.988549 0.411321
1 1.000000 0.649842 1.000000 0.816025 0.988549 0.816025 0.988549 0.649842
3 0.400527 0.087966 0.400527 0.290235 0.411262 0.277036 0.411262 0.087966
3 0.411262 0.277036 0.683874 0.277036 0.693894 0.290235 0.400527 0.290235
2 0.578067 0.277036 0.633196 0.277036 0.633196 0.290235 0.578067 0.290235
3 0.683874 0.277036 0.683874 0.087966 0.693894 0.087966 0.693894 0.290235
3 0.654316 0.102045 0.736026 0.102045 0.736026 0.136239 0.654316 0.136239
3 0.531462 0.290235 0.531462 0.087966 0.523589 0.087966 0.523589 0.290235
2 0.531462 0.256885 0.531462 0.206738 0.523589 0.206738 0.523589 0.256885
3 0.693894 0.914911 0.693894 0.693302 0.686021 0.702981 0.686021 0.914911
3 0.686021 0.702981 0.639380 0.702981 0.647252 0.693302 0.693894 0.693302
3 0.639380 0.702981 0.639380 0.290235 0.647252 0.290235 0.647252 0.693302
2 0.639380 0.687653 0.639380 0.613255 0.647252 0.613255 0.647252 0.687653
2 0.639380 0.582854 0.639380 0.509107 0.647252 0.509107 0.647252 0.582854
2 0.639380 0.370396 0.639380 0.294353 0.647252 0.294353 0.647252 0.370396
3 0.647252 0.378042 1.000000 0.378042 1.000000 0.387722 0.647252 0.387722
3 0.647252 0.591750 1.000000 0.591750 1.000000 0.606911 0.647252 0.606911
3 0.540816 0.483589 0.540816 0.413160 0.530796 0.413160 0.530796 0.483589
