0 0.230012 0.257424 0.230012 0.066359 0.624053 0.066359 0.624053 0.257424 0.230012 0.257424
0 0.599933 0.805523 0.444602 0.805523 0.444602 0.648890 0.599933 0.648890
0 0.599933 0.648890 0.444602 0.648890 0.444602 0.647440 0.345194 0.647440 0.345194 0.515389 0.312213 0.515389 0.312213 0.290289 0.599933 0.290289
0 0.345194 0.647440 0.300103 0.647440 0.300103 0.706579 0.101762 0.706579 0.101762 0.580288 0.345194 0.580288
0 0.345194 0.580288 0.101762 0.580288 0.101762 0.515389 0.345194 0.515389
0 0.312213 0.515389 0.101762 0.515389 0.101762 0.290289 0.312213 0.290289
0 0.864204 0.559429 0.610064 0.559429 0.610064 0.290289 0.864204 0.290289
0 0.813237 0.866160 0.615519 0.866160 0.615519 0.578761 0.813237 0.578761
0 0.434471 0.866160 0.254140 0.866160 0.254140 0.719145 0.310234 0.719145 0.310234 0.660007 0.434471 0.660007
0 0.864204 0.866160 0.825706 0.866160 0.825706 0.578761 0.864204 0.578761
0 0.240891 0.856117 0.106258 0.856117 0.106258 0.723012 0.240891 0.723012
0 0.599933 0.866160 0.444602 0.866160 0.444602 0.818090 0.599933 0.818090
3 0.106258 0.856117 0.240891 0.856117 0.254140 0.911592 0.081500 0.911592
3 0.240891 0.866160 0.864204 0.866160 0.889921 0.911592 0.240891 0.911592
2 0.470046 0.866160 0.541322 0.866160 0.541322 0.911592 0.470046 0.911592
2 0.684176 0.866160 0.747534 0.866160 0.747534 0.911592 0.684176 0.911592
3 0.864204 0.866160 0.864204 0.290289 0.889921 0.247757 0.889921 0.911592
3 0.864204 0.290289 0.649061 0.290289 0.649061 0.247757 0.889921 0.247757
1 0.803589 0.290289 0.683116 0.290289 0.683116 0.247757 0.803589 0.247757
3 0.649061 0.290289 0.101762 0.290289 0.081500 0.257424 0.649061 0.257424
1 0.349581 0.290289 0.230394 0.290289 0.230394 0.257424 0.349581 0.257424
2 0.463001 0.290289 0.400844 0.290289 0.400844 0.257424 0.463001 0.257424
1 0.595328 0.290289 0.476460 0.290289 0.476460 0.257424 0.595328 0.257424
3 0.101762 0.290289 0.101762 0.706579 0.081500 0.723012 0.081500 0.257424
1 0.101762 0.300767 0.101762 0.334155 0.081500 0.334155 0.081500 0.300767
3 0.106258 0.706579 0.106258 0.856117 0.081500 0.911592 0.081500 0.706579
3 0.101762 0.706579 0.254140 0.706579 0.240891 0.723012 0.081500 0.723012
3 0.254140 0.706579 0.300103 0.706579 0.310234 0.719145 0.254140 0.719145
3 0.310234 0.719145 0.310234 0.660007 0.300103 0.647440 0.300103 0.706579
3 0.300103 0.647440 0.444602 0.647440 0.434471 0.660007 0.310234 0.660007
3 0.444602 0.647440 0.444602 0.866160 0.434471 0.866160 0.434471 0.660007
2 0.444602 0.721407 0.444602 0.800942 0.434471 0.800942 0.434471 0.721407
3 0.444602 0.805523 0.599933 0.805523 0.615519 0.818090 0.444602 0.818090
2 0.469135 0.805523 0.540106 0.805523 0.540106 0.818090 0.469135 0.818090
3 0.599933 0.818090 0.599933 0.866160 0.615519 0.866160 0.615519 0.805523
3 0.615519 0.818090 0.615519 0.559429 0.599933 0.559429 0.599933 0.805523
3 0.599933 0.559429 0.864204 0.559429 0.864204 0.578761 0.615519 0.578761
3 0.825706 0.578761 0.825706 0.866160 0.813237 0.866160 0.813237 0.578761
2 0.825706 0.687739 0.825706 0.838108 0.813237 0.838108 0.813237 0.687739
2 0.825706 0.607634 0.825706 0.677909 0.813237 0.677909 0.813237 0.607634
3 0.599933 0.559429 0.599933 0.290289 0.610064 0.290289 0.610064 0.559429
2 0.599933 0.377866 0.599933 0.290618 0.610064 0.290618 0.610064 0.377866
3 0.254140 0.706579 0.254140 0.911592 0.240891 0.856117 0.240891 0.723012
2 0.254140 0.731508 0.254140 0.792425 0.240891 0.792425 0.240891 0.731508
