0 0.482662 0.091435 0.587626 0.091435 0.587688 0.352357 0.482662 0.352357 0.482662 0.091435
0 0.061076 0.718172 0.475156 0.718172 0.475156 0.925780 0.061076 0.926628 0.061076 0.718172
0 0.202635 0.104247 0.202635 0.342407 0.069947 0.342407 0.069947 0.104247
0 0.331243 0.259216 0.254186 0.259216 0.254186 0.300556 0.211506 0.300556 0.211506 0.104247 0.331243 0.104247
0 0.466285 0.695034 0.069947 0.695034 0.069947 0.342407 0.263057 0.342407 0.263057 0.270785 0.466285 0.270785
0 0.466285 0.259216 0.339431 0.259216 0.339431 0.104247 0.466285 0.104247
3 0.053571 0.104247 0.482662 0.104247 0.475156 0.081109 0.061076 0.081109
1 0.355773 0.104247 0.397130 0.104247 0.397130 0.081109 0.355773 0.081109
1 0.271211 0.104247 0.314048 0.104247 0.314048 0.081109 0.271211 0.081109
3 0.466285 0.104247 0.466285 0.718172 0.482662 0.707567 0.482662 0.081109
2 0.466285 0.147911 0.466285 0.237659 0.482662 0.237659 0.482662 0.147911
1 0.466285 0.536093 0.466285 0.654532 0.482662 0.654532 0.482662 0.536093
3 0.466285 0.695034 0.053571 0.695034 0.053571 0.718172 0.482662 0.718172
1 0.412640 0.695034 0.243146 0.695034 0.243146 0.718172 0.412640 0.718172
2 0.179429 0.695034 0.117731 0.695034 0.117731 0.718172 0.179429 0.718172
3 0.069947 0.695034 0.069947 0.104247 0.053571 0.081109 0.053571 0.718172
1 0.069947 0.295572 0.069947 0.174520 0.053571 0.174520 0.053571 0.295572
1 0.069947 0.534011 0.069947 0.412439 0.053571 0.412439 0.053571 0.534011
3 0.202635 0.104247 0.202635 0.342407 0.211506 0.300556 0.211506 0.104247
3 0.202635 0.342407 0.263057 0.342407 0.254186 0.300556 0.211506 0.300556
3 0.263057 0.342407 0.263057 0.270785 0.254186 0.259216 0.254186 0.300556
3 0.263057 0.270785 0.466285 0.270785 0.466285 0.259216 0.254186 0.259216
2 0.410054 0.270785 0.464607 0.270785 0.464607 0.259216 0.410054 0.259216
3 0.339431 0.104247 0.339431 0.259216 0.331243 0.259216 0.331243 0.104247
2 0.339431 0.184961 0.339431 0.253306 0.331243 0.253306 0.331243 0.184961
3 0.053571 0.718172 0.035714 0.718172 0.035714 0.707567 0.053571 0.707567
3 0.053571 0.357968 0.035714 0.357968 0.035714 0.347363 0.053571 0.347363
3 0.053571 0.081109 0.035714 0.081109 0.035714 0.091714 0.053571 0.091714
3 0.053571 0.104247 0.053571 0.053922 0.061076 0.053922 0.061076 0.081109
3 0.202635 0.053922 0.202635 0.081109 0.210141 0.081109 0.210141 0.053922
3 0.482662 0.104247 0.482662 0.053922 0.475156 0.053922 0.475156 0.081109
3 0.466285 0.718172 0.501501 0.718172 0.501501 0.707567 0.482662 0.707567
3 0.196808 0.718172 0.196808 0.744000 0.204314 0.744000 0.204314 0.718172
0 0.649992 0.725798 0.649992 0.893569 0.926403 0.893569 0.926403 0.725798 0.649992 0.725798
0 0.783827 0.308924 0.783827 0.350457 0.707603 0.350457 0.707603 0.308924
0 0.919579 0.276984 0.985671 0.276984 0.985671 0.363241 0.919579 0.363241 0.919579 0.705552 0.656816 0.705552 0.656816 0.108065 0.919579 0.108065
3 0.656816 0.108065 0.919579 0.108065 0.933908 0.087819 0.642487 0.087819
1 0.760068 0.108065 0.821110 0.108065 0.821110 0.087819 0.760068 0.087819
3 0.919579 0.108065 0.919579 0.276984 0.933908 0.256738 0.933908 0.087819
3 0.919579 0.276984 0.985671 0.276984 1.000000 0.256738 0.933908 0.256738
3 0.985671 0.276984 0.985671 0.363241 1.000000 0.383487 1.000000 0.256738
3 0.985671 0.363241 0.919579 0.363241 0.933908 0.383487 1.000000 0.383487
3 0.919579 0.363241 0.919579 0.705552 0.933908 0.725798 0.933908 0.383487
3 0.919579 0.705552 0.656816 0.705552 0.642487 0.725798 0.933908 0.725798
2 0.816818 0.705552 0.755626 0.705552 0.755626 0.725798 0.816818 0.725798
3 0.656816 0.705552 0.656816 0.108065 0.642487 0.087819 0.642487 0.725798
3 0.707603 0.308924 0.783827 0.308924 0.783827 0.350457 0.707603 0.350457
3 0.642487 0.725798 0.642487 0.904174 0.649992 0.904174 0.649992 0.725798
3 0.933908 0.904174 0.933908 0.725798 0.926403 0.725798 0.926403 0.904174
