0 0.576387 0.880839 0.576387 0.999946 0.776241 0.999992 0.776241 0.880839 0.576387 0.880839 0.576387 0.880839
0 0.326498 0.287924 0.032531 0.287924 0.032266 0.091976 0.326849 0.092038 0.326498 0.287924 0.326498 0.287924
0 0.596497 0.472885 0.347723 0.472885 0.347723 0.316654 0.348080 0.119992 0.596497 0.119992
0 0.758846 0.456019 0.687844 0.456019 0.687844 0.463008 0.723279 0.463008 0.723279 0.604182 0.687717 0.604182 0.687717 0.613500 0.763268 0.613500 0.763268 0.711105 0.600815 0.711105 0.600815 0.473219 0.596497 0.472885 0.596497 0.369425 0.758846 0.369425
0 0.600815 0.473219 0.600815 0.566025 0.595640 0.566025 0.595640 0.852885 0.347723 0.852885 0.347723 0.615193 0.381841 0.615193 0.381841 0.563828 0.347723 0.563828 0.347723 0.472885
0 0.336797 0.400865 0.347723 0.400865 0.347723 0.563828 0.053808 0.563828 0.053808 0.316654 0.336797 0.316654
0 0.977573 0.359330 0.693594 0.359330 0.693594 0.119992 0.977573 0.119992
0 0.977573 0.604182 0.727879 0.604182 0.727879 0.463008 0.764596 0.463008 0.764596 0.369425 0.977573 0.369425
0 0.977573 0.852885 0.769593 0.852885 0.769593 0.613500 0.977573 0.613500
0 0.172200 0.722543 0.214759 0.722543 0.214759 0.852885 0.053808 0.852885 0.053808 0.575475 0.172200 0.575475
0 0.338120 0.712449 0.179675 0.712449 0.179675 0.575475 0.338120 0.575475
0 0.687844 0.302351 0.602247 0.302351 0.602247 0.119992 0.687844 0.119992
0 0.338120 0.852885 0.223385 0.852885 0.223385 0.722543 0.338120 0.722543
0 0.693474 0.852885 0.600815 0.852885 0.600815 0.719647 0.693474 0.719647
0 0.763268 0.852885 0.699799 0.852885 0.699799 0.719647 0.763268 0.719647
0 0.687844 0.359330 0.602247 0.359330 0.602247 0.309340 0.687844 0.309340
3 0.326849 0.092038 1.000000 0.092038 0.977573 0.119992 0.348080 0.119992
1 0.404906 0.092038 0.511389 0.092038 0.511389 0.119992 0.404906 0.119992
1 0.511389 0.092038 0.528589 0.092038 0.528589 0.119992 0.511389 0.119992
1 0.734780 0.092038 0.823879 0.092038 0.823879 0.119992 0.734780 0.119992
1 0.823879 0.092038 0.842545 0.092038 0.842545 0.119992 0.823879 0.119992
3 1.000000 0.092038 1.000000 0.880839 0.977573 0.852885 0.977573 0.119992
1 1.000000 0.438719 1.000000 0.556195 0.977573 0.556195 0.977573 0.438719
1 1.000000 0.556195 1.000000 0.583023 0.977573 0.583023 0.977573 0.556195
3 1.000000 0.880839 0.032531 0.880839 0.053808 0.852885 0.977573 0.852885
2 0.658510 0.880839 0.604990 0.880839 0.604990 0.852885 0.658510 0.852885
1 0.903863 0.880839 0.814442 0.880839 0.814442 0.852885 0.903863 0.852885
1 0.922765 0.880839 0.903380 0.880839 0.903380 0.852885 0.922765 0.852885
1 0.752164 0.880839 0.717022 0.880839 0.717022 0.852885 0.752164 0.852885
1 0.430347 0.880839 0.412900 0.880839 0.412900 0.852885 0.430347 0.852885
1 0.518796 0.880839 0.430347 0.880839 0.430347 0.852885 0.518796 0.852885
1 0.245617 0.880839 0.229015 0.880839 0.229015 0.852885 0.245617 0.852885
1 0.280459 0.880839 0.245174 0.880839 0.245174 0.852885 0.280459 0.852885
1 0.114470 0.880839 0.097978 0.880839 0.097978 0.852885 0.114470 0.852885
1 0.151302 0.880839 0.114246 0.880839 0.114246 0.852885 0.151302 0.852885
3 0.032531 0.880839 0.032531 0.287924 0.053808 0.316654 0.053808 0.852885
1 0.032531 0.711820 0.032531 0.662629 0.053808 0.662629 0.053808 0.711820
1 0.032531 0.373292 0.032531 0.351480 0.053808 0.351480 0.053808 0.373292
1 0.032531 0.492817 0.032531 0.373292 0.053808 0.373292 0.053808 0.492817
3 0.032531 0.287924 0.326498 0.287924 0.347723 0.316654 0.053808 0.316654
2 0.102980 0.287924 0.150992 0.287924 0.150992 0.316654 0.102980 0.316654
1 0.171199 0.287924 0.260999 0.287924 0.260999 0.316654 0.171199 0.316654
1 0.260999 0.287924 0.278469 0.287924 0.278469 0.316654 0.260999 0.316654
3 0.326498 0.287924 0.326849 0.092038 0.348080 0.119992 0.347723 0.316654
1 0.326567 0.248820 0.326739 0.154033 0.348016 0.154103 0.347844 0.248890
3 0.600815 0.880839 0.600815 0.566025 0.595640 0.566025 0.595640 0.880839
3 0.769593 0.880839 0.769593 0.604182 0.763268 0.613500 0.763268 0.880839
2 0.769593 0.683439 0.769593 0.620869 0.763268 0.620869 0.763268 0.683439
3 0.769593 0.613500 1.000000 0.613500 1.000000 0.604182 0.763268 0.604182
3 0.769593 0.604182 0.687717 0.604182 0.687717 0.613500 0.763268 0.613500
3 0.595640 0.719647 0.769593 0.719647 0.769593 0.711105 0.595640 0.711105
2 0.605134 0.719647 0.660057 0.719647 0.660057 0.711105 0.605134 0.711105
2 0.722451 0.719647 0.758081 0.719647 0.758081 0.711105 0.722451 0.711105
3 0.699799 0.880839 0.699799 0.711105 0.693474 0.711105 0.693474 0.880839
3 0.596497 0.092038 0.596497 0.369425 0.602247 0.359330 0.602247 0.092038
3 0.596497 0.369425 1.000000 0.369425 1.000000 0.359330 0.602247 0.359330
2 0.705377 0.369425 0.751761 0.369425 0.751761 0.359330 0.705377 0.359330
2 0.626739 0.369425 0.668948 0.369425 0.668948 0.359330 0.626739 0.359330
3 0.693594 0.369425 0.693594 0.092038 0.687844 0.092038 0.687844 0.369425
2 0.693594 0.238065 0.693594 0.181723 0.687844 0.181723 0.687844 0.238065
3 0.596497 0.309340 0.693594 0.309340 0.693594 0.302351 0.596497 0.302351
3 0.727879 0.613500 0.727879 0.456019 0.723279 0.463008 0.723279 0.613500
3 0.727879 0.463008 0.764596 0.463008 0.758846 0.456019 0.727879 0.456019
3 0.764596 0.463008 0.764596 0.359330 0.758846 0.359330 0.758846 0.456019
2 0.764596 0.439395 0.764596 0.375901 0.758846 0.375901 0.758846 0.439395
3 0.727879 0.456019 0.687844 0.456019 0.687844 0.463008 0.723279 0.463008
3 0.032531 0.575475 0.338120 0.575475 0.381841 0.563828 0.032531 0.563828
2 0.217801 0.575475 0.265410 0.575475 0.265410 0.563828 0.217801 0.563828
2 0.096753 0.575475 0.144890 0.575475 0.144890 0.563828 0.096753 0.563828
3 0.338120 0.575475 0.338120 0.615193 0.381841 0.615193 0.381841 0.563828
3 0.338120 0.615193 0.338120 0.880839 0.346745 0.880839 0.346745 0.615193
3 0.172200 0.563828 0.172200 0.722543 0.179675 0.712449 0.179675 0.563828
3 0.172200 0.722543 0.346745 0.722543 0.346745 0.712449 0.179675 0.712449
2 0.227641 0.722543 0.266991 0.722543 0.266991 0.712449 0.227641 0.712449
3 0.223385 0.712449 0.223385 0.880839 0.214759 0.880839 0.214759 0.712449
3 0.347723 0.316654 0.347723 0.400865 0.336797 0.400865 0.336797 0.316654
2 0.347723 0.316670 0.347723 0.400710 0.336797 0.400710 0.336797 0.316670
3 0.450433 0.479431 0.600815 0.479431 0.600815 0.473219 0.450433 0.473219
