0 0.089527 0.261980 0.089527 0.033363 0.330052 0.033363 0.330052 0.261987 0.089527 0.261980 0.089527 0.261980
0 0.711957 0.992013 0.711957 0.820741 0.518042 0.820552 0.518042 0.992703 0.711957 0.992013 0.711957 0.992013
0 0.358141 0.352281 0.459499 0.353458 0.459499 0.476439 0.502015 0.476439 0.502015 0.564003 0.106550 0.564003 0.106550 0.285948 0.358141 0.285948
0 0.665023 0.467000 0.605365 0.467000 0.605365 0.476439 0.459499 0.476439 0.459499 0.353458 0.358141 0.352281 0.358141 0.182272 0.665023 0.182272
0 0.756601 0.652692 0.707940 0.652692 0.707940 0.711678 0.502015 0.711678 0.502015 0.476439 0.756601 0.476439
0 0.490950 0.634526 0.441607 0.634526 0.386978 0.679513 0.386978 0.721117 0.436449 0.721117 0.436449 0.796781 0.106550 0.796781 0.106550 0.573442 0.490950 0.573442
0 0.896399 0.467000 0.676089 0.467000 0.676089 0.182272 0.896399 0.182272
0 0.896399 0.796781 0.719005 0.796781 0.719005 0.662131 0.767667 0.662131 0.767667 0.593474 0.896399 0.593474
0 0.900654 0.982574 0.732385 0.982574 0.732385 0.820741 0.900654 0.820741
0 0.896399 0.584035 0.767667 0.584035 0.767667 0.476439 0.896399 0.476439
0 0.584919 0.796781 0.447514 0.796781 0.447514 0.721117 0.584919 0.721117
0 0.707940 0.796781 0.595985 0.796781 0.595985 0.721117 0.707940 0.721117
0 0.490950 0.711678 0.396341 0.711678 0.396341 0.682904 0.445395 0.642513 0.490950 0.642513
3 0.078461 0.261987 0.078461 0.820741 0.106550 0.796781 0.106550 0.285948
1 0.078461 0.502795 0.078461 0.540159 0.106550 0.540159 0.106550 0.502795
3 0.078461 0.820741 0.900654 0.820741 0.915124 0.796781 0.106550 0.796781
2 0.597219 0.820741 0.672514 0.820741 0.672514 0.796781 0.597219 0.796781
1 0.531602 0.820741 0.574212 0.820741 0.574212 0.796781 0.531602 0.796781
1 0.201924 0.820741 0.348114 0.820741 0.348114 0.796781 0.201924 0.796781
3 0.915124 0.820741 0.915124 0.158312 0.896399 0.182272 0.896399 0.820741
3 0.915124 0.158312 0.330052 0.158312 0.358141 0.182272 0.896399 0.182272
1 0.589609 0.158312 0.394673 0.158312 0.394673 0.182272 0.589609 0.182272
1 0.873868 0.158312 0.721252 0.158312 0.721252 0.182272 0.873868 0.182272
3 0.358141 0.182272 0.358141 0.285948 0.330052 0.261987 0.330052 0.158312
2 0.358141 0.191958 0.358141 0.255228 0.330052 0.255228 0.330052 0.191958
3 0.330052 0.261987 0.078461 0.261987 0.106550 0.285948 0.358141 0.285948
1 0.316748 0.261987 0.111964 0.261987 0.111964 0.285948 0.316748 0.285948
3 0.915124 0.796781 0.915124 1.000000 0.900654 0.982574 0.900654 0.820741
3 0.915124 1.000000 0.711957 1.000000 0.732385 0.982574 0.900654 0.982574
3 0.711957 1.000000 0.711957 0.820741 0.732385 0.820741 0.732385 0.982574
2 0.711957 0.975488 0.711957 0.917018 0.732385 0.917018 0.732385 0.975488
3 0.106550 0.573442 0.490950 0.573442 0.502015 0.564003 0.106550 0.564003
3 0.490950 0.573442 0.490950 0.721117 0.502015 0.711678 0.502015 0.564003
2 0.490950 0.576397 0.490950 0.630830 0.502015 0.630830 0.502015 0.576397
3 0.502015 0.721117 0.436449 0.721117 0.436449 0.711678 0.490950 0.711678
3 0.447514 0.721117 0.447514 0.796781 0.436449 0.796781 0.436449 0.711678
3 0.490950 0.721117 0.719005 0.721117 0.707940 0.711678 0.502015 0.711678
2 0.601994 0.721117 0.674216 0.721117 0.674216 0.711678 0.601994 0.711678
2 0.505513 0.721117 0.563546 0.721117 0.563546 0.711678 0.505513 0.711678
3 0.707940 0.721117 0.707940 0.796781 0.719005 0.796781 0.719005 0.711678
3 0.584919 0.721117 0.584919 0.796781 0.595985 0.796781 0.595985 0.721117
3 0.719005 0.721117 0.719005 0.662131 0.707940 0.652692 0.707940 0.711678
2 0.719005 0.709188 0.719005 0.663627 0.707940 0.663627 0.707940 0.709188
3 0.719005 0.662131 0.767667 0.662131 0.756601 0.652692 0.707940 0.652692
3 0.767667 0.662131 0.767667 0.467000 0.756601 0.476439 0.756601 0.652692
3 0.767667 0.476439 0.896399 0.476439 0.896399 0.467000 0.767667 0.467000
3 0.767667 0.467000 0.605365 0.467000 0.605365 0.476439 0.756601 0.476439
2 0.747358 0.467000 0.680753 0.467000 0.680753 0.476439 0.747358 0.476439
3 0.531900 0.476439 0.459499 0.476439 0.470564 0.467000 0.531900 0.467000
3 0.459499 0.476439 0.459499 0.352281 0.470564 0.352281 0.470564 0.467000
3 0.676089 0.467000 0.676089 0.182272 0.665023 0.182272 0.665023 0.467000
3 0.767667 0.593474 0.896399 0.593474 0.896399 0.584035 0.767667 0.584035
2 0.771497 0.593474 0.822619 0.593474 0.822619 0.584035 0.771497 0.584035
3 0.436449 0.711678 0.396341 0.711678 0.386978 0.721117 0.436449 0.721117
3 0.386978 0.721117 0.386978 0.679513 0.396341 0.682904 0.396341 0.711678
3 0.386978 0.679513 0.441607 0.634526 0.445395 0.642513 0.396341 0.682904
2 0.393822 0.673879 0.432704 0.641859 0.439207 0.647602 0.400325 0.679629
3 0.441607 0.634526 0.490950 0.634526 0.490950 0.642513 0.445395 0.642513
