0 0.497356 0.616120 0.439673 0.616120 0.439673 0.663697 0.497356 0.664034 0.497356 0.616120 0.497356 0.616120
0 0.436096 0.415850 0.436096 0.357833 0.471404 0.357833 0.471404 0.079122 0.739959 0.079122 0.739709 0.188604 0.564308 0.188604 0.564308 0.415850 0.436096 0.415850 0.436096 0.415850
0 0.962466 0.900588 0.962466 0.766275 0.741346 0.766275 0.742382 0.900940 0.962466 0.900588 0.962466 0.900588
0 0.496280 0.450098 0.508868 0.450098 0.508868 0.445916 0.501872 0.445916 0.501872 0.424948 0.797181 0.424948 0.797181 0.434285 0.744493 0.434285 0.744493 0.610073 0.647933 0.610073 0.647933 0.561220 0.644352 0.561220 0.644352 0.656053 0.506669 0.656053 0.506669 0.501139 0.498563 0.501139 0.498563 0.607574 0.433160 0.607574 0.433160 0.505942 0.459243 0.505895 0.459230 0.501143 0.454678 0.501143 0.454678 0.450098 0.459405 0.450098 0.459405 0.424948 0.496280 0.424948
0 0.797181 0.197651 0.797181 0.424948 0.573963 0.424948 0.573963 0.197651
0 0.454643 0.445890 0.425062 0.445890 0.425062 0.450098 0.454678 0.450098 0.454678 0.501143 0.425260 0.501201 0.425260 0.607574 0.298527 0.607574 0.298527 0.424948 0.454643 0.424948
0 0.875834 0.753945 0.754587 0.753945 0.754587 0.574751 0.875834 0.574751
0 0.866508 0.346758 0.844406 0.346758 0.844406 0.350748 0.947856 0.350748 0.947856 0.434285 0.802009 0.434285 0.802009 0.269101 0.866508 0.269101
0 0.947856 0.193661 0.753315 0.193661 0.753315 0.081473 0.947856 0.080530
0 0.953250 0.992382 0.751599 0.992382 0.751599 0.908544 0.953250 0.908221
0 0.947856 0.570761 0.754587 0.570761 0.754587 0.486534 0.947856 0.486534
0 0.947856 0.753945 0.880662 0.753945 0.880662 0.642805 0.947856 0.642805
0 0.947856 0.346758 0.871336 0.346758 0.871336 0.269101 0.947856 0.269101
0 0.947856 0.265111 0.862615 0.265111 0.862615 0.197651 0.947856 0.197651
0 0.851595 0.482544 0.754587 0.482544 0.754587 0.438276 0.851595 0.438276
0 0.744493 0.656053 0.647933 0.656053 0.647933 0.614064 0.744493 0.614064
0 0.947856 0.482544 0.856734 0.482544 0.856734 0.438276 0.947856 0.438276
0 0.947856 0.638815 0.880662 0.638815 0.880662 0.574751 0.947856 0.574751
0 0.857787 0.265111 0.802009 0.265111 0.802009 0.197651 0.857787 0.197651
3 0.739709 0.070786 0.739709 0.188604 0.753315 0.197651 0.753315 0.081473
1 0.739709 0.081850 0.739709 0.113385 0.753315 0.113385 0.753315 0.081850
3 0.753315 0.197651 0.573963 0.197651 0.564308 0.188604 0.739709 0.188604
1 0.643707 0.197651 0.574187 0.197651 0.574187 0.188604 0.643707 0.188604
3 0.564308 0.188604 0.564308 0.415850 0.573963 0.424948 0.573963 0.197651
2 0.564308 0.333923 0.564308 0.385185 0.573963 0.385185 0.573963 0.333923
1 0.564308 0.197815 0.564308 0.227188 0.573963 0.227188 0.573963 0.197815
3 0.573963 0.424948 0.298527 0.424948 0.286646 0.415850 0.564308 0.415850
2 0.494902 0.424948 0.460665 0.424948 0.460665 0.415850 0.494902 0.415850
1 0.367208 0.424948 0.298522 0.424948 0.298522 0.415850 0.367208 0.415850
1 0.557071 0.424948 0.504352 0.424948 0.504352 0.415850 0.557071 0.415850
3 0.286646 0.415850 0.286646 0.616120 0.298527 0.607574 0.298527 0.424948
1 0.286646 0.569230 0.286646 0.585296 0.298527 0.585296 0.298527 0.569230
1 0.286646 0.425137 0.286646 0.450468 0.298527 0.450468 0.298527 0.425137
3 0.286646 0.616120 0.497356 0.616120 0.506669 0.607574 0.298527 0.607574
2 0.460599 0.616120 0.495934 0.616120 0.495934 0.607574 0.460599 0.607574
3 0.506669 0.607574 0.506669 0.656053 0.497356 0.664034 0.497356 0.616120
1 0.506669 0.616668 0.506669 0.655778 0.497356 0.655778 0.497356 0.616668
3 0.497356 0.664034 0.741346 0.664034 0.754587 0.656053 0.506669 0.656053
2 0.694069 0.664034 0.730405 0.664034 0.730405 0.656053 0.694069 0.656053
2 0.681636 0.664034 0.694131 0.664034 0.694131 0.656053 0.681636 0.656053
1 0.553933 0.664034 0.569921 0.664034 0.569921 0.656053 0.553933 0.656053
1 0.507051 0.664034 0.553933 0.664034 0.553933 0.656053 0.507051 0.656053
3 0.741346 0.664034 0.741346 0.766275 0.754587 0.753945 0.754587 0.656053
1 0.741346 0.720542 0.741346 0.753317 0.754587 0.753317 0.754587 0.720542
1 0.741346 0.690748 0.741346 0.720331 0.754587 0.720331 0.754587 0.690748
3 0.741346 0.766275 0.962466 0.766275 0.947856 0.753945 0.754587 0.753945
2 0.896212 0.766275 0.935624 0.766275 0.935624 0.753945 0.896212 0.753945
3 0.962466 0.766275 0.962466 0.069705 0.947856 0.080530 0.947856 0.753945
2 0.962466 0.407651 0.962466 0.376628 0.947856 0.376628 0.947856 0.407651
1 0.962466 0.245489 0.962466 0.202632 0.947856 0.202632 0.947856 0.245489
1 0.962466 0.318687 0.962466 0.276679 0.947856 0.276679 0.947856 0.318687
1 0.962466 0.373294 0.962466 0.350828 0.947856 0.350828 0.947856 0.373294
1 0.962466 0.434173 0.962466 0.408105 0.947856 0.408105 0.947856 0.434173
1 0.962466 0.464870 0.962466 0.444120 0.947856 0.444120 0.947856 0.464870
1 0.962466 0.535692 0.962466 0.508082 0.947856 0.508082 0.947856 0.535692
1 0.962466 0.550098 0.962466 0.535692 0.947856 0.535692 0.947856 0.550098
1 0.962466 0.722722 0.962466 0.700586 0.947856 0.700586 0.947856 0.722722
3 0.962466 0.069705 0.739709 0.070786 0.753315 0.081473 0.947856 0.080530
1 0.790563 0.070539 0.753271 0.070717 0.753345 0.081473 0.790642 0.081292
1 0.920711 0.069904 0.869032 0.070158 0.869111 0.080911 0.920785 0.080660
3 0.754587 0.656053 0.754587 0.438276 0.744493 0.434285 0.744493 0.656053
2 0.754587 0.608005 0.754587 0.578516 0.744493 0.578516 0.744493 0.608005
2 0.754587 0.545055 0.754587 0.515577 0.744493 0.515577 0.744493 0.545055
3 0.744493 0.434285 0.962466 0.434285 0.962466 0.438276 0.754587 0.438276
2 0.765555 0.434285 0.795487 0.434285 0.795487 0.438276 0.765555 0.438276
2 0.884226 0.434285 0.917006 0.434285 0.917006 0.438276 0.884226 0.438276
3 0.744493 0.486534 0.962466 0.486534 0.962466 0.482544 0.744493 0.482544
3 0.744493 0.574751 0.962466 0.574751 0.962466 0.570761 0.744493 0.570761
3 0.875834 0.570761 0.875834 0.766275 0.880662 0.766275 0.880662 0.570761
2 0.875834 0.595936 0.875834 0.622077 0.880662 0.622077 0.880662 0.595936
3 0.875834 0.642805 0.962466 0.642805 0.962466 0.638815 0.875834 0.638815
3 0.753315 0.197651 0.962466 0.197651 0.962466 0.193661 0.753315 0.193661
2 0.754833 0.197651 0.789641 0.197651 0.789641 0.193661 0.754833 0.193661
3 0.797181 0.438276 0.797181 0.193661 0.802009 0.193661 0.802009 0.438276
2 0.797181 0.412041 0.797181 0.384518 0.802009 0.384518 0.802009 0.412041
3 0.797181 0.269101 0.962466 0.269101 0.962466 0.265111 0.797181 0.265111
2 0.874562 0.269101 0.902251 0.269101 0.902251 0.265111 0.874562 0.265111
2 0.806714 0.269101 0.838696 0.269101 0.838696 0.265111 0.806714 0.265111
3 0.857787 0.193661 0.857787 0.269101 0.862615 0.269101 0.862615 0.193661
3 0.844406 0.350748 0.962466 0.350748 0.962466 0.346758 0.844406 0.346758
3 0.871336 0.265111 0.871336 0.350748 0.866508 0.350748 0.866508 0.265111
2 0.871336 0.270814 0.871336 0.295648 0.866508 0.295648 0.866508 0.270814
3 0.506669 0.607574 0.506669 0.501139 0.498563 0.501139 0.498563 0.607574
3 0.644352 0.664034 0.644352 0.561220 0.647933 0.561220 0.647933 0.664034
3 0.644352 0.614064 0.754587 0.614064 0.754587 0.610073 0.644352 0.610073
2 0.680990 0.614064 0.699042 0.614064 0.699042 0.610073 0.680990 0.610073
2 0.699130 0.614064 0.729606 0.614064 0.729606 0.610073 0.699130 0.610073
3 0.433160 0.616120 0.433160 0.505942 0.425260 0.501201 0.425260 0.616120
3 0.425260 0.501201 0.459230 0.501143 0.459243 0.505895 0.433160 0.505942
3 0.425062 0.450098 0.459405 0.450098 0.454643 0.445890 0.425062 0.445890
3 0.459405 0.450098 0.459405 0.415850 0.454643 0.415850 0.454643 0.445890
3 0.496280 0.415850 0.496280 0.450098 0.501872 0.445916 0.501872 0.415850
3 0.851595 0.434285 0.851595 0.486534 0.856734 0.486534 0.856734 0.434285
3 0.962466 0.900588 0.962466 1.000000 0.953250 0.992382 0.953250 0.908221
3 0.962466 1.000000 0.742382 1.000000 0.751599 0.992382 0.953250 0.992382
3 0.742382 1.000000 0.742382 0.900940 0.751599 0.908544 0.751599 0.992382
2 0.742382 0.954393 0.742382 0.925630 0.751599 0.925630 0.751599 0.954393
3 0.742382 0.900940 0.962466 0.900588 0.953250 0.908221 0.751599 0.908544
2 0.892732 0.900701 0.927250 0.900646 0.927268 0.908264 0.892749 0.908319
