0 0.842274 0.252612 0.990863 0.252612 0.990863 0.973705 0.842274 0.973705 0.842274 0.252612 0.842274 0.252612
0 0.198636 0.819413 0.206718 0.819413 0.206718 0.972510 0.064775 0.972510 0.064775 0.763452 0.198636 0.763452
0 0.813201 0.500801 0.425357 0.500861 0.425357 0.972510 0.206718 0.972510 0.206718 0.819413 0.207773 0.819413 0.207773 0.500717 0.813201 0.500717
0 0.813201 0.972510 0.425357 0.972510 0.425357 0.500861 0.813201 0.500801
0 0.813201 0.486374 0.491511 0.486374 0.491511 0.110116 0.813201 0.110116
0 0.198636 0.749110 0.064775 0.749110 0.064775 0.325054 0.198636 0.325054
0 0.481543 0.325054 0.481543 0.486374 0.337847 0.486374 0.337847 0.325054
0 0.327048 0.486374 0.207773 0.486374 0.207773 0.337305 0.327048 0.337305
3 0.491511 0.325054 0.491511 0.110116 0.472364 0.083821 0.472364 0.297564
3 0.491511 0.110116 0.813201 0.110116 0.842274 0.083821 0.472364 0.083821
1 0.813201 0.263715 0.813201 0.459051 0.842274 0.459051 0.842274 0.263715
1 0.813201 0.554502 0.813201 0.773839 0.842274 0.773839 0.842274 0.554502
2 0.813201 0.800074 0.813201 0.899983 0.842274 0.899983 0.842274 0.800074
3 0.198636 0.819939 0.198636 0.337305 0.207773 0.337305 0.207773 0.819939
2 0.198636 0.473370 0.198636 0.372433 0.207773 0.372433 0.207773 0.473370
3 0.198636 0.500717 0.842274 0.500717 0.842274 0.486374 0.198636 0.486374
2 0.504211 0.500717 0.574710 0.500717 0.574710 0.486374 0.504211 0.486374
3 0.491511 0.297564 0.491511 0.500717 0.481543 0.500717 0.481543 0.297564
2 0.491511 0.340951 0.491511 0.446394 0.481543 0.446394 0.481543 0.340951
3 0.337847 0.297564 0.337847 0.500717 0.327048 0.500717 0.327048 0.325054
3 0.064775 0.325054 0.198636 0.325054 0.198636 0.297564 0.045670 0.297564
3 0.198636 0.337305 0.337847 0.337305 0.337847 0.297564 0.198636 0.297564
3 0.337847 0.325054 0.491511 0.325054 0.472364 0.297564 0.337847 0.297564
3 0.045670 0.763452 0.207773 0.763452 0.207773 0.749110 0.045670 0.749110
2 0.126776 0.763452 0.194724 0.763452 0.194724 0.749110 0.126776 0.749110
3 0.813201 0.252612 1.000000 0.252612 1.000000 0.210779 0.813201 0.210779
