0 0.809783 0.118742 0.723139 0.161575 0.583847 0.161575 0.583847 0.047004 0.809783 0.047004
0 0.974656 0.663273 0.685140 0.663273 0.685140 0.552697 0.974656 0.552697
0 0.969942 0.988658 0.721906 0.988658 0.721906 0.820977 0.969942 0.820977
0 0.553857 0.313709 0.157101 0.313709 0.157101 0.042701 0.553857 0.042701
0 0.974656 0.042701 0.974656 0.313709 0.574132 0.313709 0.574132 0.175926 0.731537 0.175926 0.836378 0.124092 0.836378 0.042701
0 0.974656 0.542138 0.664864 0.542138 0.664864 0.324267 0.974656 0.324267
0 0.664864 0.663273 0.157101 0.663273 0.157101 0.324267 0.664864 0.324267
0 0.119473 0.688341 0.119473 0.822279 0.698285 0.822279 0.697187 0.807796 0.974656 0.807796 0.974656 0.688341 0.119473 0.688341 0.119473 0.688341
2 0.844471 0.663273 0.710112 0.663273 0.710112 0.688341 0.844471 0.688341
1 0.566748 0.663273 0.227389 0.663273 0.227389 0.688341 0.566748 0.688341
3 0.157101 0.663273 0.157101 0.042701 0.105956 0.029503 0.105956 0.688341
1 0.157101 0.258531 0.157101 0.098759 0.105956 0.098759 0.105956 0.258531
1 0.157101 0.508482 0.157101 0.350506 0.105956 0.350506 0.105956 0.508482
2 0.277047 0.324267 0.411625 0.324267 0.411625 0.313709 0.277047 0.313709
2 0.724643 0.324267 0.862634 0.324267 0.862634 0.313709 0.724643 0.313709
3 0.553857 0.175926 0.731537 0.175926 0.723139 0.161575 0.583847 0.161575
3 0.731537 0.175926 0.836378 0.124092 0.809783 0.118742 0.723139 0.161575
2 0.746473 0.168544 0.821391 0.131509 0.803650 0.121777 0.728732 0.158812
3 0.836378 0.124092 0.836378 0.029503 0.809783 0.029503 0.809783 0.118742
3 0.685140 0.688341 0.685140 0.552697 0.664864 0.542138 0.664864 0.688341
2 0.712731 0.552697 0.847073 0.552697 0.847073 0.542138 0.712731 0.542138
3 0.988173 0.807796 0.697187 0.807796 0.721906 0.820977 0.969942 0.820977
2 0.868717 0.807796 0.732973 0.807796 0.732973 0.820977 0.868717 0.820977
3 0.697187 0.807796 0.697187 1.000000 0.721906 0.988658 0.721906 0.820977
3 0.697187 1.000000 0.988173 1.000000 0.969942 0.988658 0.721906 0.988658
1 0.765785 1.000000 0.871251 1.000000 0.871251 0.988658 0.765785 0.988658
3 0.988173 1.000000 0.988173 0.807796 0.969942 0.820977 0.969942 0.988658
3 0.553857 0.042701 0.553857 0.175926 0.583847 0.161575 0.583847 0.029503
3 0.553857 0.165367 0.553857 0.324267 0.574132 0.324267 0.574132 0.165367
3 0.157101 0.042701 0.553857 0.042701 0.553857 0.029503 0.105956 0.029503
3 0.553857 0.047004 0.836378 0.047004 0.836378 0.029503 0.553857 0.029503
