0 0.661372 0.297658 0.551817 0.297658 0.551817 0.040882 0.661372 0.040882
0 0.976262 0.441870 0.670724 0.441870 0.670724 0.310905 0.693742 0.310905 0.693742 0.040882 0.976262 0.040882
0 0.976262 0.867432 0.664969 0.867432 0.664969 0.579564 0.670724 0.579564 0.670724 0.457767 0.976262 0.457767
0 0.661372 0.867432 0.551817 0.867432 0.551817 0.310905 0.661372 0.310905
0 0.544624 0.310905 0.551817 0.310905 0.551817 0.579564 0.168987 0.579564 0.168987 0.040882 0.544624 0.040882
0 0.150284 0.041027 0.028853 0.040882 0.028853 0.579564 0.150284 0.579564 0.150284 0.041027
3 0.021659 0.040882 0.976262 0.040882 1.000000 0.019686 0.021659 0.019686
3 0.976262 0.040882 0.976262 0.867432 1.000000 0.891278 1.000000 0.019686
1 0.976262 0.457714 0.976262 0.747847 1.000000 0.747847 1.000000 0.457714
1 0.976262 0.199017 0.976262 0.440360 1.000000 0.440360 1.000000 0.199017
3 0.976262 0.867432 0.551817 0.867432 0.541027 0.891278 1.000000 0.891278
2 0.650762 0.867432 0.591726 0.867432 0.591726 0.891278 0.650762 0.891278
3 0.551817 0.867432 0.551817 0.579564 0.541027 0.600760 0.541027 0.891278
3 0.541027 0.600760 0.021659 0.600760 0.021659 0.579564 0.551817 0.579564
3 0.168987 0.040882 0.168987 0.579564 0.150284 0.579564 0.150284 0.040882
2 0.168987 0.458681 0.168987 0.565906 0.150284 0.565906 0.150284 0.458681
1 0.168987 0.048009 0.168987 0.454150 0.150284 0.454150 0.150284 0.048009
3 0.551817 0.040882 0.551817 0.297658 0.544624 0.310905 0.544624 0.040882
3 0.544624 0.310905 0.693742 0.310905 0.661372 0.297658 0.551817 0.297658
2 0.555493 0.310905 0.606120 0.310905 0.606120 0.297658 0.555493 0.297658
3 0.661372 0.297658 0.661372 0.019686 0.693742 0.019686 0.693742 0.310905
3 0.661372 0.310905 0.661372 0.579564 0.670724 0.579564 0.670724 0.310905
2 0.661372 0.464113 0.661372 0.570119 0.670724 0.570119 0.670724 0.464113
2 0.661372 0.318576 0.661372 0.435511 0.670724 0.435511 0.670724 0.318576
3 0.661372 0.441870 1.000000 0.441870 1.000000 0.457767 0.661372 0.457767
