0 0.188883 0.201363 0.987240 0.201363 0.987240 0.071810 0.188883 0.071810 0.188883 0.201363 0.188883 0.201363
0 0.468522 0.887170 0.193668 0.887170 0.193668 0.516412 0.468522 0.516412
0 0.657453 0.517385 0.966504 0.517385 0.966504 0.661112 0.643097 0.661112 0.643097 0.773270 0.468522 0.773270 0.468522 0.694471 0.486067 0.694471 0.486067 0.509598 0.657453 0.509598
0 0.966504 0.509598 0.193668 0.509598 0.193668 0.222778 0.966504 0.222778
0 0.966504 0.887170 0.657453 0.887170 0.657453 0.783004 0.966504 0.783004
0 0.966504 0.773270 0.657453 0.773270 0.657453 0.669872 0.966504 0.669872
0 0.643097 0.887170 0.486067 0.887170 0.486067 0.783004 0.643097 0.783004
3 0.193668 0.222778 0.966504 0.222778 1.000000 0.201363 0.165340 0.201363
1 0.277869 0.222778 0.477662 0.222778 0.477662 0.201363 0.277869 0.201363
2 0.480884 0.222778 0.582933 0.222778 0.582933 0.201363 0.480884 0.201363
1 0.696260 0.222778 0.884791 0.222778 0.884791 0.201363 0.696260 0.201363
3 1.000000 0.201363 1.000000 0.911506 0.966504 0.887170 0.966504 0.222778
3 1.000000 0.911506 0.165340 0.911506 0.193668 0.887170 0.966504 0.887170
2 0.638647 0.911506 0.493644 0.911506 0.493644 0.887170 0.638647 0.887170
3 0.165340 0.911506 0.165340 0.201363 0.193668 0.222778 0.193668 0.887170
3 0.486067 0.694471 0.486067 0.509598 0.468522 0.516412 0.468522 0.694471
3 0.486067 0.509598 0.165340 0.509598 0.165340 0.516412 0.468522 0.516412
2 0.383061 0.509598 0.277662 0.509598 0.277662 0.516412 0.383061 0.516412
3 0.657453 0.911506 0.657453 0.669872 0.643097 0.661112 0.643097 0.911506
2 0.657453 0.768957 0.657453 0.709958 0.643097 0.709958 0.643097 0.768957
3 0.643097 0.661112 1.000000 0.661112 1.000000 0.669872 0.657453 0.669872
3 0.486067 0.783004 0.657453 0.783004 0.657453 0.773270 0.468522 0.773270
2 0.497583 0.783004 0.634708 0.783004 0.634708 0.773270 0.497583 0.773270
3 0.657453 0.783004 1.000000 0.783004 1.000000 0.773270 0.657453 0.773270
2 0.771848 0.783004 0.870771 0.783004 0.870771 0.773270 0.771848 0.773270
3 0.657453 0.509598 1.000000 0.509598 1.000000 0.517385 0.657453 0.517385
3 0.468522 0.773270 0.468522 0.911506 0.486067 0.911506 0.486067 0.783004
