0 0.644783 0.782961 0.644783 0.956770 0.433680 0.956770 0.433461 0.782961 0.644783 0.782961
0 0.980171 0.623804 0.980171 0.564911 0.961414 0.564911 0.961414 0.558766 0.715293 0.558766 0.715293 0.564832 0.697721 0.564832 0.697721 0.560971 0.540822 0.560971 0.540822 0.719619 0.644783 0.719619 0.644783 0.685522 0.697488 0.685522 0.697488 0.623804 0.980171 0.623804 0.980171 0.623804
0 0.362573 0.565723 0.380142 0.565723 0.380142 0.560971 0.536656 0.560971 0.536656 0.719619 0.433461 0.719619 0.433461 0.685584 0.380142 0.685584 0.380142 0.624623 0.103625 0.624623 0.103625 0.565796 0.108780 0.565775 0.115574 0.565723 0.115574 0.558910 0.362573 0.558910
0 0.697516 0.956770 0.697516 0.999876 0.655233 0.999876 0.655233 0.999876 0.655233 0.956770 0.697516 0.956770
0 0.380198 1.000000 0.422564 1.000000 0.422564 0.956165 0.380198 0.956313 0.380198 1.000000
0 0.702702 0.874455 0.710340 0.874455 0.710340 0.746294 0.856411 0.746294 0.856411 0.781096 0.749467 0.781096 0.749467 0.784882 0.774330 0.784882 0.774330 0.851575 0.749436 0.851575 0.749436 0.924108 0.702418 0.924108 0.702418 0.938815 0.697557 0.938815 0.697557 0.946792 0.661794 0.946792 0.661794 0.702727 0.702702 0.702727
0 0.415757 0.946678 0.380198 0.946678 0.380198 0.938636 0.374990 0.938636 0.374990 0.924704 0.327712 0.924704 0.327712 0.847749 0.303571 0.847749 0.303571 0.784930 0.327972 0.784930 0.327972 0.781145 0.221886 0.781145 0.221886 0.745953 0.367655 0.745953 0.367655 0.873605 0.375292 0.873605 0.375292 0.703133 0.415757 0.703133
0 0.855717 0.887117 0.827361 0.887117 0.827361 0.890903 0.855717 0.890903 0.855717 0.982606 0.790247 0.982606 0.790247 0.924108 0.757452 0.924108 0.757452 0.891144 0.790195 0.891144 0.790195 0.887358 0.753602 0.887358 0.753602 0.855704 0.778149 0.855704 0.778149 0.784882 0.855717 0.784882
0 0.299752 0.851534 0.323893 0.851534 0.323893 0.924704 0.287574 0.924704 0.287574 0.929865 0.289449 0.929865 0.289449 0.980025 0.287546 0.980025 0.287546 0.982237 0.252546 0.982237 0.252546 0.982107 0.221886 0.982107 0.221886 0.925337 0.252828 0.925337 0.252828 0.921208 0.221886 0.921208 0.221886 0.817058 0.252477 0.817058 0.252477 0.813617 0.221886 0.813617 0.221886 0.784930 0.299752 0.784930
0 0.962119 0.982606 0.860577 0.982606 0.860577 0.790766 0.962119 0.790766
0 0.217373 0.982107 0.116046 0.982107 0.116046 0.790291 0.217373 0.790291
0 0.962119 0.741477 0.824327 0.741477 0.824327 0.708085 0.849145 0.708085 0.849145 0.703956 0.824327 0.703956 0.824327 0.641697 0.962119 0.641697
0 0.253008 0.704073 0.229138 0.704073 0.229138 0.708202 0.253008 0.708202 0.253008 0.741480 0.116046 0.741480 0.116046 0.642172 0.253008 0.642172
0 0.362437 0.703133 0.367655 0.703133 0.367655 0.741480 0.257174 0.741480 0.257174 0.642172 0.362437 0.642172
0 0.820161 0.741477 0.710340 0.741477 0.710340 0.702727 0.715193 0.702727 0.715193 0.641697 0.820161 0.641697
0 0.644783 0.778832 0.540822 0.778832 0.540822 0.723748 0.644783 0.723748
0 0.537003 0.778832 0.433461 0.778832 0.433461 0.723748 0.537003 0.723748
0 0.962119 0.785948 0.860577 0.785948 0.860577 0.745606 0.962119 0.745606
0 0.217373 0.785817 0.116046 0.785817 0.116046 0.745953 0.217373 0.745953
0 0.359716 0.980025 0.293962 0.980025 0.293962 0.929865 0.359716 0.929865
0 0.784345 0.979918 0.717692 0.979918 0.717692 0.932711 0.784345 0.932711
3 0.116046 0.982107 0.252546 0.982107 0.252546 1.000000 0.098341 1.000000
2 0.120656 0.982107 0.208267 0.982107 0.208267 1.000000 0.120656 1.000000
3 0.252546 1.000000 0.287546 1.000000 0.287546 0.982237 0.252546 0.982237
1 0.252786 1.000000 0.286928 1.000000 0.286928 0.982237 0.252786 0.982237
3 0.287546 1.000000 0.380198 1.000000 0.359716 0.980025 0.287546 0.980025
1 0.297037 1.000000 0.358313 1.000000 0.358313 0.980025 0.297037 0.980025
3 0.380198 1.000000 0.380198 0.956313 0.359716 0.946678 0.359716 0.980025
3 0.380198 0.946678 0.380198 0.938636 0.359716 0.938636 0.359716 0.946678
3 0.359716 0.938636 0.359716 0.929865 0.374990 0.924704 0.374990 0.938636
3 0.359716 0.946678 0.415757 0.946678 0.433461 0.956313 0.380198 0.956313
2 0.382236 0.946678 0.413493 0.946678 0.413493 0.956313 0.382236 0.956313
3 0.415757 0.946678 0.415757 0.703133 0.433461 0.685584 0.433461 0.956313
3 0.362437 0.642172 0.116046 0.642172 0.098341 0.624623 0.380142 0.624623
1 0.188927 0.642172 0.142256 0.642172 0.142256 0.624623 0.188927 0.624623
2 0.220133 0.642172 0.191729 0.642172 0.191729 0.624623 0.220133 0.624623
2 0.304411 0.642172 0.276542 0.642172 0.276542 0.624623 0.304411 0.624623
1 0.353349 0.642172 0.305876 0.642172 0.305876 0.624623 0.353349 0.624623
3 0.415757 0.703133 0.362437 0.703133 0.380142 0.685584 0.433461 0.685584
3 0.362437 0.703133 0.362437 0.642172 0.380142 0.624623 0.380142 0.685584
1 0.362437 0.668197 0.362437 0.642685 0.380142 0.642685 0.380142 0.668197
3 0.116046 0.642172 0.116046 0.982107 0.098341 1.000000 0.098341 0.624623
1 0.116046 0.824660 0.116046 0.905943 0.098341 0.905943 0.098341 0.824660
3 0.375292 0.703133 0.375292 0.873605 0.367655 0.873605 0.367655 0.703133
2 0.375292 0.747953 0.375292 0.769160 0.367655 0.769160 0.367655 0.747953
3 0.116046 0.790291 0.221886 0.790291 0.217373 0.785817 0.116046 0.785817
2 0.187018 0.790291 0.215474 0.790291 0.215474 0.785817 0.187018 0.785817
3 0.221886 0.785817 0.221886 0.982107 0.217373 0.982107 0.217373 0.790291
3 0.374990 0.924704 0.287574 0.924704 0.287574 0.929865 0.359716 0.929865
3 0.293962 0.929865 0.293962 0.980025 0.289449 0.980025 0.289449 0.929865
2 0.293962 0.951977 0.293962 0.979261 0.289449 0.979261 0.289449 0.951977
3 0.327712 0.924704 0.327712 0.847749 0.323893 0.851534 0.323893 0.924704
2 0.327712 0.882844 0.327712 0.851830 0.323893 0.851830 0.323893 0.882844
3 0.327712 0.847749 0.303571 0.847749 0.299752 0.851534 0.323893 0.851534
3 0.303571 0.847749 0.303571 0.781145 0.299752 0.784930 0.299752 0.851534
3 0.299752 0.781145 0.327972 0.781145 0.327972 0.784930 0.299752 0.784930
3 0.303571 0.781145 0.221886 0.781145 0.221886 0.784930 0.299752 0.784930
3 0.221886 0.790291 0.221886 0.745953 0.217373 0.741480 0.217373 0.785817
2 0.221886 0.780181 0.221886 0.751738 0.217373 0.751738 0.217373 0.780181
3 0.221886 0.741480 0.116046 0.741480 0.116046 0.745953 0.217373 0.745953
3 0.217373 0.741480 0.367655 0.741480 0.367655 0.745953 0.221886 0.745953
2 0.222177 0.741480 0.252324 0.741480 0.252324 0.745953 0.222177 0.745953
2 0.295114 0.741480 0.326754 0.741480 0.326754 0.745953 0.295114 0.745953
3 0.257174 0.741480 0.257174 0.642172 0.253008 0.642172 0.253008 0.741480
3 0.253008 0.708202 0.229138 0.708202 0.229138 0.704073 0.253008 0.704073
3 0.644783 0.685522 0.697488 0.685522 0.715193 0.702727 0.661794 0.702727
3 0.697516 0.999876 0.697516 0.956770 0.717692 0.946792 0.717692 0.979918
3 0.717692 0.946792 0.661794 0.946792 0.644783 0.956770 0.697516 0.956770
2 0.695811 0.946792 0.663405 0.946792 0.663405 0.956770 0.695811 0.956770
3 0.644783 0.956770 0.644783 0.685522 0.661794 0.702727 0.661794 0.946792
3 0.697488 0.623804 0.697488 0.685522 0.715193 0.702727 0.715193 0.641697
1 0.697488 0.642823 0.697488 0.668080 0.715193 0.668080 0.715193 0.642823
3 0.784345 0.999876 0.980171 0.999876 0.962119 0.982606 0.784345 0.982606
1 0.791122 0.999876 0.825476 0.999876 0.825476 0.982606 0.791122 0.982606
2 0.868891 0.999876 0.956870 0.999876 0.956870 0.982606 0.868891 0.982606
3 0.697516 0.999876 0.784345 0.999876 0.784345 0.979918 0.717692 0.979918
1 0.719536 0.999876 0.780884 0.999876 0.780884 0.979918 0.719536 0.979918
3 0.717692 0.946792 0.717692 0.938815 0.697557 0.938815 0.697557 0.946792
3 0.717692 0.938815 0.717692 0.932711 0.702418 0.924108 0.702418 0.938815
3 0.702418 0.924108 0.790247 0.924108 0.784345 0.932711 0.717692 0.932711
3 0.790247 0.982606 0.790247 0.924108 0.784345 0.932711 0.784345 0.999876
2 0.790247 0.979598 0.790247 0.951317 0.784345 0.951317 0.784345 0.979598
3 0.749436 0.924108 0.749436 0.887358 0.757452 0.887358 0.757452 0.924108
3 0.749436 0.887358 0.749436 0.851575 0.753602 0.855704 0.753602 0.887358
2 0.749436 0.885793 0.749436 0.855973 0.753602 0.855973 0.753602 0.885793
3 0.749436 0.851575 0.774330 0.851575 0.778149 0.855704 0.753602 0.855704
3 0.774330 0.851575 0.774330 0.781096 0.778149 0.781096 0.778149 0.855704
3 0.774837 0.781096 0.749467 0.781096 0.749467 0.784882 0.774837 0.784882
3 0.860577 0.781096 0.860577 0.982606 0.855717 0.982606 0.855717 0.781096
3 0.860577 0.784882 0.860577 0.745606 0.856411 0.741477 0.856411 0.781096
2 0.860577 0.779975 0.860577 0.751985 0.856411 0.751985 0.856411 0.779975
3 0.856411 0.741477 0.962119 0.741477 0.962119 0.745606 0.860577 0.745606
3 0.860577 0.790766 0.962119 0.790766 0.962119 0.785948 0.860577 0.785948
2 0.862663 0.790766 0.890661 0.790766 0.890661 0.785948 0.862663 0.785948
3 0.860577 0.741477 0.702702 0.741477 0.710340 0.746294 0.856411 0.746294
2 0.856164 0.741477 0.825292 0.741477 0.825292 0.746294 0.856164 0.746294
2 0.782752 0.741477 0.750981 0.741477 0.750981 0.746294 0.782752 0.746294
3 0.710340 0.741477 0.710340 0.702727 0.702702 0.702727 0.702702 0.741477
3 0.702702 0.741477 0.702702 0.874455 0.710340 0.874455 0.710340 0.746294
2 0.702702 0.746476 0.702702 0.770777 0.710340 0.770777 0.710340 0.746476
3 0.824327 0.641009 0.824327 0.741477 0.820161 0.741477 0.820161 0.641009
3 0.824327 0.708085 0.849145 0.708085 0.849145 0.703956 0.824327 0.703956
3 0.697488 0.623804 0.980171 0.623804 0.962119 0.641697 0.715193 0.641697
1 0.723802 0.623804 0.770539 0.623804 0.770539 0.641697 0.723802 0.641697
2 0.773320 0.623804 0.802092 0.623804 0.802092 0.641697 0.773320 0.641697
2 0.857706 0.623804 0.885728 0.623804 0.885728 0.641697 0.857706 0.641697
1 0.886797 0.623804 0.934711 0.623804 0.934711 0.641697 0.886797 0.641697
3 0.221886 0.813617 0.252477 0.813617 0.252477 0.817058 0.221886 0.817058
3 0.749436 0.887358 0.790195 0.887358 0.790195 0.891144 0.754990 0.891144
3 0.855717 0.887117 0.827361 0.887117 0.827361 0.890903 0.855717 0.890903
3 0.644783 0.719619 0.433461 0.719619 0.433461 0.723748 0.644783 0.723748
2 0.568753 0.719619 0.541957 0.719619 0.541957 0.723748 0.568753 0.723748
2 0.535552 0.719619 0.508748 0.719619 0.508748 0.723748 0.535552 0.723748
3 0.644783 0.782961 0.433461 0.782961 0.433461 0.778832 0.644783 0.778832
2 0.570180 0.782961 0.541957 0.782961 0.541957 0.778832 0.570180 0.778832
2 0.535573 0.782961 0.507686 0.782961 0.507686 0.778832 0.535573 0.778832
3 0.540822 0.778832 0.540822 0.723748 0.537003 0.723748 0.537003 0.778832
3 0.540822 0.719619 0.540822 0.560971 0.536656 0.560971 0.536656 0.719619
3 0.774837 0.781096 0.856411 0.781096 0.860577 0.784882 0.774837 0.784882
3 0.980171 0.999876 0.980171 0.623804 0.962119 0.641697 0.962119 0.982606
1 0.980171 0.904020 0.980171 0.825953 0.962119 0.825953 0.962119 0.904020
3 0.221886 0.921208 0.252828 0.921208 0.252828 0.925337 0.221886 0.925337
0 0.701525 0.115209 0.701525 0.055762 0.714863 0.055762 0.714863 0.049592 0.961032 0.049592 0.961032 0.055762 0.974370 0.055762 0.974370 0.115209 0.701525 0.115209
0 0.102410 0.055751 0.116334 0.055751 0.116334 0.049244 0.361740 0.049244 0.361740 0.055751 0.375660 0.055751 0.375660 0.114610 0.102410 0.114610 0.102410 0.055751
0 0.362122 0.192972 0.415034 0.192972 0.415034 0.362033 0.289733 0.362033 0.289733 0.341280 0.285915 0.341280 0.285915 0.362033 0.250929 0.362033 0.250929 0.341386 0.247110 0.341386 0.247110 0.362033 0.115949 0.362033 0.115949 0.132159 0.362122 0.132159
0 0.827608 0.342009 0.827608 0.362655 0.824483 0.362655 0.824483 0.342009
0 0.871585 0.341961 0.871585 0.362655 0.868461 0.362655 0.868461 0.341961
0 0.960484 0.362655 0.787748 0.362655 0.787748 0.342009 0.784623 0.342009 0.784623 0.362655 0.746732 0.362655 0.746732 0.342009 0.743607 0.342009 0.743607 0.362655 0.662033 0.362655 0.662033 0.194018 0.716460 0.194018 0.716460 0.133102 0.960484 0.133102
0 0.415034 0.428812 0.362580 0.428812 0.362580 0.472200 0.115949 0.472200 0.115949 0.413441 0.147765 0.413441 0.147765 0.444359 0.151584 0.444359 0.151584 0.428599 0.204674 0.428599 0.204674 0.420107 0.226638 0.420107 0.226638 0.428558 0.229763 0.428558 0.229763 0.407588 0.226638 0.407588 0.226638 0.414945 0.204674 0.414945 0.204674 0.407691 0.200855 0.407691 0.200855 0.425172 0.151584 0.425172 0.151584 0.407592 0.115949 0.407592 0.115949 0.378302 0.144839 0.378302 0.144839 0.365818 0.415034 0.365818
0 0.932444 0.378030 0.960484 0.378030 0.960484 0.407709 0.925275 0.407709 0.925275 0.425013 0.876934 0.425013 0.876934 0.407626 0.873116 0.407626 0.873116 0.414260 0.850350 0.414260 0.850350 0.407626 0.846531 0.407626 0.846531 0.428799 0.850350 0.428799 0.850350 0.420110 0.873116 0.420110 0.873116 0.428799 0.925275 0.428799 0.925275 0.444445 0.929094 0.444445 0.929094 0.413428 0.960484 0.413428 0.960484 0.472007 0.714925 0.472007 0.714925 0.428165 0.662033 0.428165 0.662033 0.366785 0.932444 0.366785
3 0.115949 0.472200 0.362580 0.472200 0.380285 0.489749 0.115949 0.489749
1 0.146599 0.472200 0.208541 0.472200 0.208541 0.489749 0.146599 0.489749
1 0.239275 0.472200 0.265686 0.472200 0.265686 0.489749 0.239275 0.489749
1 0.336391 0.472200 0.362215 0.472200 0.362215 0.489749 0.336391 0.489749
3 0.362580 0.428812 0.415034 0.428812 0.432739 0.446361 0.380285 0.446361
1 0.381166 0.428812 0.406300 0.428812 0.406300 0.446361 0.381166 0.446361
3 0.415034 0.428812 0.415034 0.192972 0.432739 0.175423 0.432739 0.446361
3 0.432739 0.175423 0.379826 0.175423 0.362122 0.192972 0.415034 0.192972
1 0.414909 0.175423 0.381017 0.175423 0.381017 0.192972 0.414909 0.192972
3 0.362122 0.192972 0.362122 0.132159 0.379826 0.114610 0.379826 0.175423
3 0.379826 0.114610 0.098244 0.114610 0.115949 0.132159 0.362122 0.132159
1 0.282638 0.114610 0.143735 0.114610 0.143735 0.132159 0.282638 0.132159
2 0.353606 0.114610 0.283797 0.114610 0.283797 0.132159 0.353606 0.132159
3 0.098244 0.114610 0.098244 0.489749 0.115949 0.489749 0.115949 0.132159
1 0.098244 0.253200 0.098244 0.333620 0.115949 0.333620 0.115949 0.253200
3 0.362580 0.428812 0.362580 0.472200 0.380285 0.489749 0.380285 0.446361
3 0.229763 0.428558 0.229763 0.407588 0.226638 0.407588 0.226638 0.428558
3 0.226638 0.414945 0.200855 0.414945 0.204674 0.420107 0.226638 0.420107
3 0.204674 0.428599 0.147765 0.428599 0.151584 0.425172 0.200855 0.425172
3 0.151584 0.425172 0.151584 0.407592 0.147765 0.413441 0.147765 0.428599
3 0.151584 0.407592 0.115949 0.407592 0.115949 0.413441 0.147765 0.413441
3 0.147765 0.428599 0.147765 0.444359 0.151584 0.444359 0.151584 0.428599
1 0.147765 0.429005 0.147765 0.444280 0.151584 0.444280 0.151584 0.429005
3 0.115949 0.362033 0.144839 0.362033 0.144839 0.378302 0.115949 0.378302
3 0.144839 0.362033 0.415034 0.362033 0.415034 0.365818 0.144839 0.365818
2 0.339973 0.362033 0.371529 0.362033 0.371529 0.365818 0.339973 0.365818
3 0.662033 0.428165 0.714925 0.428165 0.696874 0.446747 0.643981 0.446747
1 0.670729 0.428165 0.696072 0.428165 0.696072 0.446747 0.670729 0.446747
3 0.696874 0.489901 0.978536 0.489901 0.960484 0.472007 0.696874 0.472007
1 0.868252 0.489901 0.930201 0.489901 0.930201 0.472007 0.868252 0.472007
1 0.811635 0.489901 0.838376 0.489901 0.838376 0.472007 0.811635 0.472007
1 0.715349 0.489901 0.740625 0.489901 0.740625 0.472007 0.715349 0.472007
3 0.697360 0.115209 0.697360 0.176125 0.716460 0.176125 0.716460 0.133102
3 0.662033 0.428165 0.662033 0.194018 0.643981 0.176125 0.643981 0.446747
3 0.662033 0.194018 0.716460 0.194018 0.716460 0.176125 0.643981 0.176125
1 0.662783 0.194018 0.696693 0.194018 0.696693 0.176125 0.662783 0.176125
3 0.697360 0.115209 0.978536 0.115209 0.960484 0.133102 0.716460 0.133102
1 0.795229 0.115209 0.934777 0.115209 0.934777 0.133102 0.795229 0.133102
2 0.724305 0.115209 0.793871 0.115209 0.793871 0.133102 0.724305 0.133102
3 0.662033 0.366785 0.932444 0.366785 0.932444 0.362655 0.662033 0.362655
2 0.705594 0.366785 0.737900 0.366785 0.737900 0.362655 0.705594 0.362655
3 0.932444 0.378030 0.960484 0.378030 0.960484 0.362655 0.932444 0.362655
3 0.850350 0.428799 0.850350 0.407626 0.846531 0.407626 0.846531 0.428799
3 0.850350 0.414260 0.873116 0.414260 0.876934 0.420110 0.850350 0.420110
3 0.873116 0.428799 0.925275 0.428799 0.929094 0.425013 0.876934 0.425013
3 0.929094 0.428799 0.929094 0.413428 0.925275 0.407709 0.925275 0.428799
3 0.925275 0.407709 0.960484 0.407709 0.960484 0.413428 0.929094 0.413428
3 0.929094 0.425013 0.929094 0.444445 0.925275 0.444445 0.925275 0.428799
1 0.929094 0.429191 0.929094 0.444280 0.925275 0.444280 0.925275 0.429191
3 0.247110 0.362033 0.247110 0.341386 0.250929 0.341386 0.250929 0.362033
3 0.285915 0.362033 0.285915 0.341280 0.289733 0.341280 0.289733 0.362033
3 0.871585 0.362655 0.871585 0.341961 0.868461 0.341961 0.868461 0.362655
3 0.824483 0.362655 0.824483 0.342009 0.827608 0.342009 0.827608 0.362655
3 0.787748 0.362655 0.787748 0.342009 0.784623 0.342009 0.784623 0.362655
3 0.746732 0.362655 0.746732 0.342009 0.743607 0.342009 0.743607 0.362655
3 0.714925 0.428165 0.714925 0.472007 0.696874 0.472007 0.696874 0.446747
3 0.978536 0.115209 0.978536 0.489901 0.960484 0.472007 0.960484 0.133102
1 0.978536 0.253916 0.978536 0.333658 0.960484 0.333658 0.960484 0.253916
