0 0.044194 0.122558 0.664318 0.122558 0.664318 0.254881 0.044194 0.254946 0.044194 0.122558 0.044194 0.122558
0 0.492864 0.509207 0.397128 0.509207 0.245334 0.508614 0.245267 0.276891 0.492864 0.276891
0 0.961912 0.559055 0.631259 0.559055 0.631259 0.509711 0.492864 0.509259 0.492864 0.276891 0.961912 0.276891
0 0.631259 0.509711 0.631259 0.751302 0.417886 0.751302 0.417886 0.516307 0.492864 0.516307 0.492864 0.509259
0 0.500202 0.846512 0.500202 0.984348 0.684774 0.984348 0.685233 0.846512 0.500202 0.846512 0.500202 0.846512
0 0.232944 0.516307 0.405563 0.516307 0.405563 0.628777 0.048720 0.628777 0.048720 0.482963 0.129075 0.482963 0.129075 0.475863 0.048720 0.475863 0.048720 0.383597 0.232944 0.383597
0 0.961912 0.824089 0.643582 0.824089 0.643582 0.566155 0.961912 0.566155
0 0.405563 0.824089 0.048720 0.824089 0.048720 0.635877 0.405563 0.635877
0 0.478917 0.973491 0.300495 0.973491 0.300495 0.840045 0.478917 0.840045
0 0.631259 0.776462 0.642260 0.776462 0.642260 0.816563 0.631259 0.816563 0.631259 0.824089 0.417886 0.824089 0.417886 0.758402 0.631259 0.758402
0 0.227847 0.280789 0.227847 0.376497 0.056617 0.376497 0.056617 0.280789
3 0.279210 0.846512 0.279210 0.985755 0.300495 0.973491 0.300495 0.824089
3 0.279210 0.985755 0.500202 0.985755 0.478917 0.973491 0.300495 0.973491
3 0.500202 0.985755 0.500202 0.824089 0.478917 0.840045 0.478917 0.973491
2 0.500202 0.962635 0.500202 0.908553 0.478917 0.908553 0.478917 0.962635
3 0.025564 0.846512 0.279210 0.846512 0.300495 0.824089 0.048720 0.824089
1 0.087155 0.846512 0.251159 0.846512 0.251159 0.824089 0.087155 0.824089
3 0.300495 0.840045 0.478917 0.840045 0.500202 0.824089 0.300495 0.824089
2 0.509892 0.846512 0.612999 0.846512 0.612999 0.824089 0.509892 0.824089
1 0.740472 0.846512 0.905216 0.846512 0.905216 0.824089 0.740472 0.824089
3 0.025564 0.635877 0.417886 0.635877 0.405563 0.628777 0.025564 0.628777
3 0.405563 0.635877 0.405563 0.840045 0.417886 0.840045 0.417886 0.635877
2 0.405563 0.639020 0.405563 0.693651 0.417886 0.693651 0.417886 0.639020
3 0.417886 0.635877 0.417886 0.509207 0.405563 0.516307 0.405563 0.628777
2 0.417886 0.580491 0.417886 0.524898 0.405563 0.524898 0.405563 0.580491
3 0.417886 0.509207 0.245267 0.509207 0.232944 0.516307 0.405563 0.516307
3 0.417886 0.516307 0.492864 0.516307 0.492864 0.509207 0.417886 0.509207
3 0.405563 0.758402 0.643582 0.758402 0.631259 0.751302 0.405563 0.751302
2 0.513813 0.758402 0.621412 0.758402 0.621412 0.751302 0.513813 0.751302
3 0.631259 0.751302 0.631259 0.776462 0.643582 0.776462 0.643582 0.751302
3 0.642260 0.776462 0.642260 0.816563 0.643582 0.816563 0.643582 0.776462
3 0.631259 0.816563 0.631259 0.846512 0.643582 0.846512 0.643582 0.816563
3 0.643582 0.758402 0.643582 0.566155 0.631259 0.559055 0.631259 0.751302
2 0.643582 0.671208 0.643582 0.616210 0.631259 0.616210 0.631259 0.671208
3 0.025564 0.383597 0.245267 0.383597 0.227847 0.376497 0.047969 0.376497
2 0.133511 0.383597 0.226626 0.383597 0.226626 0.376497 0.133511 0.376497
3 0.025564 0.254946 0.025564 0.383597 0.056617 0.383597 0.056617 0.280789
3 0.025564 0.383597 0.025564 0.846512 0.048720 0.824089 0.048720 0.383597
3 0.245267 0.509207 0.245267 0.376497 0.232944 0.376497 0.232944 0.516307
3 0.245267 0.383597 0.245267 0.280789 0.227847 0.280789 0.227847 0.376497
1 0.538044 0.254946 0.375955 0.254946 0.375955 0.276891 0.538044 0.276891
2 0.645307 0.254946 0.551543 0.254946 0.551543 0.276891 0.645307 0.276891
1 0.904891 0.254946 0.697108 0.254946 0.697108 0.276891 0.904891 0.276891
3 0.245267 0.254946 0.025564 0.254946 0.056617 0.280789 0.245267 0.280789
1 0.213866 0.254946 0.110064 0.254946 0.110064 0.280789 0.213866 0.280789
3 0.044194 0.254946 0.044194 0.015181 0.031871 0.015181 0.031871 0.254946
3 0.025564 0.482963 0.129075 0.482963 0.129075 0.475863 0.025564 0.475863
