0 0.131627 0.575840 0.131627 0.788648 0.133838 0.788648 0.133838 0.899072 0.031192 0.899072 0.031192 0.575743 0.131627 0.575840 0.131627 0.575840
0 0.272441 0.899124 0.133871 0.899124 0.133871 0.788835 0.272441 0.788648 0.272441 0.899124 0.272441 0.899124
0 0.352028 0.899228 0.352028 1.000000 0.445968 1.000000 0.445968 0.899066 0.352028 0.899228 0.352028 0.899228
0 0.395556 0.636270 0.340816 0.636373 0.279996 0.636373 0.279851 0.536739 0.278550 0.536752 0.278550 0.481808 0.279851 0.481808 0.279851 0.386949 0.395709 0.386949
0 0.438595 0.780354 0.340883 0.780354 0.340883 0.642195 0.398359 0.642195 0.398359 0.596684 0.395709 0.596684 0.395709 0.636373 0.340816 0.636373 0.395556 0.636270 0.395709 0.386949 0.279851 0.386949 0.279851 0.312448 0.438595 0.312448
0 0.438595 0.312448 0.322632 0.312448 0.322632 0.080459 0.438595 0.080459
0 0.277051 0.672336 0.273824 0.672368 0.273925 0.756838 0.222323 0.756838 0.222323 0.613420 0.277051 0.613420
0 0.276907 0.481808 0.278550 0.481808 0.278550 0.536752 0.276907 0.536752 0.277051 0.561433 0.266514 0.561433 0.266514 0.608244 0.167698 0.608244 0.167698 0.430804 0.276907 0.430804
0 0.271313 0.294806 0.131059 0.294806 0.131059 0.413577 0.271313 0.413337 0.271313 0.294806 0.271313 0.294806
0 0.398359 0.381126 0.398359 0.541326 0.395709 0.541326 0.395709 0.386949 0.359568 0.386949 0.359568 0.381126
0 0.794713 0.674458 0.704052 0.674458 0.704052 0.884051 0.569669 0.884051 0.569669 0.406933 0.794713 0.406933
0 0.992934 0.884051 0.800896 0.884051 0.800896 0.406933 0.992934 0.406933
0 0.165048 0.559666 0.034772 0.559666 0.034772 0.430804 0.165048 0.430804
0 0.538686 0.669373 0.441540 0.669373 0.441540 0.441770 0.538686 0.441770
0 0.538686 0.296527 0.441540 0.296527 0.441540 0.080459 0.538686 0.080459
0 0.538686 0.882304 0.441540 0.882304 0.441540 0.675842 0.538686 0.675842
0 0.794713 0.884051 0.707880 0.884051 0.707880 0.682868 0.794713 0.682868
0 0.338234 0.882304 0.280096 0.882304 0.280096 0.756838 0.279996 0.672336 0.279996 0.642195 0.338234 0.642195
0 0.216729 0.767299 0.141932 0.767299 0.141932 0.664767 0.167698 0.664767 0.167698 0.614067 0.216729 0.614067
0 0.489832 0.435300 0.441540 0.435300 0.441540 0.306031 0.489832 0.306031
0 0.538686 0.435300 0.492776 0.435300 0.492776 0.306031 0.538686 0.306031
0 0.438890 0.882304 0.383796 0.882304 0.383796 0.786176 0.438890 0.786176
0 0.381147 0.882304 0.340883 0.882304 0.340883 0.786176 0.381147 0.786176
0 0.165048 0.658944 0.141932 0.658944 0.141932 0.565489 0.165048 0.565489
3 0.322632 0.312448 0.322632 0.080459 0.314977 0.063639 0.314977 0.294806
1 0.322632 0.245478 0.322632 0.165407 0.314977 0.165407 0.314977 0.245478
1 0.322632 0.161409 0.322632 0.083344 0.314977 0.083344 0.314977 0.161409
3 0.322632 0.080459 0.538686 0.080459 0.546342 0.063639 0.314977 0.063639
1 0.323288 0.080459 0.358664 0.080459 0.358664 0.063639 0.323288 0.063639
1 0.408375 0.080459 0.426827 0.080459 0.426827 0.063639 0.408375 0.063639
1 0.468783 0.080459 0.512147 0.080459 0.512147 0.063639 0.468783 0.063639
3 0.538686 0.080459 0.538686 0.882304 0.546342 0.899124 0.546342 0.063639
1 0.538686 0.306613 0.538686 0.345862 0.546342 0.345862 0.546342 0.306613
1 0.538686 0.496410 0.538686 0.592725 0.546342 0.592725 0.546342 0.496410
3 0.538686 0.882304 0.280096 0.882304 0.272441 0.899124 0.546342 0.899124
1 0.505095 0.882304 0.460907 0.882304 0.460907 0.899124 0.505095 0.899124
2 0.434818 0.882304 0.408140 0.882304 0.408140 0.899124 0.434818 0.899124
1 0.378055 0.882304 0.360542 0.882304 0.360542 0.899124 0.378055 0.899124
1 0.333867 0.882304 0.299081 0.882304 0.299081 0.899124 0.333867 0.899124
3 0.280096 0.882304 0.280096 0.756838 0.272441 0.788648 0.272441 0.899124
2 0.280096 0.843203 0.280096 0.792076 0.272441 0.792076 0.272441 0.843203
3 0.280096 0.756838 0.216729 0.756838 0.216729 0.788648 0.272441 0.788648
1 0.243949 0.756838 0.225523 0.756838 0.225523 0.788648 0.243949 0.788648
3 0.216729 0.767299 0.141932 0.767299 0.131627 0.788648 0.216729 0.788648
1 0.188899 0.767299 0.171148 0.767299 0.171148 0.788648 0.188899 0.788648
3 0.141932 0.767299 0.141932 0.559666 0.131627 0.575840 0.131627 0.788648
1 0.141932 0.658951 0.141932 0.620795 0.131627 0.620795 0.131627 0.658951
3 0.141932 0.559666 0.034772 0.559666 0.026822 0.575840 0.131627 0.575840
3 0.034772 0.559666 0.034772 0.430804 0.026822 0.413337 0.026822 0.575840
2 0.034772 0.545259 0.034772 0.485036 0.026822 0.485036 0.026822 0.545259
3 0.034772 0.430804 0.279851 0.430804 0.271313 0.413337 0.026822 0.413337
1 0.057372 0.430804 0.084701 0.430804 0.084701 0.413337 0.057372 0.413337
2 0.140269 0.430804 0.163955 0.430804 0.163955 0.413337 0.140269 0.413337
1 0.201457 0.430804 0.236682 0.430804 0.236682 0.413337 0.201457 0.413337
2 0.240174 0.430804 0.263708 0.430804 0.263708 0.413337 0.240174 0.413337
3 0.279851 0.430804 0.279851 0.312448 0.271313 0.294806 0.271313 0.413337
1 0.279851 0.393929 0.279851 0.315198 0.271313 0.315198 0.271313 0.393929
3 0.279851 0.312448 0.322632 0.312448 0.314977 0.294806 0.271313 0.294806
1 0.280105 0.312448 0.308496 0.312448 0.308496 0.294806 0.280105 0.294806
3 0.279851 0.430804 0.279851 0.481808 0.276907 0.481808 0.276907 0.430804
3 0.216729 0.788648 0.216729 0.614067 0.222323 0.608244 0.222323 0.788648
2 0.216729 0.666843 0.216729 0.624476 0.222323 0.624476 0.222323 0.666843
3 0.216729 0.608244 0.266514 0.608244 0.266514 0.613420 0.216729 0.613420
3 0.266514 0.561433 0.279928 0.561433 0.279928 0.613420 0.266514 0.613420
3 0.279851 0.536739 0.279996 0.672388 0.277051 0.672407 0.276907 0.536752
3 0.279996 0.672336 0.280096 0.767299 0.273925 0.767331 0.273824 0.672368
3 0.279963 0.642195 0.398359 0.642195 0.395709 0.636373 0.279963 0.636373
3 0.398359 0.642195 0.398359 0.596684 0.395709 0.596684 0.395709 0.636373
3 0.398359 0.541326 0.398359 0.381126 0.395709 0.386949 0.395709 0.541326
3 0.398359 0.381126 0.359568 0.381126 0.359568 0.386949 0.395709 0.386949
3 0.141932 0.559666 0.167698 0.559666 0.165048 0.565489 0.141932 0.565489
3 0.165048 0.559666 0.165048 0.413337 0.167698 0.413337 0.167698 0.559666
3 0.167698 0.559666 0.167698 0.664767 0.165048 0.658944 0.165048 0.565489
2 0.167698 0.617994 0.167698 0.657482 0.165048 0.657482 0.165048 0.617994
3 0.167698 0.664767 0.131627 0.664767 0.131627 0.658944 0.165048 0.658944
3 0.222323 0.608244 0.165048 0.608244 0.165048 0.614067 0.216729 0.614067
2 0.215398 0.608244 0.191708 0.608244 0.191708 0.614067 0.215398 0.614067
3 0.338234 0.636373 0.338234 0.899124 0.340883 0.899124 0.340883 0.636373
2 0.338234 0.696563 0.338234 0.749165 0.340883 0.749165 0.340883 0.696563
3 0.338234 0.786176 0.441540 0.786176 0.441540 0.780354 0.338234 0.780354
2 0.356359 0.786176 0.379515 0.786176 0.379515 0.780354 0.356359 0.780354
2 0.408122 0.786176 0.434912 0.786176 0.434912 0.780354 0.408122 0.780354
3 0.438890 0.780354 0.438890 0.899124 0.441540 0.899124 0.441540 0.780354
3 0.381147 0.780354 0.381147 0.899124 0.383796 0.899124 0.383796 0.780354
3 0.441540 0.780354 0.441540 0.296527 0.438595 0.296527 0.438595 0.780354
2 0.441540 0.772985 0.441540 0.719109 0.438595 0.719109 0.438595 0.772985
2 0.441540 0.536493 0.441540 0.485082 0.438595 0.485082 0.438595 0.536493
3 0.441540 0.306031 0.546342 0.306031 0.546342 0.296527 0.438595 0.296527
2 0.470547 0.306031 0.488745 0.306031 0.488745 0.296527 0.470547 0.296527
2 0.510607 0.306031 0.528923 0.306031 0.528923 0.296527 0.510607 0.296527
3 0.438595 0.296527 0.438595 0.063639 0.441540 0.063639 0.441540 0.296527
2 0.438595 0.293416 0.438595 0.238368 0.441540 0.238368 0.441540 0.293416
3 0.438595 0.441770 0.546342 0.441770 0.546342 0.435300 0.438595 0.435300
3 0.489832 0.296527 0.489832 0.441770 0.492776 0.441770 0.492776 0.296527
3 0.438595 0.675842 0.546342 0.675842 0.546342 0.669373 0.438595 0.669373
3 0.569669 0.406933 0.992934 0.406933 1.000000 0.391406 0.562603 0.391406
1 0.885718 0.406933 0.911992 0.406933 0.911992 0.391406 0.885718 0.391406
1 0.721491 0.406933 0.749377 0.406933 0.749377 0.391406 0.721491 0.391406
2 0.641186 0.406933 0.688645 0.406933 0.688645 0.391406 0.641186 0.391406
3 0.992934 0.406933 0.992934 0.884051 1.000000 0.899577 1.000000 0.391406
1 0.992934 0.684453 0.992934 0.746313 1.000000 0.746313 1.000000 0.684453
1 0.992934 0.541882 0.992934 0.606097 1.000000 0.606097 1.000000 0.541882
3 0.992934 0.884051 0.569669 0.884051 0.562603 0.899577 1.000000 0.899577
1 0.622475 0.884051 0.595352 0.884051 0.595352 0.899577 0.622475 0.899577
2 0.686917 0.884051 0.640091 0.884051 0.640091 0.899577 0.686917 0.899577
2 0.763412 0.884051 0.738609 0.884051 0.738609 0.899577 0.763412 0.899577
2 0.919880 0.884051 0.848832 0.884051 0.848832 0.899577 0.919880 0.899577
3 0.569669 0.884051 0.569669 0.406933 0.562603 0.391406 0.562603 0.899577
1 0.569669 0.605941 0.569669 0.542031 0.562603 0.542031 0.562603 0.605941
1 0.569669 0.747458 0.569669 0.683547 0.562603 0.683547 0.562603 0.747458
3 0.794713 0.391406 0.794713 0.899577 0.800896 0.899577 0.800896 0.391406
3 0.800896 0.682868 0.707880 0.682868 0.704052 0.674458 0.800896 0.674458
3 0.704052 0.674458 0.704052 0.884051 0.707880 0.884051 0.707880 0.682868
