0 0.887194 1.000000 0.362742 1.000000 0.362742 0.979054 0.075423 0.979054 0.075423 0.890999 0.702479 0.890999 0.702479 0.618375 0.887194 0.618236
0 0.829989 0.380118 0.687541 0.380118 0.687541 0.248407 0.829989 0.248407
0 0.606994 0.224418 0.606994 0.102041 0.948011 0.102041 0.948011 0.224264 0.606994 0.224418
0 0.681046 0.380853 0.293053 0.380853 0.293053 0.248407 0.681046 0.248407
0 0.594492 0.538376 0.594323 0.584362 0.534955 0.584362 0.534955 0.541440 0.293053 0.541440 0.293053 0.380853 0.594492 0.380853
0 0.681046 0.866746 0.293053 0.866746 0.293053 0.541440 0.534955 0.541440 0.534955 0.584362 0.594323 0.584362 0.594492 0.538376 0.681046 0.538376
0 0.285909 0.866746 0.168297 0.866746 0.168297 0.741826 0.285909 0.741826
0 0.285909 0.734476 0.095556 0.734476 0.095556 0.538809 0.285909 0.538809
0 0.285909 0.527785 0.095556 0.527785 0.095556 0.248407 0.285909 0.248407
0 0.807615 0.586647 0.687541 0.586647 0.687541 0.388937 0.807615 0.388937
0 0.925214 0.591057 0.816415 0.591057 0.816415 0.393347 0.925214 0.393347
0 0.927812 0.380118 0.837133 0.380118 0.837133 0.248407 0.927812 0.248407
0 0.681046 0.528821 0.600986 0.528821 0.600986 0.388937 0.681046 0.388937
0 0.162452 0.866746 0.095556 0.866746 0.095556 0.741826 0.162452 0.741826
3 0.095556 0.866746 0.681046 0.866746 0.702479 0.890999 0.075423 0.890999
1 0.106552 0.866746 0.159795 0.866746 0.159795 0.890999 0.106552 0.890999
2 0.224275 0.866746 0.282928 0.866746 0.282928 0.890999 0.224275 0.890999
1 0.382979 0.866746 0.476366 0.866746 0.476366 0.890999 0.382979 0.890999
1 0.484478 0.866746 0.577872 0.866746 0.577872 0.890999 0.484478 0.890999
1 0.585776 0.866746 0.679371 0.866746 0.679371 0.890999 0.585776 0.890999
3 0.681046 0.866746 0.681046 0.586647 0.702479 0.618375 0.702479 0.890999
1 0.681046 0.865922 0.681046 0.782366 0.702479 0.782366 0.702479 0.865922
2 0.681046 0.774597 0.681046 0.663031 0.702479 0.663031 0.702479 0.774597
3 0.681046 0.586647 0.807615 0.586647 0.816415 0.618375 0.702479 0.618375
1 0.729289 0.586647 0.766523 0.586647 0.766523 0.618375 0.729289 0.618375
3 0.807615 0.618346 0.949245 0.618346 0.925214 0.591057 0.807615 0.591057
3 0.925214 0.591057 0.925214 0.393347 0.949245 0.393347 0.949245 0.618346
1 0.925214 0.534943 0.925214 0.450358 0.949245 0.450358 0.949245 0.534943
3 0.949245 0.393347 0.949245 0.224154 0.927812 0.248407 0.927812 0.393347
3 0.927812 0.248407 0.095556 0.248407 0.075423 0.224154 0.949245 0.224154
1 0.787689 0.248407 0.725918 0.248407 0.725918 0.224154 0.787689 0.224154
2 0.895430 0.248407 0.842517 0.248407 0.842517 0.224154 0.895430 0.224154
2 0.673246 0.248407 0.620574 0.248407 0.620574 0.224154 0.673246 0.224154
1 0.592569 0.248407 0.518413 0.248407 0.518413 0.224154 0.592569 0.224154
1 0.410387 0.248407 0.336230 0.248407 0.336230 0.224154 0.410387 0.224154
1 0.229581 0.248407 0.153034 0.248407 0.153034 0.224154 0.229581 0.224154
3 0.095556 0.248407 0.095556 0.866746 0.075423 0.890999 0.075423 0.224154
1 0.095556 0.300265 0.095556 0.363052 0.075423 0.363052 0.075423 0.300265
1 0.095556 0.606506 0.095556 0.669396 0.075423 0.669396 0.075423 0.606506
3 0.293053 0.866746 0.293053 0.248407 0.285909 0.248407 0.285909 0.866746
2 0.293053 0.858161 0.293053 0.796962 0.285909 0.796962 0.285909 0.858161
2 0.293053 0.364324 0.293053 0.301970 0.285909 0.301970 0.285909 0.364324
2 0.293053 0.653962 0.293053 0.590748 0.285909 0.590748 0.285909 0.653962
2 0.293053 0.683676 0.293053 0.654432 0.285909 0.654432 0.285909 0.683676
3 0.285909 0.527785 0.095556 0.527785 0.095556 0.538809 0.285909 0.538809
3 0.285909 0.734476 0.095556 0.734476 0.095556 0.741826 0.285909 0.741826
3 0.168297 0.741826 0.168297 0.866746 0.162452 0.866746 0.162452 0.741826
2 0.168297 0.796021 0.168297 0.857213 0.162452 0.857213 0.162452 0.796021
3 0.681046 0.586647 0.681046 0.248407 0.687541 0.248407 0.687541 0.586647
2 0.681046 0.315868 0.681046 0.253552 0.687541 0.253552 0.687541 0.315868
3 0.927812 0.380118 0.807615 0.380118 0.816415 0.393347 0.949245 0.393347
3 0.837133 0.380118 0.837133 0.248407 0.829989 0.248407 0.829989 0.380118
3 0.807615 0.380118 0.687541 0.380118 0.687541 0.388937 0.807615 0.388937
2 0.786254 0.380118 0.730705 0.380118 0.730705 0.388937 0.786254 0.388937
3 0.681046 0.388937 0.600986 0.388937 0.594492 0.380853 0.681046 0.380853
2 0.674207 0.388937 0.625127 0.388937 0.625127 0.380853 0.674207 0.380853
3 0.600986 0.388937 0.600986 0.528821 0.594492 0.538376 0.594492 0.380853
3 0.600986 0.528821 0.681046 0.528821 0.681046 0.538376 0.594492 0.538376
3 0.461799 0.541440 0.527720 0.541440 0.527720 0.529681 0.461799 0.529681
3 0.816415 0.618375 0.816415 0.393347 0.807615 0.380118 0.807615 0.586647
2 0.816415 0.522714 0.816415 0.460250 0.807615 0.460250 0.807615 0.522714
