0 0.479125 0.774501 0.479125 1.000000 0.905851 1.000000 0.905851 0.642564 0.715277 0.642564 0.715277 0.774501 0.674168 0.774501 0.674168 0.765390 0.603819 0.765390 0.603819 0.774501 0.479125 0.774501 0.479125 0.774501
0 0.698797 0.489239 0.700186 0.489239 0.700186 0.580111 0.698797 0.580111 0.698797 0.752207 0.674168 0.752207 0.674168 0.754184 0.603819 0.754184 0.603819 0.752207 0.494328 0.752207 0.494328 0.325228 0.698797 0.325228
0 0.371600 0.656074 0.083170 0.656074 0.083170 0.389629 0.371600 0.389629
0 0.887253 0.620270 0.709946 0.620270 0.709946 0.580111 0.706763 0.580111 0.706763 0.489239 0.709946 0.489239 0.709946 0.330772 0.887253 0.330772
3 0.479125 0.302934 0.479125 0.774501 0.494328 0.752207 0.494328 0.325228
1 0.479125 0.423367 0.479125 0.559912 0.494328 0.559912 0.494328 0.423367
3 0.715277 0.774501 0.715277 0.642564 0.698797 0.620270 0.698797 0.752207
3 0.698797 0.620270 0.887253 0.620270 0.905851 0.642564 0.715277 0.642564
1 0.731858 0.620270 0.849934 0.620270 0.849934 0.642564 0.731858 0.642564
3 0.905851 0.642564 0.905851 0.302934 0.887253 0.330772 0.887253 0.620270
3 0.905851 0.302934 0.698797 0.302934 0.698797 0.330772 0.887253 0.330772
3 0.698797 0.302934 0.479125 0.302934 0.494328 0.325228 0.698797 0.325228
3 0.715277 0.774501 0.674168 0.774501 0.674168 0.752207 0.698797 0.752207
3 0.674168 0.765390 0.603819 0.765390 0.603819 0.754184 0.674168 0.754184
2 0.668057 0.765390 0.607610 0.765390 0.607610 0.754184 0.668057 0.754184
3 0.603819 0.774501 0.479125 0.774501 0.494328 0.752207 0.603819 0.752207
1 0.575096 0.774501 0.529062 0.774501 0.529062 0.752207 0.575096 0.752207
3 0.698797 0.302934 0.698797 0.489239 0.709946 0.489239 0.709946 0.302934
3 0.700186 0.489239 0.700186 0.580111 0.706763 0.580111 0.706763 0.489239
2 0.700186 0.494783 0.700186 0.573705 0.706763 0.573705 0.706763 0.494783
3 0.698797 0.580111 0.698797 0.642564 0.709946 0.642564 0.709946 0.580111
3 0.384776 0.362043 0.384776 0.688579 0.371600 0.656074 0.371600 0.389629
3 0.384776 0.688579 0.068058 0.688579 0.083170 0.656074 0.371600 0.656074
3 0.068058 0.688579 0.068058 0.362043 0.083170 0.389629 0.083170 0.656074
1 0.068058 0.624952 0.068058 0.438468 0.083170 0.438468 0.083170 0.624952
3 0.068058 0.362043 0.384776 0.362043 0.371600 0.389629 0.083170 0.389629
