0 0.541487 0.891209 0.476356 0.891209 0.476356 0.834707 0.541487 0.834707
0 0.469368 0.904057 0.409836 0.904057 0.409836 0.834707 0.469368 0.834707
0 0.541487 0.961933 0.476356 0.961933 0.476356 0.898414 0.541487 0.898414
0 0.289864 0.489272 0.235480 0.489272 0.235480 0.404697 0.289864 0.404697
0 0.134129 0.489544 0.069962 0.489544 0.069962 0.404697 0.134129 0.404697
0 0.228027 0.489272 0.204273 0.489272 0.204273 0.465600 0.153266 0.465600 0.153266 0.404697 0.228027 0.404697
0 0.169348 0.267555 0.069962 0.267555 0.069962 0.185895 0.169348 0.185895
0 0.169348 0.095871 0.169348 0.178690 0.069962 0.178690 0.069962 0.095439
0 0.154636 0.394166 0.069962 0.394166 0.069962 0.276423 0.154636 0.276423
0 0.289864 0.394166 0.163487 0.394166 0.163487 0.276423 0.289864 0.276423
0 0.289864 0.267555 0.176801 0.267555 0.176801 0.095871 0.289864 0.095871
0 0.370336 0.801911 0.402382 0.801911 0.402382 0.904057 0.370089 0.904057 0.370089 0.960974 0.225758 0.960974 0.225758 0.764875 0.370336 0.764875
0 0.735758 0.961933 0.548475 0.961933 0.548475 0.763905 0.735758 0.763905
0 0.988354 0.628027 0.749733 0.628027 0.749733 0.496478 0.988354 0.496478
0 0.218304 0.960974 0.069962 0.960974 0.069962 0.677323 0.218304 0.677323
0 0.988917 0.635232 0.750092 0.635232 0.749733 0.978561 0.988354 0.978716 0.988917 0.635232 0.988917 0.635232
0 0.735758 0.755591 0.492046 0.755591 0.492511 0.678382 0.492698 0.678382 0.492698 0.669514 0.492511 0.669514 0.492977 0.499803 0.735758 0.499803
0 0.492511 0.669514 0.293582 0.669514 0.293582 0.499803 0.492977 0.499803
0 0.286128 0.669203 0.286128 0.678382 0.492511 0.678382 0.492046 0.755591 0.492046 0.763905 0.541487 0.763905 0.541487 0.826393 0.409836 0.826393 0.409836 0.793043 0.379094 0.793043 0.379094 0.756561 0.225758 0.756561 0.225758 0.668998
0 0.196819 0.499803 0.286128 0.499803 0.286128 0.669203 0.225758 0.668998 0.225758 0.668455 0.069962 0.668455 0.069962 0.498412 0.141583 0.498412 0.141583 0.474468 0.196819 0.474468
0 0.382202 0.915142 0.467970 0.915142 0.467970 0.978561 0.382202 0.978561 0.382202 0.915142 0.382202 0.915142
3 0.054589 0.078778 0.054589 0.979265 0.069962 0.960974 0.069962 0.095439
1 0.054589 0.406609 0.054589 0.455418 0.069962 0.455418 0.069962 0.406609
1 0.054589 0.528874 0.054589 0.647310 0.069962 0.647310 0.069962 0.528874
1 0.054589 0.713750 0.054589 0.752809 0.069962 0.752809 0.069962 0.713750
1 0.054589 0.278446 0.054589 0.339100 0.069962 0.339100 0.069962 0.278446
3 0.054589 0.979265 0.382202 0.979265 0.370089 0.960974 0.069962 0.960974
1 0.097993 0.979265 0.184604 0.979265 0.184604 0.960974 0.097993 0.960974
1 0.274235 0.979265 0.362570 0.979265 0.362570 0.960974 0.274235 0.960974
3 0.382202 0.979265 0.382202 0.915142 0.370089 0.904057 0.370089 0.960974
3 0.370089 0.904057 0.476356 0.904057 0.467970 0.915142 0.382202 0.915142
2 0.425042 0.904057 0.465417 0.904057 0.465417 0.915142 0.425042 0.915142
1 0.412995 0.904057 0.425466 0.904057 0.425466 0.915142 0.412995 0.915142
3 0.467970 0.915142 0.467970 0.978561 0.476356 0.961933 0.476356 0.904057
3 0.467970 0.978561 0.749733 0.978561 0.735758 0.961933 0.476356 0.961933
1 0.554158 0.978561 0.641939 0.978561 0.641939 0.961933 0.554158 0.961933
3 0.749733 0.978561 0.749733 0.496478 0.735758 0.480404 0.735758 0.961933
3 0.304306 0.480404 0.304306 0.079271 0.289864 0.095871 0.289864 0.499803
2 0.304306 0.229333 0.304306 0.178485 0.289864 0.178485 0.289864 0.229333
2 0.304306 0.452092 0.304306 0.407795 0.289864 0.407795 0.289864 0.452092
1 0.304306 0.367683 0.304306 0.289266 0.289864 0.289266 0.289864 0.367683
3 0.304306 0.079271 0.054589 0.078778 0.069962 0.095439 0.289864 0.095871
2 0.151347 0.078972 0.106890 0.078883 0.106867 0.095511 0.151324 0.095600
1 0.262239 0.079188 0.178110 0.079022 0.178087 0.095650 0.262216 0.095816
3 0.054589 0.276423 0.304306 0.276423 0.304306 0.267555 0.054589 0.267555
3 0.169348 0.079005 0.169348 0.276423 0.176801 0.276423 0.176801 0.079005
2 0.169348 0.189165 0.169348 0.231910 0.176801 0.231910 0.176801 0.189165
3 0.054589 0.185895 0.176801 0.185895 0.176801 0.178690 0.054589 0.178690
3 0.054589 0.404697 0.304306 0.404697 0.304306 0.394166 0.054589 0.394166
2 0.246554 0.404697 0.286804 0.404697 0.286804 0.394166 0.246554 0.394166
3 0.154636 0.267555 0.154636 0.404697 0.163487 0.404697 0.163487 0.267555
2 0.154636 0.279411 0.154636 0.323658 0.163487 0.323658 0.163487 0.279411
3 0.289864 0.499803 0.196819 0.499803 0.204273 0.489272 0.289864 0.489272
2 0.281484 0.499803 0.242971 0.499803 0.242971 0.489272 0.281484 0.489272
3 0.204273 0.489272 0.204273 0.465600 0.196819 0.474468 0.196819 0.499803
3 0.204273 0.465600 0.153266 0.465600 0.134129 0.474468 0.196819 0.474468
3 0.134129 0.465600 0.134129 0.489544 0.141583 0.498412 0.141583 0.474468
3 0.141583 0.498412 0.054589 0.498412 0.054589 0.489544 0.134129 0.489544
2 0.123726 0.498412 0.091028 0.498412 0.091028 0.489544 0.123726 0.489544
3 0.134129 0.474468 0.134129 0.394166 0.153266 0.394166 0.153266 0.465600
3 0.228027 0.394166 0.228027 0.499803 0.235480 0.499803 0.235480 0.394166
2 0.228027 0.408394 0.228027 0.453589 0.235480 0.453589 0.235480 0.408394
3 0.286128 0.499803 0.286128 0.678382 0.293582 0.669514 0.293582 0.499803
3 0.286128 0.678382 0.483702 0.678382 0.483702 0.669514 0.293582 0.669514
2 0.343205 0.678382 0.390685 0.678382 0.390685 0.669514 0.343205 0.669514
3 0.749733 0.480404 0.293582 0.480404 0.293582 0.499803 0.749733 0.499803
1 0.446881 0.480404 0.350109 0.480404 0.350109 0.499803 0.446881 0.499803
1 0.671833 0.480404 0.554097 0.480404 0.554097 0.499803 0.671833 0.499803
3 0.293582 0.480404 0.304306 0.480404 0.289864 0.499803 0.293582 0.499803
3 0.054589 0.677323 0.218304 0.677323 0.225758 0.668455 0.054589 0.668455
3 0.225758 0.668455 0.225758 0.979265 0.218304 0.979265 0.218304 0.677323
2 0.225758 0.693691 0.225758 0.745770 0.218304 0.745770 0.218304 0.693691
3 0.409836 0.915142 0.409836 0.793043 0.402382 0.801911 0.402382 0.915142
3 0.409836 0.793043 0.379094 0.793043 0.370336 0.801911 0.402382 0.801911
3 0.370336 0.801911 0.370336 0.764875 0.379094 0.756561 0.379094 0.793043
3 0.379094 0.756561 0.218304 0.756561 0.218304 0.764875 0.370336 0.764875
2 0.368072 0.756561 0.331330 0.756561 0.331330 0.764875 0.368072 0.764875
3 0.492046 0.763905 0.749733 0.763905 0.749733 0.755591 0.492046 0.755591
2 0.552392 0.763905 0.593728 0.763905 0.593728 0.755591 0.552392 0.755591
3 0.541487 0.755591 0.541487 0.978561 0.548475 0.978561 0.548475 0.755591
2 0.541487 0.904406 0.541487 0.943193 0.548475 0.943193 0.548475 0.904406
3 0.402382 0.834707 0.548475 0.834707 0.548475 0.826393 0.402382 0.826393
2 0.423141 0.834707 0.465632 0.834707 0.465632 0.826393 0.423141 0.826393
2 0.477129 0.834707 0.508458 0.834707 0.508458 0.826393 0.477129 0.826393
1 0.411937 0.834707 0.423774 0.834707 0.423774 0.826393 0.411937 0.826393
3 0.476356 0.904057 0.476356 0.826393 0.469368 0.826393 0.469368 0.904057
3 0.469368 0.898414 0.548475 0.898414 0.548475 0.891209 0.469368 0.891209
3 0.735758 0.480404 1.000000 0.480404 0.988354 0.496478 0.749733 0.496478
3 1.000000 0.480404 1.000000 0.978716 0.988354 0.978716 0.988354 0.496478
1 1.000000 0.525028 1.000000 0.604626 0.988354 0.604626 0.988354 0.525028
3 0.735758 0.635232 1.000000 0.635232 1.000000 0.628027 0.735758 0.628027
2 0.856847 0.635232 0.898481 0.635232 0.898481 0.628027 0.856847 0.628027
