0 0.034303 0.107679 0.034993 0.406264 0.210085 0.406624 0.210085 0.107679 0.034303 0.107679 0.034303 0.107679
0 0.516147 0.835741 0.516147 0.867311 0.229088 0.867311 0.229088 0.410827 0.514937 0.410827
0 0.652305 0.867311 0.521778 0.867311 0.521778 0.607909 0.516147 0.607909 0.516147 0.835741 0.514937 0.410827 0.652305 0.410827
0 0.610562 0.105063 0.610562 0.400908 0.229088 0.400908 0.229088 0.104802
0 0.616580 0.105236 0.616580 0.180689 0.645478 0.180689 0.645478 0.105236 0.913852 0.105236 0.913852 0.606346 0.812166 0.606346 0.812166 0.529270 0.657935 0.529270 0.657935 0.400908 0.616193 0.400908 0.616193 0.105063
0 0.803721 0.867311 0.691429 0.867311 0.691429 0.768745 0.658090 0.768745 0.658090 0.867311 0.657935 0.867311 0.657935 0.539189 0.803721 0.539189
0 0.907517 0.621226 0.907517 0.850001 0.812166 0.850001 0.812166 0.620680
3 0.210085 0.083710 0.210085 0.888390 0.229088 0.867311 0.229088 0.104802
1 0.210085 0.521656 0.210085 0.638610 0.229088 0.638610 0.229088 0.521656
1 0.210085 0.638610 0.210085 0.756346 0.229088 0.756346 0.229088 0.638610
1 0.210085 0.224980 0.210085 0.378948 0.229088 0.378948 0.229088 0.224980
2 0.210085 0.119372 0.210085 0.222501 0.229088 0.222501 0.229088 0.119372
3 0.210085 0.888390 0.803721 0.888390 0.803721 0.867311 0.229088 0.867311
2 0.584550 0.888390 0.647899 0.888390 0.647899 0.867311 0.584550 0.867311
3 0.803721 0.888390 0.937781 0.888390 0.907517 0.850001 0.803721 0.850001
3 0.937781 0.888390 0.937781 0.606594 0.907517 0.606594 0.907517 0.850001
1 0.937781 0.733704 0.937781 0.640582 0.907517 0.640582 0.907517 0.733704
3 0.937781 0.606594 0.937781 0.084169 0.913852 0.105236 0.913852 0.606594
1 0.937781 0.447741 0.937781 0.210969 0.913852 0.210969 0.913852 0.447741
3 0.937781 0.084169 0.210085 0.083710 0.229088 0.104802 0.913852 0.105236
3 0.610562 0.083958 0.610562 0.400908 0.616193 0.410827 0.616193 0.083958
3 0.610562 0.410827 0.652305 0.410827 0.657935 0.400908 0.610562 0.400908
3 0.657935 0.400908 0.657935 0.888390 0.652305 0.888390 0.652305 0.410827
2 0.657935 0.425137 0.657935 0.523404 0.652305 0.523404 0.652305 0.425137
2 0.657935 0.648927 0.657935 0.737696 0.652305 0.737696 0.652305 0.648927
3 0.691429 0.768745 0.691429 0.867311 0.658090 0.867311 0.658090 0.768745
3 0.803721 0.888390 0.803721 0.605739 0.812166 0.605739 0.812166 0.888390
2 0.803721 0.719246 0.803721 0.642801 0.812166 0.642801 0.812166 0.719246
3 0.803721 0.605739 0.937781 0.606594 0.937781 0.621474 0.812166 0.620680
3 0.803721 0.605739 0.803721 0.539189 0.812166 0.529270 0.812166 0.605739
3 0.812166 0.529270 0.652305 0.529270 0.652305 0.539189 0.803721 0.539189
3 0.516147 0.607909 0.516147 0.888390 0.521778 0.888390 0.521778 0.607909
3 0.616193 0.410827 0.210085 0.410827 0.210085 0.400908 0.610562 0.400908
2 0.606318 0.410827 0.549676 0.410827 0.549676 0.400908 0.606318 0.400908
2 0.385775 0.410827 0.311165 0.410827 0.311165 0.400908 0.385775 0.400908
3 0.645478 0.105063 0.645478 0.180689 0.615418 0.180689 0.615418 0.105063
3 0.210085 0.106067 0.028659 0.106067 0.028659 0.097301 0.210085 0.097301
