0 0.507332 1.000000 0.507332 0.846245 0.648640 0.846245 0.648032 1.000000 0.507332 1.000000 0.507332 1.000000
0 0.661586 0.170242 0.661586 0.346712 0.634329 0.346712 0.634329 0.495101 0.661586 0.495101 0.661315 0.637208 0.181838 0.637208 0.181838 0.169753
0 0.971936 0.637444 0.691948 0.637444 0.675345 0.637208 0.675617 0.317797 0.971936 0.317797
0 0.971936 0.304201 0.675617 0.304201 0.675617 0.170242 0.971936 0.170242
0 0.691948 0.821772 0.454810 0.821772 0.454810 0.664401 0.691920 0.664636 0.691948 0.637444
3 0.156583 0.142542 0.156583 0.661681 0.181838 0.637208 0.181838 0.169753
1 0.156583 0.339098 0.156583 0.397616 0.181838 0.397616 0.181838 0.339098
1 0.156583 0.397072 0.156583 0.456669 0.181838 0.456669 0.181838 0.397072
3 0.156583 0.661681 0.429555 0.661681 0.454810 0.637208 0.181838 0.637208
1 0.244078 0.661681 0.304785 0.661681 0.304785 0.637208 0.244078 0.637208
1 0.304111 0.661681 0.370879 0.661681 0.370879 0.637208 0.304111 0.637208
3 0.429555 0.661681 0.429555 0.846245 0.454810 0.821772 0.454810 0.637208
1 0.429555 0.772862 0.429555 0.819860 0.454810 0.819860 0.454810 0.772862
3 0.429555 0.846245 0.717204 0.846245 0.691948 0.821772 0.454810 0.821772
1 0.457055 0.846245 0.510877 0.846245 0.510877 0.821772 0.457055 0.821772
1 0.646433 0.846245 0.691612 0.846245 0.691612 0.821772 0.646433 0.821772
2 0.534795 0.846245 0.614536 0.846245 0.614536 0.821772 0.534795 0.821772
3 0.717204 0.846245 0.717204 0.661917 0.691948 0.637444 0.691948 0.821772
1 0.717204 0.821147 0.717204 0.771566 0.691948 0.771566 0.691948 0.821147
3 0.691948 0.637444 0.971936 0.637444 0.999997 0.661917 0.717204 0.661917
1 0.791258 0.637444 0.850467 0.637444 0.850467 0.661917 0.791258 0.661917
1 0.850467 0.637444 0.910930 0.637444 0.910930 0.661917 0.850467 0.661917
3 0.999997 0.661917 0.999997 0.143068 0.971936 0.170242 0.971936 0.637444
1 0.999997 0.280906 0.999997 0.223630 0.971936 0.223630 0.971936 0.280906
1 0.999997 0.575364 0.999997 0.520770 0.971936 0.520770 0.971936 0.575364
3 0.999997 0.143068 0.156583 0.142542 0.181838 0.169753 0.971936 0.170242
1 0.304710 0.142633 0.246080 0.142597 0.246061 0.169789 0.304691 0.169826
1 0.365547 0.142678 0.304710 0.142633 0.304691 0.169826 0.365538 0.169871
3 0.454810 0.637208 0.691948 0.637444 0.691920 0.664636 0.454782 0.664401
2 0.533897 0.637290 0.617913 0.637371 0.617885 0.664564 0.533860 0.664482
3 0.661586 0.142860 0.661586 0.664600 0.675617 0.664600 0.675617 0.142860
2 0.661586 0.229730 0.661586 0.301881 0.675617 0.301881 0.675617 0.229730
2 0.661586 0.527868 0.661586 0.600825 0.675617 0.600825 0.675617 0.527868
3 0.661586 0.317797 0.999997 0.317797 0.999997 0.304201 0.661586 0.304201
3 0.634329 0.346712 0.634329 0.495101 0.664046 0.495101 0.664046 0.346712
