0 0.637770 0.829235 0.590751 0.828869 0.590623 0.846356 0.459764 0.846356 0.459764 0.714617 0.637770 0.714617
0 0.447939 0.985982 0.336418 0.985982 0.336418 0.477104 0.447939 0.477104
0 0.886617 0.459951 0.833088 0.459951 0.833088 0.470564 0.502320 0.470564 0.502320 0.460770 0.447939 0.460770 0.447939 0.477104 0.336418 0.477104 0.336418 0.376826 0.335799 0.376826 0.335799 0.082285 0.886617 0.082285
0 0.459764 0.481974 0.886880 0.481974 0.886880 0.584030 0.931923 0.584030 0.931923 0.703713 0.459764 0.703357 0.459764 0.481974 0.459764 0.481974
0 0.335799 0.376826 0.327889 0.376826 0.327889 0.470866 0.108906 0.470866 0.108906 0.460770 0.071808 0.460770 0.071808 0.470209 0.049499 0.470209 0.049499 0.082285 0.335799 0.082285
0 0.050075 0.482082 0.327683 0.482082 0.327683 0.722191 0.049499 0.721857 0.050075 0.482082 0.050075 0.482082
0 0.922258 0.083200 0.992182 0.083351 0.991785 0.716890 0.939855 0.716890 0.939855 0.570099 0.917887 0.570023 0.917887 0.083362 0.923203 0.083362 0.922258 0.083200
3 0.049499 0.082285 0.886617 0.082285 0.917887 0.034877 0.033026 0.034877
3 0.886617 0.082285 0.886617 0.584030 0.917887 0.570023 0.917887 0.034877
2 0.886617 0.488342 0.886617 0.569194 0.917887 0.569194 0.917887 0.488342
1 0.886617 0.093102 0.886617 0.474141 0.917887 0.474141 0.917887 0.093102
3 0.886617 0.584030 0.930843 0.584030 0.940743 0.570023 0.917887 0.570023
3 0.930843 0.584030 0.930843 0.703648 0.940743 0.728753 0.940743 0.570023
3 0.940743 0.728753 0.652332 0.728753 0.590040 0.703648 0.930843 0.703648
3 0.652332 0.728753 0.652332 0.868627 0.590040 0.829289 0.590040 0.703648
3 0.652332 0.868627 0.589870 0.868153 0.589998 0.829289 0.590040 0.829289
3 0.617551 0.846356 0.447939 0.846356 0.473765 0.868153 0.617551 0.868153
3 0.447939 0.846356 0.447939 0.985982 0.473765 1.000000 0.473765 0.868153
3 0.447939 0.985982 0.336418 0.985982 0.321770 1.000000 0.473765 1.000000
2 0.443142 0.985982 0.383216 0.985982 0.383216 1.000000 0.443142 1.000000
3 0.336418 0.985982 0.336418 0.721857 0.321770 0.744667 0.321770 1.000000
3 0.336418 0.721857 0.049499 0.721857 0.033026 0.744667 0.321770 0.744667
3 0.049499 0.721857 0.049499 0.082285 0.033026 0.034877 0.033026 0.744667
1 0.049499 0.459984 0.049499 0.089288 0.033026 0.089288 0.033026 0.459984
1 0.049499 0.716007 0.049499 0.490842 0.033026 0.490842 0.033026 0.716007
3 0.886617 0.500700 0.833088 0.500700 0.833088 0.459951 0.886617 0.459951
3 0.833088 0.481953 0.502320 0.481953 0.502320 0.470564 0.833088 0.470564
2 0.831574 0.481953 0.675906 0.481953 0.675906 0.470564 0.831574 0.470564
3 0.502320 0.499914 0.459764 0.499914 0.447939 0.460770 0.502320 0.460770
3 0.447939 0.460770 0.447939 0.868153 0.459764 0.868153 0.459764 0.499914
2 0.447939 0.551017 0.447939 0.628302 0.459764 0.628302 0.459764 0.551017
2 0.447939 0.759104 0.447939 0.837963 0.459764 0.837963 0.459764 0.759104
3 0.447939 0.703648 0.652332 0.703648 0.652332 0.714617 0.447939 0.714617
3 0.033026 0.481737 0.071808 0.481737 0.071808 0.470209 0.033026 0.470209
3 0.071808 0.460770 0.108906 0.460770 0.108906 0.500259 0.071808 0.500259
3 0.108906 0.470866 0.327889 0.470866 0.336418 0.483170 0.108906 0.483170
3 0.336418 0.470866 0.336418 0.744667 0.327889 0.744667 0.327889 0.483170
2 0.336418 0.496735 0.336418 0.570411 0.327889 0.570411 0.327889 0.496735
3 0.336418 0.483170 0.336418 0.376826 0.327889 0.376826 0.327889 0.470866
2 0.336418 0.459887 0.336418 0.385414 0.327889 0.385414 0.327889 0.459887
3 0.459764 0.514815 0.502320 0.514815 0.502320 0.481974 0.459764 0.481974
3 0.917887 0.034877 1.000000 0.034877 1.000000 0.083362 0.917887 0.083362
3 0.940743 0.728753 0.999964 0.728753 0.999964 0.716901 0.940743 0.716901
