0 0.700237 0.881864 0.563007 0.881864 0.563007 0.721695 0.555725 0.721695 0.555725 0.978300 0.096633 0.978300 0.096633 0.576455 0.561810 0.576455 0.561810 0.566690 0.375414 0.566690 0.375414 0.397472 0.561891 0.397472 0.561891 0.330896 0.700237 0.330896
0 0.368131 0.566690 0.287034 0.566690 0.287034 0.576455 0.200104 0.576455 0.200104 0.566690 0.096633 0.566690 0.096633 0.096837 0.368131 0.096837
0 0.976752 0.096837 0.976744 0.520631 0.814219 0.520631 0.814219 0.511951 0.709138 0.511951 0.709138 0.096837
0 0.976744 0.881864 0.709138 0.881864 0.709138 0.520631 0.976744 0.520631
0 0.554608 0.387707 0.375414 0.387707 0.375414 0.265784 0.402926 0.265784 0.402926 0.096837 0.554608 0.096837
0 0.694006 0.312830 0.566131 0.312830 0.566131 0.114555 0.694006 0.114555
3 0.078022 0.054522 0.078022 1.000000 0.096633 0.978300 0.096633 0.096837
2 0.078022 0.619574 0.078022 0.712895 0.096633 0.712895 0.096633 0.619574
1 0.078022 0.719807 0.078022 0.917420 0.096633 0.917420 0.096633 0.719807
1 0.078022 0.299116 0.078022 0.460348 0.096633 0.460348 0.096633 0.299116
1 0.078022 0.254717 0.078022 0.299116 0.096633 0.299116 0.096633 0.254717
3 0.078022 1.000000 0.569901 1.000000 0.555725 0.978300 0.096633 0.978300
3 0.569901 1.000000 0.569901 0.904649 0.555725 0.881864 0.555725 0.978300
3 0.999984 0.904649 1.000000 0.054522 0.976752 0.096837 0.976744 0.881864
1 0.999992 0.281983 0.999992 0.241382 0.976752 0.241382 0.976752 0.281983
1 0.999992 0.444833 0.999992 0.281983 0.976752 0.281983 0.976752 0.444833
1 0.999992 0.701351 0.999992 0.538274 0.976744 0.538274 0.976744 0.701351
1 0.999992 0.739348 0.999992 0.701351 0.976744 0.701351 0.976744 0.739348
3 1.000000 0.054522 0.709138 0.054522 0.709138 0.096837 0.976752 0.096837
3 0.555725 0.881864 0.709138 0.881864 0.709138 0.904649 0.569901 0.904649
2 0.575096 0.881864 0.642947 0.881864 0.642947 0.904649 0.575096 0.904649
3 0.709138 0.881864 0.976744 0.881864 0.999984 0.904649 0.709138 0.904649
3 0.078022 0.566690 0.200104 0.566690 0.200104 0.576455 0.078022 0.576455
3 0.287034 0.566690 0.561810 0.566690 0.561810 0.576455 0.287034 0.576455
3 0.368131 0.397472 0.561891 0.397472 0.554608 0.387707 0.368131 0.387707
2 0.429993 0.397472 0.499413 0.397472 0.499413 0.387707 0.429993 0.387707
3 0.561891 0.397472 0.561891 0.330896 0.554608 0.312830 0.554608 0.387707
3 0.709138 0.881864 0.709138 0.312830 0.700237 0.330896 0.700237 0.881864
2 0.709138 0.617599 0.709138 0.527304 0.700237 0.527304 0.700237 0.617599
2 0.709138 0.507915 0.709138 0.419248 0.700237 0.419248 0.700237 0.507915
3 0.709138 0.321131 0.709138 0.096837 0.694006 0.096837 0.694006 0.321131
3 0.561891 0.330896 0.700237 0.330896 0.709138 0.312830 0.554608 0.312830
3 0.709138 0.054522 0.554608 0.054522 0.554608 0.114555 0.709138 0.114555
1 0.676188 0.054522 0.623049 0.054522 0.623049 0.114555 0.676188 0.114555
3 0.554608 0.054522 0.078022 0.054522 0.096633 0.096837 0.554608 0.096837
1 0.511009 0.054522 0.458129 0.054522 0.458129 0.096837 0.511009 0.096837
3 0.554608 0.321131 0.554608 0.054522 0.566131 0.054522 0.566131 0.321131
2 0.554608 0.309977 0.554608 0.238724 0.566131 0.238724 0.566131 0.309977
3 0.555725 0.881864 0.555725 0.721695 0.563007 0.721695 0.563007 0.881864
3 0.700237 0.520631 0.814219 0.520631 0.814219 0.511951 0.700237 0.511951
3 0.368131 0.054522 0.368131 0.265784 0.402926 0.265784 0.402926 0.054522
3 0.368131 0.265784 0.368131 0.576455 0.375414 0.576455 0.375414 0.265784
2 0.368131 0.471828 0.368131 0.560299 0.375414 0.560299 0.375414 0.471828
