0 0.507602 0.180705 0.533778 0.180705 0.533778 0.123453 0.591833 0.123453 0.591833 0.386593 0.507216 0.386593 0.507216 0.123453 0.507602 0.123453
0 0.710462 0.271700 0.732743 0.271700 0.732743 0.386593 0.597658 0.386593 0.597658 0.123453 0.710462 0.123453
0 0.501391 0.647284 0.172970 0.647284 0.172970 0.123453 0.501391 0.123453
0 0.156223 0.261806 0.047089 0.261806 0.047089 0.646071 0.156223 0.646071 0.156223 0.261806
0 0.676341 0.680165 0.665419 0.680165 0.665419 0.866654 0.540616 0.866654 0.540616 0.647284 0.507216 0.647284 0.507216 0.396292 0.676341 0.396292
0 0.981068 0.866654 0.676341 0.866654 0.676341 0.525686 0.981068 0.525686
0 0.981068 0.525686 0.676341 0.525686 0.676341 0.396292 0.738568 0.396292 0.738568 0.123453 0.981068 0.123453
3 0.172970 0.123453 0.981068 0.123453 1.000000 0.096779 0.156223 0.096779
3 0.981068 0.123453 0.981068 0.866654 1.000000 0.887266 1.000000 0.096779
1 0.981068 0.604447 0.981068 0.789820 1.000000 0.789820 1.000000 0.604447
1 0.981068 0.212568 0.981068 0.400427 1.000000 0.400427 1.000000 0.212568
3 0.981068 0.866654 0.540616 0.866654 0.528237 0.887266 1.000000 0.887266
2 0.614151 0.866654 0.546448 0.866654 0.546448 0.887266 0.614151 0.887266
3 0.540616 0.866654 0.540616 0.647284 0.528237 0.667895 0.528237 0.887266
3 0.540616 0.647284 0.172970 0.647284 0.156223 0.667895 0.528237 0.667895
3 0.172970 0.647284 0.172970 0.123453 0.156223 0.096779 0.156223 0.667895
2 0.172970 0.614074 0.172970 0.519224 0.156223 0.519224 0.156223 0.614074
1 0.172970 0.511476 0.172970 0.289814 0.156223 0.289814 0.156223 0.511476
3 0.156223 0.242407 0.039807 0.242407 0.039807 0.261806 0.156223 0.261806
3 0.156223 0.667895 0.039807 0.667895 0.039807 0.646071 0.156223 0.646071
3 0.507216 0.647284 0.507216 0.096779 0.501391 0.096779 0.501391 0.647284
2 0.507216 0.638166 0.507216 0.529748 0.501391 0.529748 0.501391 0.638166
3 0.501391 0.396292 0.738568 0.396292 0.732743 0.386593 0.501391 0.386593
2 0.543397 0.396292 0.586277 0.396292 0.586277 0.386593 0.543397 0.386593
2 0.626777 0.396292 0.676407 0.396292 0.676407 0.386593 0.626777 0.386593
3 0.738568 0.396292 0.738568 0.271700 0.732743 0.271700 0.732743 0.386593
3 0.738568 0.271700 0.738568 0.096779 0.710462 0.096779 0.710462 0.271700
3 0.597658 0.386593 0.597658 0.096779 0.591833 0.096779 0.591833 0.386593
3 0.533778 0.180705 0.533778 0.123453 0.507602 0.123453 0.507602 0.180705
3 0.665419 0.866654 0.665419 0.680165 0.676341 0.680165 0.676341 0.866654
