0 0.647981 0.939414 0.647981 0.858780 0.738543 0.858603 0.738543 0.939414 0.647981 0.939414 0.647981 0.939414
0 0.482334 0.717449 0.431425 0.717449 0.431540 0.591708 0.482334 0.591708
0 0.542643 0.592186 0.561769 0.592186 0.561769 0.721377 0.488317 0.721377 0.488351 0.591708
0 0.368004 0.939414 0.298518 0.939414 0.298518 0.787440 0.368004 0.787440
0 0.424823 0.591708 0.424745 0.774779 0.298518 0.774779 0.298518 0.591048
0 0.561769 0.939414 0.377029 0.939414 0.377029 0.780519 0.436689 0.780519 0.436689 0.727117 0.561769 0.727117
0 0.738543 0.592875 0.738543 0.852863 0.644623 0.852863 0.644623 0.939414 0.565127 0.939414 0.565127 0.592186 0.587700 0.592186
3 0.290402 0.575229 0.290402 0.955199 0.298518 0.939414 0.298518 0.591048
3 0.290402 0.955199 0.747779 0.955199 0.747779 0.939414 0.298518 0.939414
1 0.392438 0.955199 0.440459 0.955199 0.440459 0.939414 0.392438 0.939414
3 0.747779 0.955199 0.747779 0.591478 0.738543 0.577128 0.738543 0.939414
2 0.747779 0.920233 0.747779 0.882965 0.738543 0.882965 0.738543 0.920233
2 0.747779 0.883616 0.747779 0.870399 0.738543 0.870399 0.738543 0.883616
1 0.747779 0.815734 0.747779 0.730819 0.738543 0.730819 0.738543 0.815734
1 0.747779 0.715967 0.747779 0.631788 0.738543 0.631788 0.738543 0.715967
3 0.747779 0.577128 0.290402 0.575229 0.298518 0.591048 0.738543 0.592875
1 0.384661 0.575621 0.336702 0.575420 0.336679 0.591206 0.384639 0.591407
1 0.471775 0.575980 0.442544 0.575861 0.442521 0.591646 0.471753 0.591765
1 0.533069 0.576238 0.503273 0.576114 0.503250 0.591899 0.533047 0.592024
3 0.290402 0.774779 0.377029 0.774779 0.377029 0.787440 0.290402 0.787440
3 0.377029 0.774779 0.424745 0.774779 0.431425 0.780519 0.377029 0.780519
2 0.398749 0.774779 0.423069 0.774779 0.423069 0.780519 0.398749 0.780519
2 0.378630 0.774779 0.398528 0.774779 0.398528 0.780519 0.378630 0.780519
3 0.424745 0.774779 0.424751 0.575789 0.431431 0.575789 0.431425 0.780519
3 0.377029 0.774779 0.377029 0.955199 0.368004 0.955199 0.368004 0.780519
2 0.377029 0.795835 0.377029 0.829137 0.368004 0.829137 0.368004 0.795835
3 0.424745 0.717449 0.482334 0.717449 0.482334 0.727117 0.424745 0.727117
3 0.488317 0.721377 0.488320 0.576052 0.482337 0.576052 0.482334 0.727117
2 0.488317 0.675709 0.488317 0.646641 0.482334 0.646641 0.482334 0.675709
3 0.561769 0.576353 0.561769 0.955199 0.565127 0.955199 0.565127 0.576353
2 0.561769 0.803130 0.561769 0.841149 0.565127 0.841149 0.565127 0.803130
2 0.561769 0.773377 0.561769 0.803130 0.565127 0.803130 0.565127 0.773377
3 0.482334 0.727117 0.565127 0.727117 0.565127 0.721377 0.488317 0.721377
2 0.535686 0.727117 0.557364 0.727117 0.557364 0.721377 0.535686 0.721377
3 0.644623 0.955199 0.644623 0.852863 0.647981 0.858603 0.647981 0.955199
3 0.644623 0.852863 0.747779 0.852863 0.747779 0.858603 0.647981 0.858603
2 0.693593 0.852863 0.719359 0.852863 0.719359 0.858603 0.693593 0.858603
3 0.436689 0.727117 0.436689 0.780519 0.430807 0.780519 0.430807 0.727117
3 0.738543 0.577128 0.780284 0.577128 0.780284 0.591478 0.747779 0.591478
3 0.747779 0.955199 0.783304 0.955199 0.783304 0.940849 0.747779 0.940849
0 0.220077 0.360110 0.220077 0.411321 0.177390 0.411321 0.177390 0.342071 0.209524 0.342071
0 0.318643 0.542152 0.198631 0.542152 0.198631 0.425193 0.318643 0.425193
0 0.173752 0.411321 0.056604 0.411321 0.056604 0.251914 0.173752 0.251914
0 0.173752 0.064576 0.173752 0.244738 0.056604 0.244738 0.056604 0.064433
0 0.495146 0.065399 0.495146 0.411321 0.306922 0.411321 0.306922 0.315299 0.303989 0.315299 0.303945 0.314404 0.319692 0.315299 0.319692 0.251914 0.319743 0.251914 0.319743 0.232407 0.319692 0.232407 0.319692 0.065054
0 0.319692 0.315299 0.303945 0.314404 0.303989 0.315299 0.284472 0.315299 0.284472 0.319097 0.303564 0.319097 0.303645 0.386500 0.303430 0.411321 0.223435 0.411321 0.223435 0.357732 0.210917 0.336331 0.177390 0.336331 0.177390 0.251914 0.319692 0.251914
0 0.274820 0.065054 0.315494 0.065054 0.315494 0.093827 0.319692 0.093827 0.319692 0.232407 0.315545 0.232407 0.315545 0.244738 0.186539 0.244738 0.186539 0.199454 0.177390 0.199454 0.177390 0.064576
3 0.048488 0.050542 0.048488 0.425193 0.056604 0.411321 0.056604 0.064433
3 0.048488 0.425193 0.503262 0.425193 0.495146 0.411321 0.056604 0.411321
2 0.239485 0.425193 0.266200 0.425193 0.266200 0.411321 0.239485 0.411321
1 0.393191 0.425193 0.430924 0.425193 0.430924 0.411321 0.393191 0.411321
1 0.224885 0.425193 0.239373 0.425193 0.239373 0.411321 0.224885 0.411321
1 0.266063 0.425193 0.281055 0.425193 0.281055 0.411321 0.266063 0.411321
1 0.103992 0.425193 0.142898 0.425193 0.142898 0.411321 0.103992 0.411321
3 0.503262 0.425193 0.503262 0.051546 0.495146 0.065399 0.495146 0.411321
1 0.503262 0.169031 0.503262 0.108081 0.495146 0.108081 0.495146 0.169031
1 0.503262 0.362186 0.503262 0.296945 0.495146 0.296945 0.495146 0.362186
3 0.503262 0.051546 0.048488 0.050542 0.056604 0.064433 0.495146 0.065399
1 0.153608 0.050776 0.116009 0.050690 0.115998 0.064562 0.153600 0.064648
1 0.266102 0.051020 0.227247 0.050939 0.227236 0.064810 0.266091 0.064892
1 0.361676 0.051235 0.323761 0.051149 0.323750 0.065021 0.361665 0.065107
1 0.446593 0.051422 0.407427 0.051336 0.407416 0.065207 0.446585 0.065294
3 0.173752 0.050819 0.173752 0.425193 0.177390 0.425193 0.177390 0.050819
2 0.173752 0.294462 0.173752 0.334748 0.177390 0.334748 0.177390 0.294462
2 0.173752 0.096735 0.173752 0.133735 0.177390 0.133735 0.177390 0.096735
3 0.315494 0.051130 0.315494 0.093827 0.319692 0.093827 0.319692 0.051130
3 0.048488 0.251914 0.319743 0.251914 0.315545 0.244738 0.048488 0.244738
2 0.273818 0.251914 0.302722 0.251914 0.302722 0.244738 0.273818 0.244738
3 0.319743 0.251914 0.319743 0.232407 0.315545 0.232407 0.315545 0.244738
3 0.173752 0.342071 0.209524 0.342071 0.210917 0.336331 0.173752 0.336331
3 0.209524 0.342071 0.220077 0.360110 0.223435 0.357732 0.210917 0.336331
2 0.209717 0.342397 0.220066 0.360086 0.222439 0.356029 0.212093 0.338340
3 0.220077 0.360110 0.220077 0.425193 0.223435 0.425193 0.223435 0.357732
3 0.284472 0.319097 0.303564 0.319097 0.306922 0.315299 0.284472 0.315299
3 0.306922 0.315299 0.306922 0.425193 0.303564 0.425193 0.303564 0.319097
3 0.186539 0.199454 0.186539 0.244738 0.176786 0.244738 0.176786 0.199454
3 0.195273 0.425193 0.195273 0.547892 0.198631 0.542152 0.198631 0.425193
1 0.195273 0.452846 0.195273 0.515092 0.198631 0.515092 0.198631 0.452846
3 0.195273 0.547892 0.322001 0.547892 0.318643 0.542152 0.198631 0.542152
1 0.225218 0.547892 0.243050 0.547892 0.243050 0.542152 0.225218 0.542152
1 0.275858 0.547892 0.294631 0.547892 0.294631 0.542152 0.275858 0.542152
2 0.253607 0.547892 0.276104 0.547892 0.276104 0.542152 0.253607 0.542152
2 0.243210 0.547892 0.253713 0.547892 0.253713 0.542152 0.243210 0.542152
3 0.322001 0.547892 0.322001 0.425193 0.318643 0.425193 0.318643 0.542152
1 0.322001 0.512016 0.322001 0.449645 0.318643 0.449645 0.318643 0.512016
0 0.698095 0.507855 0.698093 0.420758 0.786925 0.420639 0.786421 0.507855 0.698095 0.507855 0.698095 0.507855
0 0.823978 0.277624 0.788733 0.277624 0.788531 0.406796 0.698095 0.406796 0.698095 0.261662 0.685827 0.237774 0.673983 0.237774 0.673983 0.193656 0.664854 0.193656 0.664854 0.092803 0.824258 0.092803
0 0.982372 0.406796 0.792693 0.406796 0.792693 0.277624 0.823978 0.277624 0.824258 0.092803 0.824286 0.092803 0.824180 0.081318 0.824180 0.056444 0.982372 0.056315
0 0.820648 0.086585 0.546609 0.086585 0.546609 0.056951 0.820541 0.056444
0 0.661216 0.364448 0.546609 0.364448 0.546609 0.092803 0.661216 0.092803
0 0.661216 0.406796 0.546609 0.406796 0.546609 0.370667 0.661216 0.370667
0 0.694457 0.264006 0.694457 0.329209 0.664854 0.329209 0.664854 0.243992 0.684181 0.243992
0 0.694457 0.406796 0.664854 0.406796 0.664854 0.332079 0.694457 0.332079
3 0.538493 0.043094 0.538493 0.420668 0.546609 0.406796 0.546609 0.056951
1 0.538493 0.181789 0.538493 0.270277 0.546609 0.270277 0.546609 0.181789
3 0.538493 0.420668 0.990488 0.420668 0.982372 0.406796 0.546609 0.406796
2 0.754170 0.420668 0.780933 0.420668 0.780933 0.406796 0.754170 0.406796
1 0.701610 0.420668 0.753202 0.420668 0.753202 0.406796 0.701610 0.406796
3 0.990488 0.420668 0.990488 0.042429 0.982372 0.056315 0.982372 0.406796
1 0.990488 0.276735 0.990488 0.190600 0.982372 0.190600 0.982372 0.276735
3 0.990488 0.042429 0.538493 0.043094 0.546609 0.056951 0.982372 0.056315
3 0.538493 0.092803 0.824286 0.092803 0.820648 0.086585 0.538493 0.086585
3 0.824286 0.092803 0.824286 0.042673 0.820648 0.042673 0.820648 0.086585
3 0.661216 0.086585 0.661216 0.420668 0.664854 0.420668 0.664854 0.086585
2 0.661216 0.141828 0.661216 0.182415 0.664854 0.182415 0.664854 0.141828
2 0.661216 0.334470 0.661216 0.363893 0.664854 0.363893 0.664854 0.334470
3 0.661216 0.243992 0.684181 0.243992 0.685827 0.237774 0.661216 0.237774
3 0.684181 0.243992 0.694457 0.264006 0.698095 0.261662 0.685827 0.237774
2 0.684503 0.244624 0.694334 0.263762 0.697068 0.259663 0.687237 0.240519
3 0.694457 0.264006 0.694457 0.420668 0.698095 0.420668 0.698095 0.261662
3 0.538493 0.370667 0.664854 0.370667 0.664854 0.364448 0.538493 0.364448
3 0.661216 0.332079 0.698095 0.332079 0.698095 0.329209 0.661216 0.329209
3 0.673983 0.193656 0.673983 0.237774 0.664664 0.237774 0.664664 0.193656
