0 0.628736 0.362276 0.628736 0.248760 0.217993 0.248760 0.217993 0.361858 0.628736 0.362276 0.628736 0.362276
0 0.408724 0.923963 0.408724 1.000000 0.652636 1.000000 0.652636 0.923928 0.408724 0.923963 0.408724 0.923963
0 0.621174 0.622680 0.192214 0.622680 0.192214 0.380395 0.621174 0.380395
0 0.980780 0.622680 0.632844 0.622680 0.632844 0.380395 0.980780 0.380395
0 0.980780 0.906975 0.631268 0.906975 0.631268 0.706851 0.980780 0.706851
0 0.740720 0.701050 0.619598 0.701050 0.619598 0.839902 0.421655 0.839902 0.421655 0.628482 0.740720 0.628482
0 0.409985 0.814664 0.192214 0.814664 0.192214 0.696832 0.409985 0.696832
0 0.980780 0.701050 0.752389 0.701050 0.752389 0.628482 0.980780 0.628482
0 0.403975 0.905780 0.197174 0.905780 0.197174 0.822984 0.299588 0.822984 0.299588 0.820466 0.403975 0.820466
0 0.409985 0.691030 0.192214 0.691030 0.192214 0.628482 0.409985 0.628482
0 0.619598 0.906975 0.421655 0.906975 0.421655 0.845704 0.619598 0.845704
1 0.480762 0.361963 0.234412 0.361963 0.234412 0.380395 0.480762 0.380395
2 0.604323 0.361963 0.512994 0.361963 0.512994 0.380395 0.604323 0.380395
1 0.891085 0.361963 0.716878 0.361963 0.716878 0.380395 0.891085 0.380395
3 0.631268 0.924027 0.631268 0.706851 0.619598 0.701050 0.619598 0.924027
2 0.631268 0.792044 0.631268 0.742358 0.619598 0.742358 0.619598 0.792044
3 0.752389 0.706851 0.752389 0.622680 0.740720 0.628482 0.740720 0.706851
2 0.752389 0.675957 0.752389 0.631899 0.740720 0.631899 0.740720 0.675957
3 0.632844 0.628482 0.632844 0.361963 0.621174 0.361963 0.621174 0.628482
3 0.403975 0.845704 0.631268 0.845704 0.631268 0.839902 0.403975 0.839902
2 0.506623 0.845704 0.607298 0.845704 0.607298 0.839902 0.506623 0.839902
3 0.167707 0.820466 0.403975 0.820466 0.421655 0.814664 0.192214 0.814664
2 0.308329 0.820466 0.398537 0.820466 0.398537 0.814664 0.308329 0.814664
3 0.167707 0.924027 0.421655 0.924027 0.421655 0.905780 0.197174 0.905780
1 0.227877 0.924027 0.373948 0.924027 0.373948 0.905780 0.227877 0.905780
2 0.507346 0.924027 0.606913 0.924027 0.606913 0.906975 0.507346 0.906975
1 0.682861 0.924027 0.850836 0.924027 0.850836 0.906975 0.682861 0.906975
3 0.752389 0.622680 0.409985 0.622680 0.421655 0.628482 0.740720 0.628482
2 0.592163 0.622680 0.459593 0.622680 0.459593 0.628482 0.592163 0.628482
2 0.725736 0.622680 0.637488 0.622680 0.637488 0.628482 0.725736 0.628482
3 0.409985 0.622680 0.167707 0.622680 0.167707 0.628482 0.409985 0.628482
3 0.167707 0.361963 0.167707 0.820466 0.192214 0.820466 0.192214 0.380395
3 0.167707 0.820466 0.167707 0.924027 0.197174 0.905780 0.197174 0.820466
3 0.421655 0.924027 0.421655 0.814664 0.403975 0.820466 0.403975 0.924027
3 0.421655 0.814664 0.421655 0.628482 0.409985 0.622680 0.409985 0.814664
2 0.421655 0.687375 0.421655 0.651509 0.409985 0.651509 0.409985 0.687375
2 0.421655 0.779500 0.421655 0.732976 0.409985 0.732976 0.409985 0.779500
3 0.167707 0.696832 0.421655 0.696832 0.421655 0.691030 0.167707 0.691030
3 0.191829 0.361963 0.191829 0.253181 0.180159 0.253181 0.180159 0.361963
3 0.197174 0.822984 0.299588 0.822984 0.299588 0.820263 0.197174 0.820263
