0 0.411857 0.604430 0.086261 0.604430 0.086261 0.159370 0.411857 0.159370
0 0.634884 0.397996 0.481670 0.397996 0.481670 0.377702 0.436776 0.377702 0.436776 0.293449 0.421142 0.293449 0.421142 0.377702 0.420937 0.377702 0.420937 0.159370 0.412601 0.159370 0.412601 0.604430 0.411857 0.604430 0.411857 0.159370 0.634884 0.159370
0 0.869518 0.604430 0.643220 0.604430 0.643220 0.441714 0.690519 0.441714 0.690519 0.380868 0.643220 0.380868 0.643220 0.159370 0.869518 0.159370
0 0.634884 0.604430 0.481670 0.604430 0.481670 0.540522 0.420937 0.540522 0.420937 0.409179 0.634884 0.409179
0 0.475257 0.661758 0.481670 0.661758 0.481670 0.619055 0.568733 0.619055 0.568733 0.830548 0.420937 0.830548 0.420937 0.549125 0.475257 0.549125
0 0.696957 0.830548 0.577069 0.830548 0.577069 0.619055 0.696957 0.619055
0 0.412601 0.830548 0.305447 0.830548 0.305447 0.619055 0.412601 0.619055
0 0.990381 0.374184 0.878496 0.374184 0.878496 0.190038 0.990381 0.190038
3 0.086261 0.159370 0.869518 0.159370 0.879137 0.146467 0.074077 0.146467
1 0.746462 0.159370 0.814922 0.159370 0.814922 0.146467 0.746462 0.146467
1 0.819071 0.159370 0.845689 0.159370 0.845689 0.146467 0.819071 0.146467
1 0.486806 0.159370 0.558030 0.159370 0.558030 0.146467 0.486806 0.146467
1 0.207150 0.159370 0.280003 0.159370 0.280003 0.146467 0.207150 0.146467
3 0.869518 0.159370 0.869518 0.190038 0.879137 0.177135 0.879137 0.146467
1 0.957902 0.374184 0.917131 0.374184 0.917131 0.387088 0.957902 0.387088
3 0.869518 0.374184 0.869518 0.604430 0.879137 0.622496 0.879137 0.387088
3 0.869518 0.604430 0.696957 0.604430 0.707859 0.622496 0.879137 0.622496
1 0.783315 0.604430 0.714213 0.604430 0.714213 0.622496 0.783315 0.622496
3 0.696957 0.604430 0.696957 0.830548 0.707859 0.845172 0.707859 0.622496
3 0.696957 0.830548 0.305447 0.830548 0.294546 0.845172 0.707859 0.845172
1 0.463554 0.830548 0.447485 0.830548 0.447485 0.845172 0.463554 0.845172
1 0.553278 0.830548 0.536760 0.830548 0.536760 0.845172 0.553278 0.845172
2 0.531104 0.830548 0.470076 0.830548 0.470076 0.845172 0.531104 0.845172
1 0.683331 0.830548 0.653384 0.830548 0.653384 0.845172 0.683331 0.845172
3 0.305447 0.830548 0.305447 0.604430 0.294546 0.619055 0.294546 0.845172
3 0.305447 0.604430 0.086261 0.604430 0.074077 0.619055 0.294546 0.619055
1 0.278759 0.604430 0.206893 0.604430 0.206893 0.619055 0.278759 0.619055
3 0.086261 0.604430 0.086261 0.159370 0.074077 0.146467 0.074077 0.619055
1 0.086261 0.433369 0.086261 0.332453 0.074077 0.332453 0.074077 0.433369
3 0.305447 0.604430 0.412601 0.604430 0.420937 0.619055 0.305447 0.619055
3 0.481670 0.604430 0.696957 0.604430 0.696957 0.619055 0.481670 0.619055
2 0.586502 0.604430 0.627407 0.604430 0.627407 0.619055 0.586502 0.619055
2 0.489525 0.604430 0.561813 0.604430 0.561813 0.619055 0.489525 0.619055
3 0.420937 0.604430 0.420937 0.830548 0.412601 0.830548 0.412601 0.604430
3 0.420937 0.619055 0.420937 0.159370 0.412601 0.159370 0.412601 0.604430
2 0.420937 0.537778 0.420937 0.463977 0.412601 0.463977 0.412601 0.537778
2 0.420937 0.268700 0.420937 0.189496 0.412601 0.189496 0.412601 0.268700
3 0.412601 0.409179 0.481670 0.409179 0.481670 0.377702 0.412601 0.377702
3 0.481670 0.409179 0.634884 0.409179 0.643220 0.397996 0.481670 0.397996
2 0.499978 0.409179 0.556889 0.409179 0.556889 0.397996 0.499978 0.397996
3 0.643220 0.409179 0.643220 0.159370 0.634884 0.159370 0.634884 0.397996
2 0.643220 0.270644 0.643220 0.196439 0.634884 0.196439 0.634884 0.270644
3 0.643220 0.397996 0.643220 0.619055 0.634884 0.619055 0.634884 0.409179
2 0.643220 0.524401 0.643220 0.594830 0.634884 0.594830 0.634884 0.524401
3 0.568733 0.604430 0.568733 0.845172 0.577069 0.845172 0.577069 0.604430
3 0.436776 0.293449 0.436776 0.377702 0.421142 0.377702 0.421142 0.293449
3 0.690519 0.380868 0.690519 0.441714 0.642925 0.441714 0.642925 0.380868
3 0.420937 0.549125 0.475257 0.549125 0.481670 0.540522 0.420937 0.540522
2 0.424990 0.549125 0.465895 0.549125 0.465895 0.540522 0.424990 0.540522
3 0.481670 0.540522 0.481670 0.661758 0.475257 0.661758 0.475257 0.549125
3 0.869518 0.374184 0.869518 0.190038 0.878496 0.190038 0.878496 0.374184
2 0.869518 0.265336 0.869518 0.197402 0.878496 0.197402 0.878496 0.265336
