0 0.664119 0.375613 0.612267 0.375613 0.612267 0.512500 0.621738 0.512500 0.621738 0.384927 0.622303 0.384927 0.622303 0.577990 0.612267 0.577990 0.612267 0.613682 0.497190 0.613682 0.497190 0.578394 0.488291 0.578394 0.486805 0.345448 0.487920 0.345448 0.487920 0.514698 0.497524 0.514698 0.497524 0.338146 0.311869 0.338146 0.311869 0.268625 0.664119 0.268625
0 0.488291 0.578394 0.488396 0.663692 0.311282 0.663692 0.311282 0.459260 0.311594 0.459260 0.311594 0.348838 0.311869 0.348838 0.311869 0.345448 0.486805 0.345448
0 0.894088 0.663692 0.622303 0.663692 0.622303 0.384927 0.894088 0.384927
0 0.727724 0.677384 0.497190 0.676496 0.497190 0.788234 0.497190 0.806335 0.727724 0.806335 0.727724 0.677384 0.727724 0.677384
0 0.894088 0.375613 0.675270 0.375613 0.675270 0.084436 0.894088 0.084436
0 0.664119 0.259311 0.382603 0.259311 0.382603 0.084436 0.664119 0.084436
0 0.371452 0.259311 0.174222 0.259311 0.174222 0.084436 0.371452 0.084436
0 0.301647 0.663692 0.179084 0.663692 0.179084 0.459260 0.301647 0.459260
0 0.988849 0.990686 0.828818 0.990686 0.828818 0.845585 0.988849 0.845585
0 0.300443 0.449946 0.179084 0.449946 0.179827 0.348099 0.300443 0.348099
0 0.303461 0.338108 0.174222 0.338108 0.174222 0.268625 0.303461 0.268625
0 0.612267 0.663692 0.497190 0.663692 0.497190 0.618997 0.612267 0.618997
3 0.174222 0.084436 0.894088 0.084436 0.911372 0.070446 0.159295 0.070446
1 0.218350 0.084436 0.334030 0.084436 0.334030 0.070446 0.218350 0.070446
1 0.494819 0.084436 0.629797 0.084436 0.629797 0.070446 0.494819 0.070446
1 0.705578 0.084436 0.839129 0.084436 0.839129 0.070446 0.705578 0.070446
3 0.894088 0.084436 0.894088 0.663692 0.911372 0.678073 0.911372 0.070446
3 0.894088 0.663692 0.179084 0.663692 0.158982 0.678073 0.911372 0.678073
2 0.569909 0.663692 0.500907 0.663692 0.500907 0.678073 0.569909 0.678073
1 0.812635 0.663692 0.675530 0.663692 0.675530 0.678073 0.812635 0.678073
1 0.473669 0.663692 0.335977 0.663692 0.335977 0.678073 0.473669 0.678073
1 0.242101 0.663692 0.177203 0.663692 0.177203 0.678073 0.242101 0.678073
3 0.159295 0.070446 0.159295 0.344535 0.174222 0.344535 0.174222 0.084436
1 0.159295 0.281919 0.159295 0.319697 0.174222 0.319697 0.174222 0.281919
3 0.159414 0.344516 0.158982 0.678073 0.179084 0.663692 0.179500 0.344535
1 0.159205 0.508091 0.159153 0.545639 0.179240 0.545658 0.179285 0.508109
1 0.159354 0.391472 0.159310 0.428772 0.179389 0.428791 0.179441 0.391491
3 0.487920 0.338146 0.487920 0.514176 0.497524 0.514176 0.497524 0.338146
3 0.487883 0.578394 0.487883 0.676496 0.497190 0.676496 0.497190 0.578394
3 0.159272 0.459260 0.311594 0.459260 0.300443 0.449946 0.159272 0.449946
2 0.249097 0.459260 0.296466 0.459260 0.296466 0.449946 0.249097 0.449946
3 0.311594 0.459260 0.311594 0.338233 0.300443 0.338233 0.300443 0.449946
3 0.301647 0.449946 0.301647 0.676496 0.311282 0.676496 0.311282 0.449946
2 0.301647 0.516443 0.301647 0.561113 0.311282 0.561113 0.311282 0.516443
3 0.911372 0.375613 0.612267 0.375613 0.621738 0.384927 0.911372 0.384927
3 0.612267 0.375613 0.612267 0.512500 0.621738 0.512500 0.621738 0.384927
3 0.612267 0.577990 0.612267 0.676496 0.622303 0.676496 0.622303 0.577990
3 0.664119 0.070446 0.664119 0.384927 0.675270 0.384927 0.675270 0.070446
2 0.664119 0.282100 0.664119 0.333650 0.675270 0.333650 0.675270 0.282100
3 0.159295 0.268625 0.675270 0.268625 0.675270 0.259311 0.159295 0.259311
2 0.313951 0.268625 0.367512 0.268625 0.367512 0.259311 0.313951 0.259311
2 0.491384 0.268625 0.556163 0.268625 0.556163 0.259311 0.491384 0.259311
3 0.303461 0.259311 0.303461 0.348838 0.311869 0.348838 0.311869 0.259311
2 0.303461 0.295729 0.303461 0.334917 0.311869 0.334917 0.311869 0.295729
3 0.371452 0.070446 0.371452 0.268625 0.382603 0.268625 0.382603 0.070446
3 0.488396 0.618997 0.622303 0.618997 0.622303 0.613682 0.488396 0.613682
2 0.500788 0.618997 0.571366 0.618997 0.571366 0.613682 0.500788 0.613682
3 0.988849 0.845585 0.988849 0.990686 1.000000 1.000000 1.000000 0.836270
3 0.988849 0.990686 0.828818 0.990686 0.813601 1.000000 1.000000 1.000000
3 0.828818 0.990686 0.828818 0.845585 0.813601 0.836270 0.813601 1.000000
2 0.828818 0.967984 0.828818 0.922016 0.813601 0.922016 0.813601 0.967984
3 0.828818 0.845585 0.988849 0.845585 1.000000 0.836270 0.813601 0.836270
3 0.903381 0.663692 0.903381 0.845585 0.910369 0.845585 0.910369 0.663692
3 0.311594 0.338108 0.159376 0.338108 0.159376 0.348099 0.311594 0.348099
3 0.300443 0.345448 0.497524 0.345448 0.497524 0.338146 0.300443 0.338146
2 0.363275 0.345448 0.427445 0.345448 0.427445 0.338146 0.363275 0.338146
