0 0.450748 0.278695 0.450748 0.231590 0.638625 0.231590 0.638625 0.279101 0.450486 0.279204 0.450748 0.278695
0 0.066540 0.763350 0.066540 0.831671 0.523877 0.831671 0.523877 0.763507 0.066540 0.763350
0 0.958559 0.480466 0.478720 0.480466 0.478720 0.290770 0.958559 0.290770
0 0.958559 0.750152 0.516072 0.750152 0.516072 0.558544 0.958559 0.558544
0 0.466288 0.480466 0.076789 0.480466 0.076789 0.290770 0.466288 0.290770
0 0.636968 0.553656 0.507784 0.553656 0.507784 0.668197 0.293606 0.668197 0.293606 0.484865 0.636968 0.484865
0 0.291299 0.997067 0.066540 0.997067 0.066540 0.834404 0.291299 0.834404
0 0.279792 0.668339 0.076789 0.668339 0.076789 0.544881 0.279792 0.544881
0 0.958559 0.553656 0.646637 0.553656 0.646637 0.484865 0.958559 0.484865
0 0.325736 0.744232 0.089511 0.744232 0.089511 0.675182 0.325736 0.675182
0 0.507784 0.750152 0.345075 0.750152 0.345075 0.673085 0.507784 0.673085
0 0.279792 0.540481 0.076789 0.540481 0.076789 0.484865 0.279792 0.484865
3 0.958559 0.750152 0.958559 0.290770 1.000000 0.279037 1.000000 0.763350
3 0.958559 0.290770 0.076789 0.290770 0.047781 0.279037 1.000000 0.279037
1 0.273120 0.290770 0.158413 0.290770 0.158413 0.279037 0.273120 0.279037
1 0.434807 0.290770 0.277264 0.290770 0.277264 0.279037 0.434807 0.279037
1 0.839031 0.290770 0.638653 0.290770 0.638653 0.279037 0.839031 0.279037
2 0.592350 0.290770 0.484563 0.290770 0.484563 0.279037 0.592350 0.279037
3 0.516072 0.763350 0.516072 0.558544 0.507784 0.553656 0.507784 0.763350
3 0.507784 0.553656 1.000000 0.553656 1.000000 0.558544 0.516072 0.558544
2 0.521694 0.553656 0.631553 0.553656 0.631553 0.558544 0.521694 0.558544
3 0.047781 0.484865 1.000000 0.484865 1.000000 0.480466 0.047781 0.480466
2 0.364414 0.484865 0.460956 0.484865 0.460956 0.480466 0.364414 0.480466
2 0.483762 0.484865 0.580540 0.484865 0.580540 0.480466 0.483762 0.480466
3 0.466288 0.279037 0.466288 0.484865 0.478720 0.484865 0.478720 0.279037
3 0.636968 0.484865 0.636968 0.558544 0.646637 0.558544 0.646637 0.484865
2 0.636968 0.508716 0.636968 0.537876 0.646637 0.537876 0.646637 0.508716
3 0.279792 0.484865 0.279792 0.668339 0.293606 0.675182 0.293606 0.484865
2 0.279792 0.511028 0.279792 0.539264 0.293606 0.539264 0.293606 0.511028
2 0.279792 0.639003 0.279792 0.667004 0.293606 0.667004 0.293606 0.639003
3 0.089511 0.744232 0.345075 0.744232 0.345075 0.763350 0.047781 0.763350
1 0.203956 0.744232 0.282071 0.744232 0.282071 0.763350 0.203956 0.763350
3 0.345075 0.750152 0.958559 0.750152 1.000000 0.763350 0.345075 0.763350
1 0.548851 0.750152 0.830881 0.750152 0.830881 0.763350 0.548851 0.763350
2 0.378310 0.750152 0.503129 0.750152 0.503129 0.763350 0.378310 0.763350
3 0.279792 0.675182 0.325736 0.675182 0.325736 0.668197 0.279792 0.668197
3 0.325736 0.673085 0.516072 0.673085 0.516072 0.668197 0.325736 0.668197
2 0.379139 0.673085 0.498805 0.673085 0.498805 0.668197 0.379139 0.668197
3 0.345075 0.668197 0.345075 0.750152 0.325736 0.750152 0.325736 0.673085
3 0.076789 0.290770 0.076789 0.675182 0.047781 0.675182 0.047781 0.279037
3 0.089511 0.675182 0.089511 0.744232 0.047781 0.763350 0.047781 0.675182
3 0.293606 0.675182 0.076789 0.675182 0.076789 0.668339 0.279792 0.668339
2 0.273852 0.675182 0.182960 0.675182 0.182960 0.668339 0.273852 0.668339
3 0.047781 0.544881 0.293606 0.544881 0.293606 0.540481 0.047781 0.540481
3 1.000000 0.279037 1.000000 0.084819 0.950271 0.084819 0.950271 0.279037
3 0.066540 0.763350 0.066540 0.997067 0.058251 1.000000 0.058251 0.763350
3 0.058251 1.000000 0.299587 1.000000 0.291299 0.997067 0.066540 0.997067
3 0.299587 1.000000 0.299587 0.831471 0.291299 0.834404 0.291299 0.997067
3 0.291299 0.834404 0.058251 0.834404 0.058251 0.831471 0.299587 0.831471
2 0.285884 0.834404 0.182987 0.834404 0.182987 0.831471 0.285884 0.831471
