0 0.763611 0.651925 0.610200 0.651925 0.610200 0.571371 0.763611 0.571371
0 0.198297 0.854121 0.022701 0.854121 0.022701 0.777265 0.198297 0.777265
0 0.964949 0.651925 0.774951 0.651925 0.774951 0.571371 0.964949 0.571371
0 0.863249 0.958100 0.624633 0.958100 0.624633 0.876077 0.863249 0.876077
0 0.204482 0.767550 0.018144 0.767550 0.018144 0.641701 0.204482 0.641701
0 0.450243 0.748280 0.386511 0.748280 0.386511 0.856647 0.215823 0.856647 0.215823 0.641701 0.450243 0.641701
0 0.964949 0.565084 0.610200 0.565084 0.610200 0.393164 0.964949 0.393164
0 0.964949 0.386878 0.610200 0.386878 0.610200 0.214289 0.964949 0.214289
0 0.964949 0.856647 0.610200 0.856647 0.610200 0.658211 0.964949 0.658211
0 0.598860 0.856647 0.397852 0.856647 0.397852 0.754566 0.461583 0.754566 0.461583 0.635918 0.598860 0.635918
0 0.598860 0.635918 0.461583 0.635918 0.461583 0.635415 0.018144 0.635415 0.018144 0.433675 0.598860 0.433675
0 0.598860 0.433675 0.018144 0.433675 0.018144 0.214289 0.598860 0.214289
0 0.255410 0.965460 0.607231 0.965460 0.607107 0.876077 0.000619 0.876077 0.254307 0.876077 0.254049 0.965266 0.255410 0.965460
3 0.018144 0.214289 0.964949 0.214289 1.000000 0.194859 0.000619 0.194859
2 0.471902 0.214289 0.554015 0.214289 0.554015 0.194859 0.471902 0.194859
1 0.085339 0.214289 0.196122 0.214289 0.196122 0.194859 0.085339 0.194859
1 0.214709 0.214289 0.326265 0.214289 0.326265 0.194859 0.214709 0.194859
1 0.339429 0.214289 0.449428 0.214289 0.449428 0.194859 0.339429 0.194859
3 0.964949 0.214289 0.964949 0.856647 1.000000 0.876077 1.000000 0.194859
1 0.964949 0.707826 0.964949 0.795426 1.000000 0.795426 1.000000 0.707826
1 0.964949 0.450602 0.964949 0.525750 1.000000 0.525750 1.000000 0.450602
1 0.964949 0.274110 0.964949 0.351836 1.000000 0.351836 1.000000 0.274110
3 0.964949 0.856647 0.215823 0.856647 0.215823 0.876077 1.000000 0.876077
2 0.573809 0.856647 0.480490 0.856647 0.480490 0.876077 0.573809 0.876077
2 0.372749 0.856647 0.290018 0.856647 0.290018 0.876077 0.372749 0.876077
3 0.215823 0.854121 0.022701 0.854121 0.000619 0.876077 0.215823 0.876077
1 0.136473 0.854121 0.083793 0.854121 0.083793 0.876077 0.136473 0.876077
3 0.022701 0.854121 0.022701 0.767550 0.000619 0.767550 0.000619 0.876077
3 0.018144 0.767550 0.018144 0.214289 0.000619 0.194859 0.000619 0.767550
3 0.000619 0.767550 0.204482 0.767550 0.215823 0.777265 0.000619 0.777265
2 0.118978 0.767550 0.199287 0.767550 0.199287 0.777265 0.118978 0.777265
3 0.215823 0.767550 0.215823 0.876077 0.198297 0.876077 0.198297 0.777265
3 0.880774 0.876077 0.880774 0.967815 0.863249 0.958100 0.863249 0.876077
3 0.610200 0.194859 0.610200 0.876077 0.598860 0.876077 0.598860 0.194859
2 0.610200 0.334663 0.610200 0.381038 0.598860 0.381038 0.598860 0.334663
2 0.610200 0.513241 0.610200 0.558684 0.598860 0.558684 0.598860 0.513241
2 0.610200 0.600544 0.610200 0.645873 0.598860 0.645873 0.598860 0.600544
2 0.610200 0.664006 0.610200 0.709597 0.598860 0.709597 0.598860 0.664006
3 0.598860 0.565084 1.000000 0.565084 1.000000 0.571371 0.598860 0.571371
3 0.598860 0.651925 1.000000 0.651925 1.000000 0.658211 0.598860 0.658211
2 0.828260 0.651925 0.909547 0.651925 0.909547 0.658211 0.828260 0.658211
3 0.763611 0.565084 0.763611 0.658211 0.774951 0.658211 0.774951 0.565084
3 0.598860 0.386878 1.000000 0.386878 1.000000 0.393164 0.598860 0.393164
3 0.000619 0.635415 0.461583 0.635415 0.450243 0.641701 0.000619 0.641701
3 0.461583 0.635415 0.461583 0.754566 0.450243 0.748280 0.450243 0.641701
2 0.461583 0.696219 0.461583 0.741982 0.450243 0.741982 0.450243 0.696219
3 0.461583 0.754566 0.397852 0.754566 0.386511 0.748280 0.450243 0.748280
3 0.397852 0.754566 0.397852 0.876077 0.386511 0.876077 0.386511 0.748280
3 0.215823 0.777265 0.215823 0.635415 0.204482 0.635415 0.204482 0.767550
2 0.215823 0.736982 0.215823 0.690064 0.204482 0.690064 0.204482 0.736982
3 0.863249 0.958100 0.624633 0.958100 0.607107 0.967815 0.880774 0.967815
3 0.624633 0.958100 0.624633 0.876077 0.607107 0.876077 0.607107 0.967815
2 0.624633 0.952865 0.624633 0.907268 0.607107 0.907268 0.607107 0.952865
