0 0.578617 0.493100 0.918728 0.489313 0.918728 0.492504 0.653794 0.492504 0.653794 0.660161 0.435108 0.660161 0.435108 0.856156 0.144049 0.856156 0.144049 0.109947 0.579368 0.109947
0 0.579249 0.680018 0.763005 0.680018 0.763005 0.856156 0.575761 0.856156 0.575761 0.942403 0.499953 0.942403 0.499953 0.856156 0.446953 0.856156 0.446953 0.660161 0.579249 0.660161
0 0.918728 0.489313 0.578617 0.493100 0.579368 0.110627 0.579368 0.492504 0.601742 0.492504 0.601742 0.109947 0.918728 0.109947
0 0.918728 0.660161 0.666955 0.660161 0.666955 0.506687 0.918728 0.506687
3 0.144049 0.109947 0.144049 0.856156 0.121675 0.880267 0.121675 0.063143
3 0.144049 0.856156 0.499953 0.856156 0.477579 0.880267 0.121675 0.880267
3 0.499953 0.856156 0.499953 0.942403 0.477579 0.963677 0.477579 0.880267
3 0.499953 0.942403 0.575761 0.942403 0.595503 0.963677 0.477579 0.963677
3 0.575761 0.942403 0.575761 0.856156 0.595503 0.877431 0.595503 0.963677
3 0.575761 0.856156 0.763005 0.856156 0.793276 0.877431 0.595503 0.877431
2 0.603150 0.856156 0.716889 0.856156 0.716889 0.877431 0.603150 0.877431
3 0.763005 0.856156 0.763005 0.660161 0.793276 0.680018 0.793276 0.877431
3 0.763005 0.660161 0.918728 0.660161 0.937154 0.680018 0.793276 0.680018
3 0.918728 0.660161 0.918728 0.109947 0.937154 0.063143 0.937154 0.680018
3 0.918728 0.109947 0.144049 0.109947 0.121675 0.063143 0.937154 0.063143
1 0.451796 0.109947 0.200089 0.109947 0.200089 0.063143 0.451796 0.063143
1 0.834273 0.109947 0.641067 0.109947 0.641067 0.063143 0.834273 0.063143
3 0.446953 0.660161 0.446953 0.856156 0.435108 0.856156 0.435108 0.660161
3 0.763005 0.660161 0.579249 0.660161 0.579249 0.680018 0.763005 0.680018
2 0.756820 0.660161 0.673273 0.660161 0.673273 0.680018 0.756820 0.680018
3 0.918728 0.506687 0.666955 0.506687 0.653794 0.492504 0.918728 0.492504
3 0.666955 0.506687 0.666955 0.660161 0.653794 0.660161 0.653794 0.492504
3 0.601742 0.109947 0.601742 0.492504 0.579368 0.492504 0.579368 0.109947
2 0.601742 0.263875 0.601742 0.368148 0.579368 0.368148 0.579368 0.263875
