0 0.318637 0.708831 0.242965 0.708690 0.242965 0.579010 0.318637 0.579010
0 0.336228 0.736100 0.331239 0.736100 0.331239 0.551565 0.230363 0.551565 0.230363 0.736114 0.278024 0.736114 0.278024 0.736205 0.085740 0.736205 0.085740 0.736212 0.032122 0.736212 0.032348 0.156499 0.336228 0.156499
0 0.185786 0.940487 0.093495 0.940487 0.093495 0.753095 0.185786 0.753095
0 0.278024 0.940487 0.191602 0.940487 0.191602 0.753095 0.278024 0.753095
3 0.032348 0.156499 0.336228 0.156499 0.348830 0.129054 0.020079 0.129054
3 0.336228 0.156499 0.336228 0.736100 0.348830 0.749470 0.348830 0.129054
3 0.336228 0.736100 0.278024 0.736100 0.284810 0.749470 0.348830 0.749470
3 0.278024 0.736100 0.278024 0.940487 0.284810 0.955265 0.284810 0.749470
3 0.278024 0.940487 0.093495 0.940487 0.085740 0.955265 0.284810 0.955265
3 0.093495 0.940487 0.093495 0.736212 0.085740 0.753102 0.085740 0.955265
3 0.093495 0.736212 0.032122 0.736212 0.019836 0.753102 0.085740 0.753102
3 0.032122 0.736212 0.032348 0.156499 0.020079 0.129054 0.019836 0.753102
3 0.085740 0.753095 0.284810 0.753095 0.284810 0.736205 0.085740 0.736205
3 0.191602 0.955265 0.191602 0.736205 0.185786 0.736205 0.185786 0.955265
3 0.242965 0.708690 0.242965 0.579010 0.230363 0.551565 0.230363 0.736114
3 0.242965 0.579010 0.318637 0.579010 0.331239 0.551565 0.230363 0.551565
3 0.318637 0.579010 0.318637 0.708831 0.331239 0.736297 0.331239 0.551565
3 0.318637 0.708831 0.242965 0.708690 0.230363 0.736114 0.331239 0.736297
0 0.511257 1.000000 0.564843 1.000000 0.564843 0.935849 0.511257 0.936201 0.511257 1.000000 0.511257 1.000000
0 0.510827 0.915090 0.417057 0.915090 0.417057 0.696467 0.510827 0.696467
0 0.506045 0.512607 0.514339 0.512607 0.514339 0.622084 0.514191 0.693342 0.510827 0.693342 0.510827 0.696467 0.367325 0.696467 0.367325 0.429027 0.506045 0.429027
0 0.601243 0.915090 0.515351 0.915090 0.515351 0.693342 0.514191 0.693342 0.514339 0.622316 0.518863 0.622316 0.518863 0.538595 0.601243 0.538595
0 0.524392 0.419175 0.455017 0.419175 0.455017 0.429027 0.406035 0.429027 0.406035 0.419175 0.367325 0.419175 0.367222 0.156098 0.524392 0.156098
0 0.648270 0.386853 0.528915 0.386853 0.528915 0.297960 0.524392 0.297960 0.524392 0.228658 0.528915 0.228658 0.528915 0.156098 0.648270 0.156098
0 0.595307 0.529447 0.528915 0.529447 0.528915 0.396705 0.595307 0.396705
0 0.648270 0.695686 0.605444 0.695686 0.605444 0.538595 0.648270 0.538595
0 0.648270 0.529447 0.599508 0.529447 0.599508 0.396705 0.648270 0.396705
3 0.367222 0.156098 0.648270 0.156098 0.659903 0.128653 0.354614 0.128653
1 0.559237 0.156098 0.612123 0.156098 0.612123 0.128653 0.559237 0.128653
3 0.648270 0.156098 0.648270 0.695686 0.659903 0.721723 0.659903 0.128653
1 0.648270 0.438027 0.648270 0.478737 0.659903 0.478737 0.659903 0.438027
1 0.648270 0.546941 0.648270 0.590790 0.659903 0.590790 0.659903 0.546941
3 0.648270 0.695686 0.601243 0.695686 0.611260 0.721723 0.659903 0.721723
3 0.601243 0.695686 0.601243 0.915090 0.611260 0.936201 0.611260 0.721723
3 0.601243 0.915090 0.417057 0.915090 0.406394 0.936201 0.611260 0.936201
2 0.549321 0.915090 0.521538 0.915090 0.521538 0.936201 0.549321 0.936201
1 0.573222 0.915090 0.554352 0.915090 0.554352 0.936201 0.573222 0.936201
1 0.496067 0.915090 0.467448 0.915090 0.467448 0.936201 0.496067 0.936201
1 0.463674 0.915090 0.434948 0.915090 0.434948 0.936201 0.463674 0.936201
3 0.417057 0.915090 0.417057 0.696467 0.406394 0.721097 0.406394 0.936201
1 0.417057 0.880988 0.417057 0.821172 0.406394 0.821172 0.406394 0.880988
3 0.417057 0.696467 0.367325 0.696467 0.354727 0.721097 0.406394 0.721097
3 0.367325 0.696467 0.367222 0.156098 0.354614 0.128653 0.354727 0.721097
1 0.367309 0.619318 0.367293 0.523972 0.354691 0.523979 0.354707 0.619325
1 0.367264 0.369120 0.367241 0.255681 0.354639 0.255688 0.354662 0.369134
3 0.601243 0.721723 0.601243 0.538595 0.605444 0.529447 0.605444 0.721723
2 0.601243 0.629339 0.601243 0.571283 0.605444 0.571283 0.605444 0.629339
3 0.605444 0.538595 0.659903 0.538595 0.659903 0.529447 0.605444 0.529447
3 0.601243 0.538595 0.514339 0.538595 0.524560 0.529447 0.605444 0.529447
2 0.590231 0.538595 0.565376 0.538595 0.565376 0.529447 0.590231 0.529447
3 0.514339 0.529447 0.514339 0.622316 0.518863 0.622316 0.518863 0.538595
3 0.528915 0.538595 0.528915 0.297960 0.524392 0.297960 0.524392 0.538595
3 0.528915 0.228658 0.528915 0.128653 0.524392 0.128653 0.524392 0.228658
3 0.524392 0.396705 0.659903 0.396705 0.659903 0.386853 0.524392 0.386853
2 0.557838 0.396705 0.585394 0.396705 0.585394 0.386853 0.557838 0.386853
3 0.595307 0.538595 0.595307 0.386853 0.599508 0.386853 0.599508 0.538595
2 0.595307 0.471587 0.595307 0.423580 0.599508 0.423580 0.599508 0.471587
3 0.528915 0.419175 0.455017 0.419175 0.455017 0.429027 0.528915 0.429027
3 0.406035 0.419175 0.354669 0.419175 0.354669 0.429027 0.406035 0.429027
3 0.515351 0.936201 0.515351 0.693342 0.510827 0.693342 0.510827 0.936201
3 0.524560 0.529447 0.524560 0.419175 0.514339 0.419175 0.514339 0.538595
3 0.506045 0.429027 0.506045 0.512607 0.514414 0.512607 0.514414 0.429027
0 0.742418 0.721927 0.742418 0.919650 0.833048 0.919650 0.833048 0.721927 0.742418 0.721927 0.742418 0.721927
0 0.975215 0.251719 0.946631 0.251719 0.946631 0.263682 0.856532 0.263893 0.856532 0.263682 0.883713 0.263682 0.883713 0.156900 0.975215 0.156900
0 0.975215 0.529236 0.856532 0.529236 0.856532 0.263893 0.946631 0.263682 0.975215 0.263682
0 0.851039 0.419111 0.833174 0.419111 0.833174 0.539088 0.833274 0.539088 0.816795 0.606588 0.816795 0.610198 0.694671 0.610198 0.694671 0.263682 0.851039 0.263682
0 0.922617 0.695707 0.902383 0.695707 0.902383 0.709781 0.928598 0.709781 0.928598 0.915428 0.842741 0.915428 0.842741 0.695890 0.821964 0.695890 0.821964 0.609375 0.839090 0.539088 0.922617 0.539088
0 0.879836 0.251719 0.694671 0.251719 0.694625 0.156900 0.879836 0.156900
0 0.816795 0.695890 0.694671 0.695890 0.694671 0.621458 0.816795 0.621458
0 0.975215 0.695707 0.925525 0.695707 0.925525 0.539088 0.975215 0.539088
3 0.694625 0.156900 0.975215 0.156900 0.987170 0.128752 0.682990 0.128752
3 0.975215 0.156900 0.975215 0.695707 0.987170 0.721744 0.987170 0.128752
1 0.975215 0.361541 0.975215 0.489877 0.987170 0.489877 0.987170 0.361541
1 0.975215 0.546477 0.975215 0.589629 0.987170 0.589629 0.987170 0.546477
3 0.975215 0.695707 0.928598 0.695707 0.938615 0.721744 0.987170 0.721744
3 0.928598 0.695707 0.928598 0.915428 0.938615 0.936539 0.938615 0.721744
1 0.928598 0.841256 0.928598 0.882733 0.938615 0.882733 0.938615 0.841256
3 0.928598 0.915428 0.842741 0.915428 0.833048 0.936539 0.938615 0.936539
1 0.885445 0.915428 0.856884 0.915428 0.856884 0.936539 0.885445 0.936539
3 0.842741 0.915428 0.842741 0.695890 0.833048 0.721927 0.833048 0.936539
2 0.842741 0.786556 0.842741 0.727754 0.833048 0.727754 0.833048 0.786556
1 0.842741 0.883852 0.842741 0.820525 0.833048 0.820525 0.833048 0.883852
3 0.842741 0.695890 0.694671 0.695890 0.683041 0.721927 0.833048 0.721927
3 0.694671 0.695890 0.694625 0.156900 0.682990 0.128752 0.683041 0.721927
1 0.694654 0.490855 0.694641 0.361379 0.683009 0.361386 0.683022 0.490862
3 0.683003 0.263682 0.883713 0.263682 0.879836 0.251719 0.683003 0.251719
3 0.883713 0.263682 0.883713 0.128752 0.879836 0.128752 0.879836 0.251719
2 0.883713 0.247454 0.883713 0.204028 0.879836 0.204028 0.879836 0.247454
3 0.856532 0.251719 0.856532 0.419111 0.851039 0.419111 0.851039 0.251719
3 0.856532 0.419111 0.856532 0.529236 0.833174 0.539088 0.833174 0.419111
3 0.833174 0.539088 0.987170 0.539088 0.987170 0.529236 0.856532 0.529236
2 0.888334 0.539088 0.915657 0.539088 0.915657 0.529236 0.888334 0.529236
3 0.821964 0.721927 0.821964 0.609375 0.816795 0.606588 0.816795 0.721927
2 0.821964 0.668480 0.821964 0.624491 0.816795 0.624491 0.816795 0.668480
3 0.821964 0.609375 0.839620 0.536371 0.835048 0.531122 0.816795 0.606588
2 0.822704 0.606314 0.835568 0.553127 0.830992 0.547884 0.818132 0.601071
3 0.821964 0.610198 0.683032 0.610198 0.683032 0.621458 0.821964 0.621458
3 0.938615 0.695707 0.902383 0.695707 0.902383 0.709781 0.938615 0.709781
3 0.922617 0.709781 0.922617 0.529236 0.925525 0.529236 0.925525 0.709781
2 0.922617 0.587799 0.922617 0.542635 0.925525 0.542635 0.925525 0.587799
3 0.946631 0.263682 0.987170 0.263682 0.987170 0.251719 0.946631 0.251719
