0 0.143106 0.514784 0.087730 0.514784 0.087730 0.404346 0.143106 0.404346
0 0.206595 0.514784 0.143106 0.514784 0.143106 0.404346 0.206595 0.404346
0 0.299084 0.514784 0.210992 0.514784 0.210992 0.459092 0.206595 0.459092 0.206595 0.404346 0.299084 0.404346
0 0.299084 0.221198 0.303905 0.221198 0.303905 0.346661 0.299084 0.346661 0.299084 0.397768 0.287311 0.397768 0.287311 0.404346 0.248693 0.404346 0.248693 0.397768 0.087730 0.397768 0.087730 0.059390 0.299084 0.059390
0 0.606166 0.079046 0.606036 0.079046 0.606036 0.138396 0.605978 0.138396 0.605978 0.446501 0.398380 0.446501 0.398380 0.415076 0.386954 0.415076 0.386954 0.514784 0.303905 0.514784 0.303905 0.059390 0.606166 0.059390
0 0.761301 0.547590 0.694465 0.547590 0.694465 0.673672 0.682629 0.678612 0.656952 0.687098 0.628339 0.687098 0.628339 0.628781 0.628324 0.613953 0.628324 0.551853 0.557617 0.551853 0.557617 0.542269 0.552796 0.542269 0.552796 0.558432 0.560568 0.558432 0.560568 0.720687 0.518214 0.720687 0.518214 0.628781 0.472013 0.628781 0.472013 0.466236 0.506296 0.466236 0.506296 0.454118 0.550526 0.454118 0.550526 0.465723 0.559951 0.465723 0.559951 0.454118 0.629674 0.454118 0.629674 0.385124 0.761301 0.385124
0 0.976376 0.460368 0.881718 0.460368 0.881718 0.466992 0.765765 0.466992 0.765765 0.385124 0.774896 0.385124 0.774896 0.059390 0.976376 0.059390
0 0.513533 0.959502 0.355602 0.959502 0.326892 0.908723 0.314950 0.908723 0.314950 0.660173 0.349330 0.660173 0.349330 0.647582 0.513533 0.647582
0 0.769559 0.379447 0.629674 0.379447 0.629674 0.138396 0.612959 0.138396 0.612959 0.079046 0.630156 0.079046 0.630156 0.059390 0.769559 0.059390
0 0.616392 0.894080 0.623016 0.894080 0.635069 0.959502 0.518214 0.959502 0.518214 0.726581 0.616392 0.726581
0 0.467612 0.628781 0.349330 0.628781 0.349330 0.534519 0.401417 0.534519 0.401417 0.466236 0.467612 0.466236
0 0.829447 0.539440 0.825123 0.539440 0.825123 0.547998 0.775340 0.547998 0.775340 0.547590 0.765765 0.547590 0.765765 0.473873 0.829447 0.473873
0 0.590849 0.632090 0.610500 0.632109 0.610500 0.720687 0.563943 0.720687 0.563943 0.632090
0 0.881718 0.539440 0.834804 0.539440 0.834804 0.473873 0.881718 0.473873
0 0.624949 0.613953 0.610500 0.613953 0.610500 0.627504 0.595728 0.627504 0.595728 0.558912 0.624949 0.558912
0 0.590849 0.627504 0.563943 0.627504 0.563943 0.558912 0.590849 0.558912
0 0.349373 0.959502 0.314950 0.959502 0.314950 0.915302 0.324525 0.915302
3 0.976376 0.059390 0.976376 0.460368 1.000000 0.480103 1.000000 0.021018
3 0.976376 0.460368 0.881718 0.460368 0.894562 0.480103 1.000000 0.480103
3 0.881718 0.460368 0.881718 0.539440 0.894562 0.560556 0.894562 0.480103
3 0.881718 0.539440 0.825123 0.539440 0.825123 0.560556 0.894562 0.560556
3 0.825123 0.547998 0.775340 0.547998 0.775340 0.560609 0.825123 0.560609
2 0.822973 0.547998 0.781617 0.547998 0.781617 0.560609 0.822973 0.560609
3 0.775340 0.547590 0.694465 0.547590 0.708929 0.560616 0.775340 0.560616
3 0.694465 0.547590 0.694465 0.673672 0.708929 0.688269 0.708929 0.560616
2 0.694465 0.582206 0.694465 0.648759 0.708929 0.648759 0.708929 0.582206
3 0.694465 0.673672 0.682629 0.678612 0.686453 0.697656 0.708929 0.688269
3 0.682629 0.678612 0.656952 0.687098 0.658678 0.706833 0.686453 0.697656
3 0.656952 0.687098 0.629139 0.687098 0.629139 0.706833 0.658678 0.706833
3 0.629139 0.687098 0.610500 0.687098 0.635378 0.706833 0.629139 0.706833
3 0.610500 0.687098 0.610500 0.726581 0.635378 0.726581 0.635378 0.706833
3 0.616392 0.726581 0.616392 0.894080 0.635474 0.894080 0.635474 0.726581
3 0.314950 0.959502 0.314950 0.660173 0.300487 0.628781 0.300487 0.999998
3 0.314950 0.660173 0.349330 0.660173 0.340093 0.628781 0.300487 0.628781
3 0.349330 0.660173 0.349330 0.514784 0.340093 0.540703 0.340093 0.628781
3 0.349330 0.514784 0.087730 0.514784 0.064459 0.540703 0.340093 0.540703
3 0.087730 0.514784 0.087730 0.059390 0.064459 0.021018 0.064459 0.540703
3 0.087730 0.059390 0.976376 0.059390 1.000000 0.021018 0.064459 0.021018
1 0.261537 0.059390 0.298833 0.059390 0.298833 0.021018 0.261537 0.021018
1 0.216546 0.059390 0.254098 0.059390 0.254098 0.021018 0.216546 0.021018
1 0.171184 0.059390 0.208861 0.059390 0.208861 0.021018 0.171184 0.021018
1 0.438333 0.059390 0.476135 0.059390 0.476135 0.021018 0.438333 0.021018
1 0.484833 0.059390 0.522254 0.059390 0.522254 0.021018 0.484833 0.021018
1 0.529563 0.059390 0.567621 0.059390 0.567621 0.021018 0.529563 0.021018
1 0.643231 0.059390 0.682167 0.059390 0.682167 0.021018 0.643231 0.021018
1 0.689726 0.059390 0.726777 0.059390 0.726777 0.021018 0.689726 0.021018
1 0.808683 0.059390 0.845733 0.059390 0.845733 0.021018 0.808683 0.021018
1 0.853544 0.059390 0.891727 0.059390 0.891727 0.021018 0.853544 0.021018
1 0.898910 0.059390 0.936964 0.059390 0.936964 0.021018 0.898910 0.021018
3 0.518214 0.997985 0.518214 0.628781 0.513533 0.647582 0.513533 0.997985
2 0.518214 0.712352 0.518214 0.660482 0.513533 0.660482 0.513533 0.712352
3 0.518214 0.628781 0.349330 0.628781 0.349330 0.647582 0.513533 0.647582
3 0.624964 0.726581 0.513533 0.726581 0.513533 0.720687 0.624964 0.720687
2 0.554792 0.726581 0.520167 0.726581 0.520167 0.720687 0.554792 0.720687
3 0.349330 0.514784 0.386954 0.514784 0.401417 0.534519 0.349330 0.534519
3 0.401417 0.534519 0.401417 0.446501 0.386954 0.446501 0.386954 0.514784
3 0.401417 0.466236 0.506296 0.466236 0.506296 0.446501 0.386954 0.446501
3 0.506296 0.454118 0.629674 0.454118 0.605978 0.446501 0.506296 0.446501
2 0.508987 0.454118 0.547310 0.454118 0.547310 0.446501 0.508987 0.446501
2 0.561561 0.454118 0.599764 0.454118 0.599764 0.446501 0.561561 0.446501
3 0.629674 0.454118 0.629674 0.138396 0.605978 0.138396 0.605978 0.446501
3 0.630156 0.079046 0.630156 0.021018 0.606166 0.021018 0.606166 0.079046
3 0.606036 0.079046 0.606036 0.138396 0.612959 0.138396 0.612959 0.079046
2 0.606036 0.081269 0.606036 0.134008 0.612959 0.134008 0.612959 0.081269
3 0.610500 0.687098 0.610500 0.613953 0.628339 0.613953 0.628339 0.687098
3 0.563943 0.726581 0.563943 0.551853 0.560568 0.558432 0.560568 0.726581
2 0.563943 0.608671 0.563943 0.569352 0.560568 0.569352 0.560568 0.608671
2 0.563943 0.695018 0.563943 0.649443 0.560568 0.649443 0.560568 0.695018
3 0.563943 0.558912 0.624949 0.558912 0.628324 0.551853 0.563943 0.551853
3 0.624949 0.558912 0.624949 0.613953 0.628324 0.613953 0.628324 0.551853
2 0.624949 0.571799 0.624949 0.609901 0.628324 0.609901 0.628324 0.571799
3 0.628339 0.627504 0.560573 0.627465 0.560568 0.632070 0.628339 0.632109
3 0.590849 0.551853 0.590849 0.632090 0.595728 0.632090 0.595728 0.551853
3 0.769559 0.021018 0.769559 0.379447 0.774896 0.385124 0.774896 0.021018
2 0.769559 0.131166 0.769559 0.183102 0.774896 0.183102 0.774896 0.131166
3 0.769559 0.379447 0.605978 0.379447 0.605978 0.385124 0.774896 0.385124
2 0.712766 0.379447 0.674231 0.379447 0.674231 0.385124 0.712766 0.385124
3 0.761301 0.379447 0.761301 0.560616 0.765765 0.560616 0.765765 0.379447
2 0.761301 0.400176 0.761301 0.453960 0.765765 0.453960 0.765765 0.400176
3 0.894562 0.466992 0.761301 0.466992 0.761301 0.473873 0.894562 0.473873
2 0.821444 0.466992 0.782533 0.466992 0.782533 0.473873 0.821444 0.473873
3 0.829447 0.466992 0.829447 0.560556 0.834804 0.560556 0.834804 0.466992
2 0.829447 0.490227 0.829447 0.530026 0.834804 0.530026 0.834804 0.490227
3 0.386954 0.446501 0.386954 0.415076 0.398380 0.415076 0.398380 0.446501
3 0.472013 0.446501 0.472013 0.647582 0.467612 0.647582 0.467612 0.446501
2 0.472013 0.469459 0.472013 0.516356 0.467612 0.516356 0.467612 0.469459
3 0.299084 0.021018 0.299084 0.221198 0.303905 0.221198 0.303905 0.021018
3 0.299084 0.346661 0.299084 0.540703 0.303905 0.540703 0.303905 0.346661
3 0.303905 0.397768 0.287311 0.397768 0.287311 0.404346 0.303905 0.404346
3 0.248693 0.397768 0.064459 0.397768 0.064459 0.404346 0.248693 0.404346
3 0.206595 0.459092 0.206595 0.540703 0.210992 0.540703 0.210992 0.459092
3 0.635069 0.959502 0.314950 0.959502 0.300487 0.999998 0.657034 0.999998
1 0.601022 0.959502 0.563547 0.959502 0.563547 0.999998 0.601022 0.999998
1 0.501846 0.959502 0.455535 0.959502 0.455535 0.999998 0.501846 0.999998
1 0.455400 0.959502 0.415780 0.959502 0.415780 0.999998 0.455400 0.999998
1 0.415780 0.959502 0.365857 0.959502 0.365857 0.999998 0.415780 0.999998
3 0.657034 0.999998 0.635411 0.880344 0.621604 0.884995 0.635069 0.959502
3 0.300487 0.915302 0.324525 0.915302 0.326892 0.908723 0.300487 0.908723
3 0.326892 0.908723 0.355602 0.959502 0.351784 0.963521 0.324525 0.915302
2 0.333652 0.920683 0.348761 0.947404 0.344943 0.951424 0.329833 0.924696
3 0.552796 0.558432 0.552796 0.542269 0.557617 0.542269 0.557617 0.551853
3 0.550526 0.465723 0.550526 0.446501 0.559951 0.446501 0.559951 0.465723
