0 0.553182 0.551180 0.717646 0.551180 0.717646 0.657720 0.553182 0.658029 0.553182 0.551180 0.553182 0.551180
0 0.367535 0.285164 0.372844 0.285164 0.372844 0.093444 0.553182 0.093444 0.553182 0.388047 0.546693 0.388047 0.546693 0.430626 0.451301 0.430626 0.451301 0.387738 0.434803 0.387738 0.434803 0.430626 0.379002 0.430626 0.379002 0.387797 0.372844 0.387797 0.372844 0.378983 0.367535 0.378983 0.367535 0.387797 0.363235 0.387797 0.363235 0.378983 0.357396 0.378983 0.357396 0.285164 0.363294 0.285164 0.363294 0.093444 0.367535 0.093444
0 0.717646 0.388047 0.553182 0.388047 0.553182 0.093444 0.717646 0.093444
0 0.734752 0.909193 0.734752 0.070674 0.992922 0.070233 0.992922 0.292164 0.843758 0.292164 0.844047 0.482269 0.992922 0.482269 0.992922 0.909009 0.990556 0.909009 0.990556 1.000000 0.311251 1.000000 0.311605 0.828588 0.419567 0.828588 0.419567 0.909193 0.415397 0.909193 0.415397 0.953491 0.734752 0.953491 0.734752 0.909193 0.734752 0.909193
0 0.992922 0.473455 0.851108 0.473455 0.850854 0.300978 0.992922 0.300978
0 0.717646 0.541632 0.553182 0.541632 0.553182 0.396861 0.717646 0.396861
0 0.546693 0.658029 0.439315 0.658029 0.439315 0.441644 0.546693 0.441644
0 0.432827 0.572577 0.384653 0.572577 0.363147 0.540662 0.363241 0.439440 0.432827 0.439440
0 0.432827 0.805819 0.299755 0.805819 0.299755 0.761278 0.432827 0.761278
0 0.717646 0.887892 0.439203 0.887892 0.439203 0.828588 0.439315 0.828588 0.439315 0.666108 0.717646 0.666108
0 0.255863 0.753199 0.293266 0.753199 0.293266 0.828588 0.293319 0.828588 0.293319 0.887459 0.079790 0.887386 0.079790 0.593150 0.255863 0.593150
0 0.252413 0.070997 0.310614 0.093444 0.357396 0.093444 0.357396 0.378983 0.356157 0.378983 0.356157 0.439440 0.356068 0.543865 0.357396 0.545738 0.357396 0.585070 0.079790 0.585070 0.079790 0.092496 0.125575 0.092496 0.184071 0.070064
0 0.357726 0.585489 0.432579 0.585489 0.432827 0.585070 0.432827 0.753199 0.262352 0.753199 0.262352 0.585070 0.357726 0.585070
0 0.432827 0.581391 0.432827 0.585254 0.357278 0.585254 0.357278 0.545547 0.381356 0.581391 0.432827 0.581391 0.432827 0.581391
3 0.079790 0.887386 0.079790 0.092496 0.060915 0.069727 0.060915 0.909413
1 0.079790 0.519464 0.079790 0.454497 0.060915 0.454497 0.060915 0.519464
3 0.079790 0.092496 0.125575 0.092496 0.122820 0.069727 0.060915 0.069727
3 0.125575 0.092496 0.184071 0.070064 0.181417 0.047258 0.122820 0.069727
1 0.133585 0.089426 0.181736 0.070961 0.176350 0.049197 0.128200 0.067663
3 0.184071 0.070064 0.252413 0.070997 0.255279 0.048264 0.181417 0.047258
1 0.186183 0.070094 0.250059 0.070968 0.250260 0.048198 0.186384 0.047324
3 0.252413 0.070997 0.310614 0.093444 0.313380 0.070674 0.255279 0.048264
1 0.254389 0.071761 0.304715 0.091167 0.310124 0.069418 0.259798 0.050012
3 0.310614 0.093444 0.717646 0.093444 0.734752 0.070674 0.313380 0.070674
1 0.415491 0.093444 0.520975 0.093444 0.520975 0.070674 0.415491 0.070674
1 0.523435 0.093444 0.536825 0.093444 0.536825 0.070674 0.523435 0.070674
1 0.623534 0.093444 0.692471 0.093444 0.692471 0.070674 0.623534 0.070674
3 0.717646 0.093444 0.717646 0.887892 0.734752 0.909193 0.734752 0.070674
2 0.717646 0.326436 0.717646 0.383654 0.734752 0.383654 0.734752 0.326436
1 0.717646 0.554008 0.717646 0.613701 0.734752 0.613701 0.734752 0.554008
3 0.717646 0.887892 0.439203 0.887892 0.419567 0.909193 0.734752 0.909193
1 0.660725 0.887892 0.573803 0.887892 0.573803 0.909193 0.660725 0.909193
1 0.680302 0.887892 0.663090 0.887892 0.663090 0.909193 0.680302 0.909193
3 0.439203 0.887892 0.439203 0.805819 0.419567 0.828588 0.419567 0.909193
3 0.439203 0.805819 0.293319 0.805819 0.311605 0.828588 0.419567 0.828588
2 0.381739 0.805819 0.330463 0.805819 0.330463 0.828588 0.381739 0.828588
3 0.293319 0.805819 0.293319 0.887459 0.311605 0.909502 0.311605 0.828588
3 0.293319 0.887459 0.079790 0.887386 0.060915 0.909413 0.311605 0.909502
1 0.219074 0.887437 0.134246 0.887408 0.134240 0.909443 0.219074 0.909472
1 0.132417 0.887408 0.113625 0.887400 0.113619 0.909435 0.132412 0.909443
3 0.299755 0.828588 0.299755 0.761278 0.293266 0.753199 0.293266 0.828588
3 0.299755 0.761278 0.439315 0.761278 0.432827 0.753199 0.293266 0.753199
2 0.330463 0.761278 0.382612 0.761278 0.382612 0.753199 0.330463 0.753199
3 0.432827 0.761278 0.432827 0.828588 0.439315 0.828588 0.439315 0.753199
3 0.439315 0.761278 0.439315 0.666108 0.432827 0.666108 0.432827 0.753199
2 0.439315 0.739045 0.439315 0.683178 0.432827 0.683178 0.432827 0.739045
3 0.432827 0.666108 0.734752 0.666108 0.734752 0.658029 0.439315 0.658029
3 0.255863 0.753199 0.255863 0.593150 0.262352 0.585070 0.262352 0.753199
2 0.255863 0.659233 0.255863 0.604454 0.262352 0.604454 0.262352 0.659233
3 0.255863 0.593150 0.060915 0.593150 0.060915 0.585070 0.262352 0.585070
3 0.432827 0.666108 0.432827 0.439440 0.439315 0.430626 0.439315 0.658029
3 0.439315 0.441644 0.553182 0.441644 0.546693 0.430626 0.432827 0.430626
3 0.546693 0.441644 0.546693 0.666108 0.553182 0.666108 0.553182 0.430626
2 0.546693 0.485633 0.546693 0.537783 0.553182 0.537783 0.553182 0.485633
3 0.553182 0.441644 0.553182 0.396861 0.546693 0.388047 0.546693 0.430626
3 0.553182 0.396861 0.734752 0.396861 0.734752 0.388047 0.546693 0.388047
2 0.585011 0.396861 0.627516 0.396861 0.627516 0.388047 0.585011 0.388047
3 0.439315 0.430626 0.356169 0.430626 0.363241 0.439440 0.432827 0.439440
3 0.356157 0.439440 0.356157 0.378983 0.363235 0.378983 0.363235 0.430626
3 0.362828 0.430626 0.362828 0.387797 0.379002 0.387797 0.379002 0.430626
3 0.357396 0.070674 0.357396 0.285164 0.363294 0.285164 0.363294 0.070674
3 0.372844 0.070674 0.372844 0.285164 0.367535 0.285164 0.367535 0.070674
3 0.851108 0.473455 0.850854 0.300978 0.843758 0.292164 0.844047 0.482269
2 0.851049 0.433468 0.850960 0.371579 0.843882 0.371601 0.843971 0.433483
3 0.546693 0.551180 0.734752 0.551180 0.734752 0.541632 0.546693 0.541632
2 0.615400 0.551180 0.654838 0.551180 0.654838 0.541632 0.615400 0.541632
3 0.434803 0.430626 0.434803 0.387738 0.451301 0.387738 0.451301 0.430626
3 0.356169 0.430626 0.356068 0.543865 0.363147 0.540662 0.363241 0.439440
3 0.356068 0.543865 0.381356 0.581391 0.384653 0.572577 0.363147 0.540662
2 0.359395 0.548801 0.378053 0.576491 0.383473 0.570828 0.364816 0.543138
3 0.381356 0.581391 0.439315 0.581391 0.439315 0.572577 0.384653 0.572577
