0 0.256367 0.370124 0.111943 0.370124 0.111943 0.223361 0.256367 0.223361
0 0.915633 0.919631 0.462478 0.919631 0.462478 0.577152 0.915633 0.577152
0 0.445935 0.889327 0.415547 0.889327 0.415547 0.919631 0.319782 0.919631 0.319782 0.721490 0.445935 0.721490
0 0.915633 0.564461 0.273621 0.564461 0.273621 0.386196 0.273736 0.386196 0.273736 0.439068 0.289452 0.439068 0.289452 0.223361 0.353645 0.223361 0.353645 0.113077 0.915633 0.113077
0 0.273621 0.564461 0.241917 0.564461 0.241917 0.592039 0.162563 0.592039 0.162563 0.564461 0.111943 0.564461 0.111943 0.386196 0.273621 0.386196
0 0.405125 0.606062 0.445935 0.606062 0.445935 0.708096 0.285043 0.708096 0.285043 0.826872 0.319782 0.826872 0.319782 0.919631 0.296085 0.919631 0.296085 0.903873 0.254663 0.903873 0.254663 0.919631 0.166334 0.919631 0.166334 0.906237 0.111943 0.906237 0.111943 0.603303 0.253621 0.603303 0.253621 0.577152 0.405125 0.577152
3 0.915633 0.919631 0.111943 0.919631 0.094573 0.931015 1.000000 0.931015
2 0.252868 0.919631 0.167666 0.919631 0.167666 0.931015 0.252868 0.931015
3 0.111943 0.919631 0.111943 0.223361 0.094573 0.161750 0.094573 0.931015
3 0.111943 0.223361 0.353645 0.223361 0.353645 0.161750 0.094573 0.161750
3 0.915633 0.919631 0.915633 0.113077 1.000000 0.044769 1.000000 0.931015
1 0.915633 0.423679 0.915633 0.244966 1.000000 0.244966 1.000000 0.423679
1 0.915633 0.842670 0.915633 0.660977 1.000000 0.660977 1.000000 0.842670
3 1.000000 0.044769 0.269278 0.044769 0.353645 0.113077 0.915633 0.113077
3 0.353645 0.113077 0.353645 0.223361 0.269278 0.223361 0.269278 0.044769
3 0.094573 0.564461 0.162563 0.564461 0.162563 0.603303 0.094573 0.603303
3 0.162563 0.592039 0.241917 0.592039 0.241917 0.603303 0.162563 0.603303
3 0.241917 0.564461 0.253621 0.564461 0.253621 0.603303 0.241917 0.603303
3 0.253621 0.564461 1.000000 0.564461 1.000000 0.577152 0.253621 0.577152
2 0.299923 0.564461 0.403371 0.564461 0.403371 0.577152 0.299923 0.577152
3 0.289452 0.223361 0.289452 0.386196 0.256367 0.386196 0.256367 0.223361
2 0.289452 0.261031 0.289452 0.342184 0.256367 0.342184 0.256367 0.261031
3 0.289452 0.386196 0.094573 0.386196 0.094573 0.370124 0.256367 0.370124
3 0.462478 0.931015 0.462478 0.577152 0.445935 0.577152 0.445935 0.931015
2 0.462478 0.705558 0.462478 0.608607 0.445935 0.608607 0.445935 0.705558
3 0.405125 0.564461 0.405125 0.606062 0.448458 0.606062 0.448458 0.564461
3 0.462478 0.721490 0.319782 0.721490 0.285043 0.708096 0.462478 0.708096
3 0.319782 0.721490 0.319782 0.931015 0.285043 0.931015 0.285043 0.708096
2 0.319782 0.827039 0.319782 0.899466 0.285043 0.899466 0.285043 0.827039
3 0.296085 0.919631 0.296085 0.903873 0.254663 0.903873 0.254663 0.919631
3 0.111943 0.919631 0.166334 0.919631 0.166334 0.906237 0.111943 0.906237
3 0.445935 0.919631 0.445935 0.889327 0.415547 0.889327 0.415547 0.919631
3 0.289452 0.386196 0.289452 0.439068 0.273736 0.439068 0.273736 0.386196
3 0.111943 0.386196 0.111943 0.431668 0.162464 0.431668 0.162464 0.386196
3 0.111943 0.370124 0.111943 0.223361 0.162927 0.223361 0.162927 0.370124
