0 0.697591 0.848796 0.697591 1.000000 0.415635 1.000000 0.415635 0.848796 0.697591 0.848796
0 0.879775 0.216605 0.879775 0.072057 0.601531 0.072057 0.601531 0.216605 0.879775 0.216605
0 0.561228 0.545457 0.571067 0.545457 0.571067 0.519265 0.571380 0.519265 0.571380 0.656499 0.571067 0.656499 0.571067 0.637483 0.561228 0.637483 0.561228 0.755831 0.446502 0.755831 0.400385 0.717186 0.334682 0.717186 0.334682 0.614850 0.277269 0.566004 0.330934 0.524131 0.337159 0.519265 0.561228 0.519265
0 0.571380 0.519265 0.571067 0.519265 0.571067 0.392196 0.561228 0.392196 0.561228 0.511324 0.341479 0.511324 0.341479 0.239707 0.571380 0.239707
0 0.889059 0.656499 0.571380 0.656499 0.571380 0.239707 0.889059 0.239707
0 0.331641 0.512493 0.270114 0.560228 0.156523 0.464932 0.156863 0.464888 0.069666 0.464888 0.069666 0.239707 0.331641 0.239707
0 0.270114 0.571779 0.324843 0.618041 0.324843 0.825694 0.069666 0.825694 0.069666 0.570292 0.268289 0.570292
0 0.744986 0.821095 0.571067 0.821095 0.571067 0.664441 0.744986 0.664441
0 0.889059 0.825694 0.754825 0.825694 0.754825 0.664441 0.889059 0.664441
0 0.883612 0.986283 0.714585 0.986283 0.714585 0.848796 0.883612 0.848796
0 0.257762 0.561629 0.069666 0.561629 0.069666 0.472830 0.152659 0.472830
0 0.439346 0.762206 0.439346 0.825694 0.334682 0.825694 0.334682 0.725849 0.395824 0.725849
0 0.561228 0.825694 0.450079 0.825694 0.450079 0.764495 0.561228 0.764495
3 0.889059 0.239707 0.889059 0.825694 0.917680 0.848796 0.917680 0.216605
1 0.889059 0.724925 0.889059 0.771685 0.917680 0.771685 0.917680 0.724925
3 0.069666 0.825694 0.069666 0.239707 0.047306 0.216605 0.047306 0.848796
3 0.561228 0.848796 0.561228 0.637483 0.571067 0.637483 0.571067 0.825694
2 0.561228 0.753081 0.561228 0.705014 0.571067 0.705014 0.571067 0.753081
3 0.561228 0.545457 0.561228 0.392196 0.571067 0.392196 0.571067 0.545457
3 0.889059 0.825694 0.744986 0.825694 0.744986 0.848796 0.917680 0.848796
3 0.561228 0.656499 0.754825 0.656499 0.744986 0.664441 0.561228 0.664441
3 0.744986 0.656499 0.917680 0.656499 0.917680 0.664441 0.744986 0.664441
3 0.744986 0.664441 0.744986 0.848796 0.754825 0.848796 0.754825 0.656499
2 0.744986 0.706501 0.744986 0.752381 0.754825 0.752381 0.754825 0.706501
3 0.744986 0.821095 0.561228 0.821095 0.561228 0.848796 0.744986 0.848796
1 0.690328 0.821095 0.607040 0.821095 0.607040 0.848796 0.690328 0.848796
3 0.561228 0.825694 0.069666 0.825694 0.047306 0.848796 0.561228 0.848796
1 0.422791 0.825694 0.365727 0.825694 0.365727 0.848796 0.422791 0.848796
1 0.260731 0.825694 0.121900 0.825694 0.121900 0.848796 0.260731 0.848796
2 0.552204 0.825694 0.464900 0.825694 0.464900 0.848796 0.552204 0.848796
3 0.334682 0.848796 0.334682 0.614850 0.324843 0.618041 0.324843 0.848796
3 0.334682 0.614850 0.156863 0.464888 0.152659 0.472830 0.324843 0.618041
2 0.327830 0.609082 0.280963 0.569548 0.273852 0.575035 0.320729 0.614569
2 0.200546 0.501729 0.160861 0.468252 0.153750 0.473746 0.193435 0.507216
3 0.156863 0.464888 0.047306 0.464888 0.047306 0.472830 0.152659 0.472830
3 0.270078 0.571859 0.341479 0.515850 0.331641 0.512493 0.263218 0.566162
2 0.284281 0.560712 0.332884 0.522586 0.326033 0.516897 0.277430 0.555016
3 0.341479 0.515850 0.341479 0.216605 0.331641 0.216605 0.331641 0.512493
3 0.331641 0.519265 0.571067 0.519265 0.571067 0.511324 0.331641 0.511324
2 0.403185 0.519265 0.501589 0.519265 0.501589 0.511324 0.403185 0.511324
3 0.714585 0.848796 0.714585 0.986283 0.697591 1.000000 0.697591 0.848796
2 0.714585 0.897419 0.714585 0.960979 0.697591 0.960979 0.697591 0.897419
3 0.714585 0.986283 0.883612 0.986283 0.900606 1.000000 0.697591 1.000000
3 0.883612 0.986283 0.883612 0.848796 0.900606 0.848796 0.900606 1.000000
3 0.439346 0.848796 0.439346 0.762206 0.450079 0.758705 0.450079 0.848796
3 0.439346 0.762206 0.395824 0.725849 0.400385 0.717186 0.450079 0.758705
2 0.435071 0.758640 0.396450 0.726369 0.404169 0.720355 0.442790 0.752619
3 0.395824 0.725849 0.324843 0.725849 0.324843 0.717186 0.400385 0.717186
3 0.439346 0.755831 0.571067 0.755831 0.571067 0.764495 0.439346 0.764495
2 0.470320 0.755831 0.554538 0.755831 0.554538 0.764495 0.470320 0.764495
3 0.069666 0.216605 0.069666 0.007681 0.058933 0.007681 0.058933 0.216605
3 0.069666 0.239707 0.889059 0.239707 0.917680 0.216605 0.047306 0.216605
1 0.137669 0.239707 0.275596 0.239707 0.275596 0.216605 0.137669 0.216605
1 0.407120 0.239707 0.542347 0.239707 0.542347 0.216605 0.407120 0.216605
1 0.692081 0.239707 0.862387 0.239707 0.862387 0.216605 0.692081 0.216605
2 0.606495 0.239707 0.685186 0.239707 0.685186 0.216605 0.606495 0.216605
3 0.907582 0.216605 0.907582 0.007681 0.896849 0.007681 0.896849 0.216605
3 0.269559 0.570292 0.047306 0.570292 0.047306 0.561629 0.269559 0.561629
