0 0.756248 0.153077 0.939534 0.153077 0.939534 0.466521 0.756365 0.466521 0.756248 0.153077 0.756248 0.153077
0 0.511848 0.642551 0.503278 0.642551 0.503278 0.700340 0.387821 0.700340 0.387821 0.642551 0.184770 0.642551 0.184770 0.880349 0.078380 0.880349 0.078380 0.785896 0.049430 0.785896 0.049430 0.527976 0.399794 0.527976 0.399794 0.527067 0.511848 0.527067
0 0.726383 0.880349 0.513233 0.880349 0.513233 0.642551 0.511848 0.642551 0.511848 0.527067 0.726383 0.527067
0 0.726383 0.527067 0.399794 0.527067 0.399794 0.146655 0.726383 0.146655
0 0.389839 0.516489 0.049430 0.516489 0.049430 0.146655 0.389839 0.146655
0 0.379884 0.880349 0.194725 0.880349 0.194725 0.654038 0.379884 0.654038
0 0.503278 0.880349 0.387821 0.880349 0.387821 0.711827 0.503278 0.711827
3 0.049430 0.146655 0.726383 0.146655 0.756248 0.105929 0.035855 0.105929
1 0.148933 0.146655 0.286074 0.146655 0.286074 0.105929 0.148933 0.105929
1 0.314092 0.146655 0.359802 0.146655 0.359802 0.105929 0.314092 0.105929
1 0.548183 0.146655 0.696754 0.146655 0.696754 0.105929 0.548183 0.105929
3 0.726383 0.146655 0.726383 0.880349 0.756248 0.927341 0.756248 0.105929
1 0.726383 0.215848 0.726383 0.337514 0.756248 0.337514 0.756248 0.215848
2 0.726383 0.345847 0.726383 0.430578 0.756248 0.430578 0.756248 0.345847
3 0.726383 0.880349 0.208689 0.880349 0.208689 0.927341 0.756248 0.927341
3 0.208689 0.880349 0.078380 0.880349 0.035855 0.903323 0.208689 0.903323
2 0.175394 0.880349 0.091611 0.880349 0.091611 0.903323 0.175394 0.903323
3 0.078380 0.880349 0.078380 0.785896 0.035855 0.785896 0.035855 0.903323
3 0.049430 0.785896 0.049430 0.146655 0.035855 0.105929 0.035855 0.785896
3 0.184770 0.903323 0.184770 0.642551 0.194725 0.654038 0.194725 0.903323
3 0.194725 0.654038 0.379884 0.654038 0.387821 0.642551 0.184770 0.642551
2 0.260399 0.654038 0.333522 0.654038 0.333522 0.642551 0.260399 0.642551
3 0.379884 0.654038 0.379884 0.927341 0.387821 0.927341 0.387821 0.642551
2 0.379884 0.716401 0.379884 0.783902 0.387821 0.783902 0.387821 0.716401
3 0.379884 0.711827 0.513233 0.711827 0.503278 0.700340 0.379884 0.700340
3 0.503278 0.700340 0.503278 0.927341 0.513233 0.927341 0.513233 0.700340
3 0.513233 0.711827 0.513233 0.642551 0.503278 0.642551 0.503278 0.700340
3 0.389839 0.105929 0.389839 0.516489 0.399794 0.527976 0.399794 0.105929
3 0.389839 0.516489 0.035855 0.516489 0.035855 0.527976 0.399794 0.527976
2 0.193566 0.516489 0.120743 0.516489 0.120743 0.527976 0.193566 0.527976
