0 0.338262 0.547913 0.249066 0.547913 0.249066 0.471746 0.332948 0.471746 0.332948 0.471659 0.338262 0.471659
0 0.240955 0.547913 0.139922 0.547913 0.139922 0.471746 0.240955 0.471746
0 0.332948 0.454055 0.267609 0.454055 0.267609 0.344019 0.263414 0.344019 0.263414 0.454055 0.249066 0.454055 0.249066 0.427204 0.197837 0.427204 0.197837 0.344019 0.332948 0.344019
0 0.332948 0.335332 0.242837 0.335332 0.242837 0.275062 0.332948 0.275062 0.332948 0.267165 0.241718 0.267165 0.241718 0.178365 0.306162 0.178365 0.306162 0.165334 0.233607 0.165334 0.233607 0.184873 0.236404 0.184873 0.236404 0.219247 0.233607 0.219247 0.233607 0.232692 0.236404 0.232692 0.236404 0.335332 0.191405 0.335332 0.191405 0.454055 0.098289 0.454055 0.098289 0.127035 0.190610 0.127035 0.190610 0.141444 0.200120 0.141444 0.200120 0.166227 0.190610 0.166227 0.190610 0.186440 0.200120 0.186440 0.200120 0.214536 0.190610 0.214536 0.190610 0.231717 0.203756 0.231717 0.203756 0.121902 0.332948 0.121902
0 0.299547 0.216261 0.299547 0.235669 0.289479 0.235669 0.289479 0.216261
0 0.332948 0.165334 0.332948 0.178365 0.324650 0.178365 0.324650 0.165334
3 0.091540 0.479327 0.127895 0.479327 0.139922 0.454055 0.091540 0.454055
3 0.139922 0.454055 0.139922 0.547913 0.127895 0.561734 0.127895 0.479327
3 0.127895 0.561734 0.350009 0.561734 0.338262 0.547913 0.139922 0.547913
3 0.350009 0.561734 0.350009 0.471659 0.338262 0.471659 0.338262 0.547913
3 0.350009 0.471659 0.350009 0.103343 0.332948 0.121902 0.332948 0.471659
1 0.350009 0.299312 0.350009 0.276263 0.332948 0.276263 0.332948 0.299312
1 0.350009 0.403278 0.350009 0.382792 0.332948 0.382792 0.332948 0.403278
3 0.350009 0.103343 0.082898 0.103343 0.098289 0.121902 0.332948 0.121902
3 0.082898 0.103343 0.082898 0.479327 0.098289 0.479327 0.098289 0.121902
1 0.082898 0.356675 0.082898 0.399732 0.098289 0.399732 0.098289 0.356675
1 0.082898 0.184723 0.082898 0.227511 0.098289 0.227511 0.098289 0.184723
1 0.082898 0.126060 0.082898 0.171806 0.098289 0.171806 0.098289 0.126060
3 0.139922 0.454055 0.332948 0.454055 0.332948 0.471746 0.139922 0.471746
2 0.140347 0.454055 0.163044 0.454055 0.163044 0.471746 0.140347 0.471746
3 0.249066 0.471746 0.249066 0.561734 0.240955 0.561734 0.240955 0.471746
3 0.191405 0.454055 0.191405 0.335332 0.197837 0.344019 0.197837 0.427204
3 0.191405 0.335332 0.332948 0.335332 0.332948 0.344019 0.197837 0.344019
2 0.269517 0.335332 0.288295 0.335332 0.288295 0.344019 0.269517 0.344019
3 0.263414 0.344019 0.263414 0.454055 0.267609 0.454055 0.267609 0.344019
2 0.263414 0.378618 0.263414 0.401193 0.267609 0.401193 0.267609 0.378618
3 0.191405 0.454055 0.249066 0.454055 0.249066 0.427204 0.197837 0.427204
3 0.098289 0.121902 0.200120 0.121902 0.190610 0.127035 0.098289 0.127035
3 0.203756 0.121902 0.203756 0.231717 0.200120 0.231717 0.200120 0.121902
2 0.203756 0.143083 0.203756 0.164055 0.200120 0.164055 0.200120 0.143083
3 0.200120 0.231717 0.200120 0.214536 0.190610 0.214536 0.190610 0.231717
3 0.200120 0.186440 0.200120 0.166227 0.190610 0.166227 0.190610 0.186440
3 0.200120 0.121902 0.200120 0.141444 0.190610 0.141444 0.190610 0.127035
3 0.242837 0.335332 0.242837 0.267165 0.236404 0.267165 0.236404 0.335332
2 0.242837 0.315399 0.242837 0.289910 0.236404 0.289910 0.236404 0.315399
3 0.242837 0.275062 0.332948 0.275062 0.332948 0.267165 0.236404 0.267165
3 0.236404 0.267165 0.236404 0.165334 0.241718 0.165334 0.241718 0.267165
2 0.236404 0.216787 0.236404 0.186342 0.241718 0.186342 0.241718 0.216787
3 0.236404 0.165334 0.306162 0.165334 0.306162 0.178365 0.241718 0.178365
3 0.324650 0.165334 0.332948 0.165334 0.332948 0.178365 0.324650 0.178365
3 0.299547 0.235669 0.299547 0.216261 0.289479 0.216261 0.289479 0.235669
3 0.236404 0.165334 0.236404 0.184873 0.233607 0.184873 0.233607 0.165334
0 0.467589 0.461874 0.428874 0.461874 0.428874 0.418082 0.467589 0.418082
0 0.665908 0.220455 0.663111 0.220455 0.663111 0.220767 0.532528 0.220767 0.532528 0.127055 0.665908 0.127055
0 0.470725 0.480038 0.570329 0.478830 0.570329 0.553919 0.578719 0.553919 0.578719 0.478770 0.648606 0.478194 0.666187 0.478194 0.666187 0.553919 0.470523 0.553919 0.470616 0.461874
0 0.520781 0.238667 0.568785 0.238667 0.568785 0.244195 0.598896 0.244195 0.598896 0.238667 0.663111 0.238667 0.663111 0.460030 0.653081 0.460030 0.578719 0.460425 0.578719 0.419689 0.594690 0.419689 0.594690 0.411792 0.573126 0.411792 0.573126 0.433711 0.527119 0.433711 0.527119 0.418284 0.521525 0.418284 0.521525 0.461214 0.481350 0.461609 0.471505 0.461874 0.471505 0.418082 0.527119 0.418082 0.527119 0.410185 0.428874 0.410185 0.428874 0.131399 0.520781 0.131399
0 0.666187 0.943535 0.469684 0.943535 0.470523 0.566555 0.666187 0.566555
0 0.619367 0.096942 0.667645 0.096942 0.667645 0.108496 0.619367 0.108496 0.619367 0.096942
0 0.412862 0.407602 0.401946 0.407602 0.401946 0.472895 0.412781 0.472895 0.412862 0.407602 0.412862 0.407602
3 0.456785 0.960514 0.547075 0.960514 0.547075 0.943535 0.469684 0.943535
3 0.547075 0.960514 0.680172 0.960514 0.666187 0.943535 0.547075 0.943535
3 0.680172 0.960514 0.680172 0.478115 0.666187 0.478115 0.666187 0.943535
1 0.680172 0.927519 0.680172 0.844160 0.666187 0.844160 0.666187 0.927519
1 0.680172 0.819469 0.680172 0.735428 0.666187 0.735428 0.666187 0.819469
1 0.680172 0.711415 0.680172 0.626016 0.666187 0.626016 0.666187 0.711415
1 0.680172 0.600645 0.680172 0.567120 0.666187 0.567120 0.666187 0.600645
1 0.680172 0.552395 0.680172 0.518191 0.666187 0.518191 0.666187 0.552395
3 0.680172 0.478115 0.680172 0.220455 0.663111 0.220455 0.663111 0.478115
1 0.680172 0.441629 0.680172 0.399266 0.663111 0.399266 0.663111 0.441629
1 0.680172 0.372762 0.680172 0.330179 0.663111 0.330179 0.663111 0.372762
1 0.680172 0.314321 0.680172 0.271508 0.663111 0.271508 0.663111 0.314321
3 0.680172 0.220455 0.680172 0.108496 0.665908 0.127055 0.665908 0.220455
3 0.680172 0.108496 0.532523 0.108496 0.532523 0.127055 0.665908 0.127055
2 0.658048 0.108496 0.628857 0.108496 0.628857 0.127055 0.658048 0.127055
3 0.532523 0.108496 0.412652 0.108496 0.412652 0.131399 0.532523 0.131399
3 0.412652 0.108496 0.412652 0.415970 0.428874 0.415970 0.428874 0.108496
1 0.412652 0.133393 0.412652 0.227535 0.428874 0.227535 0.428874 0.133393
1 0.412652 0.365836 0.412652 0.406121 0.428874 0.406121 0.428874 0.365836
3 0.412652 0.415970 0.412652 0.484777 0.428874 0.484777 0.428874 0.415970
2 0.412652 0.419263 0.412652 0.459978 0.428874 0.459978 0.428874 0.419263
3 0.457705 0.484777 0.456785 0.960514 0.469684 0.943535 0.470616 0.461874
1 0.457683 0.496145 0.457576 0.551068 0.470442 0.551116 0.470548 0.496196
1 0.457504 0.589418 0.457322 0.683557 0.470188 0.683608 0.470369 0.589466
1 0.457280 0.705318 0.457092 0.802473 0.469958 0.802525 0.470146 0.705370
1 0.457053 0.822383 0.456866 0.918433 0.469732 0.918484 0.469919 0.822434
3 0.470414 0.566555 0.666187 0.566555 0.666187 0.553919 0.470414 0.553919
2 0.525522 0.566555 0.550588 0.566555 0.550588 0.553919 0.525522 0.553919
2 0.602667 0.566555 0.627173 0.566555 0.627173 0.553919 0.602667 0.553919
3 0.578719 0.553919 0.578719 0.433711 0.570329 0.433711 0.570329 0.553919
2 0.578719 0.551609 0.578719 0.522317 0.570329 0.522317 0.570329 0.551609
3 0.578719 0.478770 0.670609 0.478115 0.670545 0.459951 0.570329 0.460665
2 0.603153 0.478597 0.628365 0.478419 0.628300 0.460255 0.603086 0.460433
3 0.578719 0.460567 0.470616 0.461874 0.470725 0.480038 0.570329 0.478830
3 0.578719 0.461313 0.578719 0.419689 0.573126 0.411792 0.573126 0.433711
3 0.573126 0.411792 0.594690 0.411792 0.594690 0.419689 0.578719 0.419689
3 0.521525 0.461258 0.521525 0.418284 0.527119 0.418284 0.527119 0.461258
3 0.428874 0.410185 0.527119 0.410185 0.527119 0.418082 0.428874 0.418082
2 0.441488 0.410185 0.462230 0.410185 0.462230 0.418082 0.441488 0.418082
3 0.467589 0.461874 0.467589 0.418082 0.471505 0.418082 0.471505 0.461874
2 0.467589 0.439615 0.467589 0.420570 0.471505 0.420570 0.471505 0.439615
3 0.412652 0.484777 0.467589 0.484777 0.467589 0.461874 0.412652 0.461874
3 0.467589 0.484777 0.457705 0.484777 0.470616 0.461874 0.467589 0.461874
3 0.532528 0.127055 0.532528 0.220767 0.520781 0.238667 0.520781 0.127055
3 0.520781 0.238667 0.663111 0.238667 0.663111 0.220767 0.532528 0.220767
2 0.539009 0.238667 0.564396 0.238667 0.564396 0.220767 0.539009 0.220767
3 0.568785 0.238667 0.598896 0.238667 0.598896 0.244195 0.568785 0.244195
3 0.573126 0.433711 0.527119 0.433711 0.527119 0.461313 0.578719 0.461313
0 0.881363 0.434359 0.837348 0.434359 0.837348 0.356608 0.881363 0.356608
0 0.834271 0.460026 0.741931 0.460026 0.741931 0.311572 0.834271 0.311572
0 0.834271 0.307229 0.741931 0.307229 0.741743 0.138996 0.741713 0.138988 0.741713 0.133492 0.834271 0.133492
0 0.974176 0.460026 0.886118 0.460026 0.886118 0.351080 0.837348 0.351080 0.837348 0.239397 0.974176 0.239397
0 0.978651 0.219946 0.974176 0.219946 0.974176 0.220040 0.846578 0.220040 0.846578 0.127174 0.741713 0.127174 0.741704 0.127071 0.978651 0.127071
0 0.774308 0.484508 0.986295 0.484508 0.986295 0.963464 0.774308 0.963464 0.774308 0.484508 0.774308 0.484508
3 0.725149 0.484508 0.991517 0.484508 0.991517 0.460026 0.725149 0.460026
2 0.788849 0.484508 0.826803 0.484508 0.826803 0.460026 0.788849 0.460026
2 0.892517 0.484508 0.930102 0.484508 0.930102 0.460026 0.892517 0.460026
3 0.991517 0.484508 0.991517 0.219946 0.974176 0.219946 0.974176 0.484508
1 0.991517 0.306565 0.991517 0.269498 0.974176 0.269498 0.974176 0.306565
1 0.991517 0.374144 0.991517 0.328272 0.974176 0.328272 0.974176 0.374144
1 0.991517 0.442750 0.991517 0.398105 0.974176 0.398105 0.974176 0.442750
3 0.991517 0.219946 0.991517 0.108725 0.978651 0.126889 0.978651 0.219946
3 0.741704 0.127174 0.846578 0.127174 0.834271 0.133492 0.741704 0.133492
3 0.834271 0.133492 0.834271 0.239397 0.846578 0.220040 0.846578 0.127174
3 0.834271 0.239397 0.974176 0.239397 0.974176 0.220040 0.846578 0.220040
2 0.848712 0.239397 0.870600 0.239397 0.870600 0.220040 0.848712 0.220040
3 0.834271 0.239397 0.834271 0.460026 0.837348 0.434359 0.837348 0.239397
2 0.834271 0.320129 0.834271 0.349974 0.837348 0.349974 0.837348 0.320129
2 0.834271 0.272278 0.834271 0.302597 0.837348 0.302597 0.837348 0.272278
3 0.741822 0.311572 0.837348 0.311572 0.837348 0.307229 0.741822 0.307229
3 0.837348 0.351080 0.886118 0.351080 0.881363 0.356608 0.837348 0.356608
2 0.859843 0.351080 0.879497 0.351080 0.879497 0.356608 0.859843 0.356608
3 0.886118 0.351080 0.886118 0.460026 0.881363 0.434359 0.881363 0.356608
3 0.834271 0.460026 0.886118 0.460026 0.881363 0.434359 0.837348 0.434359
3 0.991517 0.484508 1.000000 0.484508 1.000000 0.473452 0.991517 0.473452
3 0.724912 0.108725 0.724931 0.139012 0.741713 0.138988 0.741704 0.126889
3 0.724931 0.139012 0.725149 0.484508 0.741931 0.484488 0.741713 0.138988
1 0.725071 0.359795 0.725133 0.459129 0.741914 0.459106 0.741853 0.359775
1 0.724928 0.134593 0.724990 0.233032 0.741771 0.233008 0.741710 0.134570
3 0.991517 0.108725 0.724912 0.108725 0.741704 0.126889 0.978651 0.126889
1 0.972034 0.108725 0.940823 0.108725 0.940823 0.126889 0.972034 0.126889
