0 0.325075 0.272350 0.213837 0.272350 0.213837 0.045061 0.325075 0.045061
0 0.325075 0.360300 0.213837 0.360300 0.213837 0.272350 0.325075 0.272350
0 0.148511 0.360300 0.060539 0.360300 0.060539 0.265474 0.148511 0.265474
0 0.206626 0.360300 0.154119 0.360300 0.154119 0.256761 0.060539 0.256761 0.060539 0.045061 0.206626 0.045061
0 0.367900 0.363393 0.493985 0.363393 0.493985 0.680654 0.331084 0.680654 0.331084 0.347879 0.367900 0.347879
0 0.206626 0.680654 0.060539 0.680654 0.060539 0.369012 0.206626 0.369012
0 0.270041 0.124541 0.270041 0.265474 0.325075 0.265474 0.325075 0.271697 0.260827 0.271697 0.260827 0.124541
0 0.325075 0.680654 0.299753 0.680654 0.299753 0.681170 0.216661 0.681170 0.216661 0.680654 0.213837 0.680654 0.213837 0.369012 0.325075 0.369012
0 0.493985 0.188178 0.331084 0.188178 0.331084 0.045061 0.493985 0.045061
0 0.493985 0.354680 0.410532 0.354680 0.410532 0.196890 0.493985 0.196890
0 0.404923 0.339166 0.331084 0.339166 0.331084 0.196890 0.404923 0.196890
0 0.299753 0.794715 0.216661 0.794715 0.216661 0.698595 0.299753 0.698595
3 0.060539 0.045061 0.493985 0.045061 0.505202 0.029503 0.049322 0.029503
1 0.386027 0.045061 0.444919 0.045061 0.444919 0.029503 0.386027 0.029503
1 0.446061 0.045061 0.460899 0.045061 0.460899 0.029503 0.446061 0.029503
1 0.095852 0.045061 0.157252 0.045061 0.157252 0.029503 0.095852 0.029503
1 0.158309 0.045061 0.173132 0.045061 0.173132 0.029503 0.158309 0.029503
3 0.493985 0.045061 0.493985 0.680654 0.505202 0.698078 0.505202 0.029503
2 0.493985 0.547519 0.493985 0.602244 0.505202 0.602244 0.505202 0.547519
1 0.493985 0.475488 0.493985 0.500025 0.505202 0.500025 0.505202 0.475488
1 0.493985 0.381097 0.493985 0.473596 0.505202 0.473596 0.505202 0.381097
1 0.493985 0.302283 0.493985 0.319744 0.505202 0.319744 0.505202 0.302283
1 0.493985 0.235740 0.493985 0.299924 0.505202 0.299924 0.505202 0.235740
2 0.493985 0.114447 0.493985 0.167779 0.505202 0.167779 0.505202 0.114447
3 0.060539 0.680654 0.060539 0.045061 0.049322 0.029503 0.049322 0.698078
1 0.060539 0.398621 0.060539 0.379224 0.049322 0.379224 0.049322 0.398621
1 0.060539 0.493821 0.060539 0.399978 0.049322 0.399978 0.049322 0.493821
3 0.216661 0.680654 0.060539 0.680654 0.049322 0.698078 0.207447 0.698078
3 0.207447 0.698078 0.207447 0.804672 0.216661 0.794715 0.216661 0.680654
3 0.207447 0.804672 0.306163 0.804672 0.299753 0.794715 0.216661 0.794715
3 0.493985 0.680654 0.299753 0.680654 0.306163 0.698078 0.505202 0.698078
3 0.306163 0.681170 0.207447 0.681170 0.207447 0.698595 0.299753 0.698595
2 0.260735 0.681170 0.228439 0.681170 0.228439 0.698595 0.260735 0.698595
3 0.306163 0.804672 0.306163 0.681170 0.299753 0.681170 0.299753 0.794715
3 0.306163 0.681170 0.306163 0.698078 0.299753 0.680654 0.299753 0.681170
3 0.213837 0.680959 0.214001 0.029503 0.206790 0.029497 0.206626 0.680953
2 0.213857 0.597689 0.213873 0.546760 0.206662 0.546754 0.206646 0.597683
2 0.213921 0.350835 0.213933 0.298219 0.206722 0.298213 0.206710 0.350828
3 0.331084 0.680654 0.331084 0.029503 0.325075 0.029503 0.325075 0.680654
3 0.325075 0.369012 0.049322 0.369012 0.049322 0.360300 0.325075 0.360300
2 0.253428 0.369012 0.219826 0.369012 0.219826 0.360300 0.253428 0.360300
3 0.154119 0.360300 0.154119 0.256761 0.148511 0.265474 0.148511 0.360300
2 0.154119 0.333846 0.154119 0.292002 0.148511 0.292002 0.148511 0.333846
3 0.154119 0.256761 0.049322 0.256761 0.049322 0.265474 0.148511 0.265474
3 0.325075 0.196890 0.505202 0.196890 0.505202 0.188178 0.325075 0.188178
2 0.460823 0.196890 0.491505 0.196890 0.491505 0.188178 0.460823 0.188178
3 0.325075 0.347879 0.410532 0.347879 0.404923 0.339166 0.325075 0.339166
3 0.410532 0.347879 0.410532 0.188178 0.404923 0.188178 0.404923 0.339166
2 0.410532 0.247539 0.410532 0.204121 0.404923 0.204121 0.404923 0.247539
3 0.505202 0.354680 0.410532 0.354680 0.410532 0.363393 0.505202 0.363393
2 0.490596 0.354680 0.459000 0.354680 0.459000 0.363393 0.490596 0.363393
3 0.410532 0.347057 0.367900 0.347057 0.367900 0.363393 0.410532 0.363393
3 0.260827 0.124541 0.260827 0.271697 0.270041 0.265474 0.270041 0.124541
3 0.270041 0.265474 0.325075 0.265474 0.325075 0.271697 0.260827 0.271697
2 0.272300 0.265474 0.294786 0.265474 0.294786 0.271697 0.272300 0.271697
0 0.696609 0.697568 0.696605 0.751727 0.775647 0.751957 0.775595 0.697568 0.696609 0.697568
0 0.769238 0.420557 0.765095 0.420557 0.765095 0.610035 0.705915 0.610035 0.705915 0.341699 0.769238 0.341699
0 0.842071 0.360866 0.895607 0.360866 0.895607 0.341699 0.983939 0.341699 0.983939 0.682011 0.770704 0.682011 0.770704 0.420557 0.769238 0.420557 0.769238 0.341699 0.842071 0.341699
0 0.895619 0.164437 0.814702 0.164437 0.814702 0.045403 0.895619 0.045403
0 0.983939 0.332987 0.871583 0.332987 0.871583 0.164524 0.814702 0.164524 0.814702 0.164437 0.895619 0.164437 0.895619 0.045403 0.983939 0.045403
0 0.809894 0.264528 0.866776 0.264528 0.866776 0.332987 0.631759 0.332987 0.631759 0.264528 0.705113 0.264528 0.705113 0.045403 0.809894 0.045403
0 0.700306 0.257060 0.554227 0.257060 0.554227 0.045403 0.700306 0.045403
0 0.700306 0.682011 0.554227 0.682011 0.554227 0.504499 0.700306 0.504499
0 0.700306 0.495787 0.554227 0.495787 0.554227 0.341699 0.700306 0.341699
0 0.626952 0.264758 0.615483 0.264758 0.615483 0.278741 0.626952 0.278741 0.626952 0.332987 0.554227 0.332987 0.554227 0.264528 0.626952 0.264528
0 0.866776 0.172303 0.848957 0.172303 0.848957 0.188781 0.866776 0.188781 0.866776 0.257060 0.814702 0.257060 0.814702 0.171992 0.866776 0.171992
0 0.765095 0.682011 0.705915 0.682011 0.705915 0.618747 0.765095 0.618747
3 0.554227 0.045403 0.983939 0.045403 0.996871 0.029846 0.541808 0.029846
1 0.585782 0.045403 0.646606 0.045403 0.646606 0.029846 0.585782 0.029846
1 0.647459 0.045403 0.661067 0.045403 0.661067 0.029846 0.647459 0.029846
1 0.730828 0.045403 0.785274 0.045403 0.785274 0.029846 0.730828 0.029846
1 0.872256 0.045403 0.933844 0.045403 0.933844 0.029846 0.872256 0.029846
1 0.934718 0.045403 0.949243 0.045403 0.949243 0.029846 0.934718 0.029846
3 0.983939 0.045403 0.983939 0.682011 0.996871 0.697568 0.996871 0.029846
1 0.983939 0.383997 0.983939 0.474255 0.996871 0.474255 0.996871 0.383997
1 0.983939 0.475929 0.983939 0.503784 0.996871 0.503784 0.996871 0.475929
3 0.983939 0.682011 0.554227 0.682011 0.541808 0.697568 0.996871 0.697568
1 0.871335 0.682011 0.820046 0.682011 0.820046 0.697568 0.871335 0.697568
1 0.924418 0.682011 0.875998 0.682011 0.875998 0.697568 0.924418 0.697568
2 0.724002 0.682011 0.709304 0.682011 0.709304 0.697568 0.724002 0.697568
2 0.758966 0.682011 0.724222 0.682011 0.724222 0.697568 0.758966 0.697568
3 0.554227 0.682011 0.554227 0.045403 0.541808 0.029846 0.541808 0.697568
1 0.554227 0.631256 0.554227 0.539429 0.541808 0.539429 0.541808 0.631256
1 0.554227 0.536865 0.554227 0.511668 0.541808 0.511668 0.541808 0.536865
1 0.554227 0.493298 0.554227 0.402324 0.541808 0.402324 0.541808 0.493298
1 0.554227 0.400619 0.554227 0.377550 0.541808 0.377550 0.541808 0.400619
3 0.705915 0.682011 0.705915 0.341699 0.700306 0.332987 0.700306 0.682011
2 0.705915 0.598473 0.705915 0.550948 0.700306 0.550948 0.700306 0.598473
3 0.705915 0.332987 0.541808 0.332987 0.541808 0.341699 0.705915 0.341699
2 0.670918 0.332987 0.635653 0.332987 0.635653 0.341699 0.670918 0.341699
3 0.705915 0.504499 0.541808 0.504499 0.541808 0.495787 0.705915 0.495787
3 0.770704 0.697568 0.770704 0.420557 0.765095 0.420557 0.765095 0.697568
3 0.705915 0.618747 0.765095 0.618747 0.765095 0.610035 0.705915 0.610035
2 0.724667 0.618747 0.759186 0.618747 0.759186 0.610035 0.724667 0.610035
2 0.709748 0.618747 0.724222 0.618747 0.724222 0.610035 0.709748 0.610035
3 0.700306 0.332987 0.996871 0.332987 0.996871 0.341699 0.705915 0.341699
2 0.742714 0.332987 0.809850 0.332987 0.809850 0.341699 0.742714 0.341699
2 0.896821 0.332987 0.957484 0.332987 0.957484 0.341699 0.896821 0.341699
3 0.842071 0.360866 0.895607 0.360866 0.895607 0.341363 0.842071 0.341363
3 0.866776 0.341699 0.866776 0.164524 0.871583 0.164524 0.871583 0.341699
3 0.866860 0.264528 0.809894 0.264528 0.814702 0.257060 0.866860 0.257060
2 0.842007 0.264528 0.817274 0.264528 0.817274 0.257060 0.842007 0.257060
3 0.814702 0.257060 0.814702 0.029846 0.809894 0.029846 0.809894 0.264528
3 0.866860 0.164524 0.814702 0.164524 0.814702 0.171992 0.866860 0.171992
3 0.848957 0.188781 0.866776 0.188781 0.866776 0.172303 0.848957 0.172303
3 0.554227 0.264528 0.705113 0.264528 0.700306 0.257060 0.554227 0.257060
2 0.640597 0.264528 0.670361 0.264528 0.670361 0.257060 0.640597 0.257060
3 0.700306 0.257060 0.700306 0.029846 0.705113 0.029846 0.705113 0.264528
3 0.626952 0.264528 0.626952 0.341699 0.631759 0.341699 0.631759 0.264528
2 0.626952 0.281012 0.626952 0.320136 0.631759 0.320136 0.631759 0.281012
3 0.615483 0.278741 0.626952 0.278741 0.626952 0.264758 0.615483 0.264758
