0 0.592286 0.225758 0.285562 0.225758 0.285110 0.476350 0.592114 0.476350 0.592286 0.225758 0.585357 0.225758 0.592286 0.225758
0 0.879103 0.051677 0.879103 0.050363 0.991556 0.050363 0.991556 0.338743 0.879103 0.338743 0.879103 0.049299 0.879103 0.051677
0 0.585109 0.226914 0.285110 0.226914 0.423157 0.226914 0.423157 0.216736 0.383541 0.216736 0.383516 0.051677 0.585109 0.051677
0 0.851720 0.476350 0.592114 0.476350 0.592114 0.051677 0.851720 0.051677
0 0.368258 0.862643 0.242043 0.862643 0.242043 0.661266 0.285110 0.661266 0.285110 0.476350 0.368258 0.476350
0 0.278105 0.382407 0.063381 0.382407 0.063381 0.051677 0.278105 0.051677
0 0.276832 0.650163 0.193722 0.650163 0.193722 0.595118 0.063381 0.595118 0.063381 0.393510 0.276832 0.393510 0.277010 0.393242
0 0.235038 0.862643 0.235140 0.862643 0.235140 0.977793 0.063381 0.977793 0.063381 0.761187 0.193722 0.761187 0.193722 0.702487 0.235038 0.702487
0 0.182260 0.744532 0.067202 0.744532 0.067202 0.611773 0.182260 0.611773
0 0.343371 0.087068 0.370608 0.087068 0.370608 0.216736 0.285110 0.216736 0.285110 0.051677 0.343371 0.051677
3 0.063381 0.051677 0.343371 0.051677 0.343371 0.032246 0.031541 0.032246
3 0.343371 0.087068 0.383516 0.087068 0.383516 0.032246 0.343371 0.032246
3 0.383516 0.051677 0.851720 0.051677 0.879103 0.032246 0.370582 0.032246
3 0.851720 0.051677 0.851720 0.476350 0.879103 0.498557 0.879103 0.032246
2 0.851720 0.238295 0.851720 0.323633 0.879103 0.323633 0.879103 0.238295
1 0.851720 0.083904 0.851720 0.222408 0.879103 0.222408 0.879103 0.083904
1 0.851720 0.363540 0.851720 0.434639 0.879103 0.434639 0.879103 0.363540
3 0.851720 0.476350 0.368258 0.476350 0.383541 0.498557 0.879103 0.498557
3 0.368258 0.476350 0.368258 0.862643 0.383541 0.884850 0.383541 0.498557
3 0.368258 0.862643 0.235140 0.862643 0.250423 0.884850 0.383541 0.884850
2 0.338283 0.862643 0.277360 0.862643 0.277360 0.884850 0.338283 0.884850
3 0.235140 0.862643 0.235140 0.977793 0.250423 1.000000 0.250423 0.884850
3 0.235140 0.977793 0.063381 0.977793 0.031541 1.000000 0.250423 1.000000
3 0.063381 0.977793 0.063381 0.761187 0.031541 0.761187 0.031541 1.000000
1 0.063381 0.929661 0.063381 0.867519 0.031541 0.867519 0.031541 0.929661
3 0.067202 0.761187 0.067202 0.595118 0.031541 0.595118 0.031541 0.761187
1 0.067202 0.729542 0.067202 0.670038 0.031541 0.670038 0.031541 0.729542
3 0.063381 0.595118 0.063381 0.051677 0.031541 0.032246 0.031541 0.595118
1 0.063381 0.573661 0.063381 0.436212 0.031541 0.436212 0.031541 0.573661
1 0.063381 0.305609 0.063381 0.133406 0.031541 0.133406 0.031541 0.305609
3 0.031541 0.595118 0.193722 0.595118 0.182260 0.611773 0.031541 0.611773
3 0.193722 0.595118 0.193722 0.761187 0.182260 0.744532 0.182260 0.611773
3 0.193722 0.761187 0.031541 0.761187 0.031541 0.744532 0.182260 0.744532
2 0.176510 0.761187 0.123610 0.761187 0.123610 0.744532 0.176510 0.744532
3 0.285110 0.661266 0.285110 0.382407 0.276832 0.382407 0.276832 0.650163
2 0.285110 0.582488 0.285110 0.504201 0.276832 0.504201 0.276832 0.582488
3 0.285110 0.382407 0.031541 0.382407 0.031541 0.393510 0.276832 0.393510
3 0.182260 0.702487 0.235191 0.702487 0.235191 0.650163 0.182260 0.650163
3 0.235191 0.661266 0.285110 0.661266 0.276832 0.650163 0.235191 0.650163
3 0.242043 0.661266 0.242043 0.862643 0.235038 0.862643 0.235038 0.661266
2 0.242043 0.781746 0.242043 0.859682 0.235038 0.859682 0.235038 0.781746
3 0.285110 0.382407 0.285110 0.032246 0.278105 0.032246 0.278105 0.382407
2 0.285110 0.313455 0.285110 0.233123 0.278105 0.233123 0.278105 0.313455
3 0.278105 0.226914 0.423157 0.226914 0.423157 0.216736 0.278105 0.216736
2 0.290752 0.226914 0.339595 0.226914 0.339595 0.216736 0.290752 0.216736
3 0.383516 0.051677 0.383541 0.226914 0.370608 0.226914 0.370582 0.032246
