0 0.662436 0.360309 0.646139 0.360309 0.646139 0.382616 0.542587 0.382616 0.542587 0.204471 0.662436 0.204471
0 0.662436 0.807799 0.662256 0.882181 0.542618 0.882181 0.542618 0.536315 0.542587 0.536315 0.542587 0.396719 0.662436 0.396719
0 0.973461 0.808116 0.924943 0.808116 0.924943 0.878655 0.725178 0.878655 0.725358 0.808069 0.662436 0.807799 0.670261 0.807811 0.670261 0.564157 0.972678 0.564157
0 0.972678 0.552405 0.670261 0.552405 0.670261 0.204471 0.972326 0.204471
0 0.372725 0.143240 0.533198 0.143240 0.533198 0.536315 0.100665 0.536315 0.100665 0.331997 0.149378 0.263703 0.149378 0.131252 0.372725 0.131252
0 0.135295 0.154687 0.057625 0.154687 0.036922 0.186066 0.036922 0.327755 0.077975 0.327755 0.077975 0.322454 0.135295 0.242102 0.135295 0.154687 0.135295 0.154687
3 1.000000 0.902160 0.662256 0.902160 0.662256 0.878655 0.973461 0.878655
3 0.662256 0.902160 0.533229 0.902160 0.542618 0.882181 0.662256 0.882181
2 0.644566 0.902160 0.579430 0.902160 0.579430 0.882181 0.644566 0.882181
3 0.077975 0.550301 0.077975 0.322454 0.100665 0.331997 0.100665 0.550301
1 0.077975 0.534317 0.077975 0.332409 0.100665 0.332409 0.100665 0.534317
3 0.077975 0.322454 0.135295 0.242102 0.149378 0.263703 0.100665 0.331997
1 0.087090 0.309691 0.134653 0.243007 0.148384 0.265102 0.100814 0.331786
3 0.135295 0.242102 0.135295 0.111273 0.149378 0.131252 0.149378 0.263703
2 0.135295 0.236978 0.135295 0.157860 0.149378 0.157860 0.149378 0.236978
3 0.135295 0.111273 0.372725 0.111273 0.372725 0.131252 0.149378 0.131252
3 0.372725 0.111273 0.541077 0.111273 0.533198 0.143240 0.372725 0.143240
3 0.541077 0.111273 0.541077 0.184491 0.533198 0.204471 0.533198 0.143240
3 0.533198 0.204471 0.972326 0.204471 0.998795 0.184491 0.541077 0.184491
3 0.998795 0.184491 1.000000 0.902160 0.973461 0.878655 0.972326 0.204471
1 0.999053 0.342046 0.999319 0.496298 0.972819 0.496392 0.972561 0.342152
1 0.999484 0.596853 0.999765 0.763280 0.973265 0.763386 0.972983 0.596947
3 0.662436 0.184491 0.662436 0.807799 0.670261 0.807811 0.670261 0.184491
2 0.662436 0.708619 0.662436 0.791157 0.670261 0.791157 0.670261 0.708619
2 0.662436 0.431483 0.662436 0.527054 0.670261 0.527054 0.670261 0.431483
3 0.662436 0.807799 0.662256 0.902160 0.725178 0.902430 0.725358 0.808069
3 0.662436 0.564157 0.999437 0.564169 0.999437 0.552416 0.662436 0.552405
3 0.533198 0.204471 0.533198 0.536315 0.542587 0.550418 0.542587 0.204471
2 0.533198 0.424678 0.533198 0.510424 0.542587 0.510424 0.542587 0.424678
3 0.542618 0.882181 0.542618 0.536315 0.533229 0.536315 0.533229 0.902160
3 0.533198 0.536315 0.077975 0.536315 0.077975 0.550418 0.542587 0.550418
3 0.533198 0.396719 0.646139 0.396719 0.646139 0.382616 0.533198 0.382616
2 0.574689 0.396719 0.632533 0.396719 0.632533 0.382616 0.574689 0.382616
3 0.646139 0.396719 0.670261 0.396719 0.670261 0.360309 0.646139 0.360309
3 0.135295 0.111273 0.078499 0.111273 0.078499 0.154687 0.135295 0.154687
3 0.924943 0.902160 0.924943 0.808116 0.931203 0.817918 0.931203 0.902160
3 0.924943 0.808116 0.999843 0.808116 0.999843 0.817918 0.931203 0.817918
2 0.934254 0.808116 0.971184 0.808116 0.971184 0.817918 0.934254 0.817918
