0 0.504075 0.584214 0.485013 0.584214 0.485013 0.600434 0.430750 0.600434 0.430750 0.454203 0.504075 0.454203
0 0.438986 0.989755 0.297653 0.989755 0.297726 0.875149 0.438986 0.875149
0 0.422862 0.695936 0.348682 0.695936 0.348682 0.556263 0.104989 0.556263 0.104812 0.454203 0.422862 0.454203
0 0.104871 0.562727 0.340794 0.562749 0.340794 0.750859 0.104989 0.750859 0.104871 0.562727 0.104871 0.562727
0 0.430750 0.600434 0.504674 0.600434 0.504674 0.750390 0.430750 0.750826 0.430750 0.599134 0.430750 0.600434
0 0.348682 0.702406 0.422862 0.702406 0.422862 0.750826 0.348682 0.750859 0.348682 0.702406 0.348682 0.702406
0 0.297732 0.767035 0.451305 0.767035 0.451476 0.864904 0.297732 0.864904 0.297732 0.767035 0.297732 0.767035
3 0.091856 0.767035 0.517879 0.767035 0.504075 0.750859 0.104989 0.750859
2 0.352705 0.767035 0.409236 0.767035 0.409236 0.750859 0.352705 0.750859
1 0.165188 0.767035 0.283317 0.767035 0.283317 0.750859 0.165188 0.750859
3 0.517879 0.767035 0.517879 0.604747 0.504075 0.604747 0.504075 0.750859
3 0.517879 0.604747 0.517879 0.584214 0.485013 0.584214 0.485013 0.600434
3 0.517879 0.584214 0.517879 0.438567 0.504075 0.454203 0.504075 0.584214
3 0.517879 0.438567 0.091652 0.438567 0.104812 0.454203 0.504075 0.454203
3 0.091652 0.438567 0.091856 0.767035 0.104989 0.750859 0.104812 0.454203
3 0.285243 0.864904 0.451476 0.864904 0.438986 0.875149 0.297726 0.875149
2 0.353908 0.864904 0.408269 0.864904 0.408269 0.875149 0.353908 0.875149
3 0.451476 0.864904 0.451476 1.000000 0.438986 0.989755 0.438986 0.875149
3 0.451476 1.000000 0.285157 1.000000 0.297653 0.989755 0.438986 0.989755
3 0.285157 1.000000 0.285243 0.864904 0.297726 0.875149 0.297653 0.989755
3 0.348682 0.750859 0.348682 0.556263 0.340794 0.562733 0.340794 0.750859
2 0.348682 0.641429 0.348682 0.597576 0.340794 0.597576 0.340794 0.641429
3 0.348682 0.556263 0.104871 0.556257 0.104871 0.562727 0.340794 0.562733
3 0.348682 0.702406 0.430750 0.702406 0.422862 0.695936 0.348682 0.695936
2 0.353020 0.702406 0.406817 0.702406 0.406817 0.695936 0.353020 0.695936
3 0.430750 0.695936 0.430750 0.750859 0.422862 0.750859 0.422862 0.695936
3 0.430750 0.702406 0.430750 0.438567 0.422862 0.438567 0.422862 0.695936
2 0.430750 0.674320 0.430750 0.641833 0.422862 0.641833 0.422862 0.674320
2 0.430750 0.555615 0.430750 0.523264 0.422862 0.523264 0.422862 0.555615
3 0.517879 0.604747 0.422862 0.604747 0.422862 0.600434 0.485013 0.600434
0 0.987511 0.558818 0.835772 0.558818 0.835772 0.256577 0.987511 0.256577
0 0.827884 0.558818 0.587392 0.558818 0.587872 0.256577 0.827884 0.256577
0 0.586597 0.564749 0.828456 0.564814 0.828541 0.751430 0.587392 0.751161 0.586597 0.564749 0.586597 0.564749
0 0.835772 0.564814 0.987511 0.564814 0.987655 0.751161 0.934083 0.751161 0.934083 0.703695 0.905147 0.664814 0.835312 0.664814 0.835312 0.565240 0.835772 0.564814
0 0.835647 0.671284 0.900716 0.671284 0.926195 0.705512 0.926182 0.751161 0.835647 0.751430 0.835647 0.671284 0.835647 0.671284
3 0.575541 0.766878 1.000000 0.766878 0.987655 0.751161 0.587392 0.751161
1 0.648938 0.766878 0.788661 0.766878 0.788661 0.751161 0.648938 0.751161
1 0.876711 0.766878 0.924597 0.766878 0.924597 0.751161 0.876711 0.751161
3 1.000000 0.766878 1.000000 0.665434 0.987655 0.665434 0.987655 0.751161
3 1.000000 0.665434 1.000000 0.242558 0.987511 0.256577 0.987511 0.665434
3 1.000000 0.242558 0.576060 0.242558 0.587872 0.256577 0.987511 0.256577
2 0.821955 0.242558 0.772103 0.242558 0.772103 0.256577 0.821955 0.256577
1 0.961638 0.242558 0.864465 0.242558 0.864465 0.256577 0.961638 0.256577
1 0.761152 0.242558 0.622777 0.242558 0.622777 0.256577 0.761152 0.256577
3 0.576060 0.242558 0.575541 0.766878 0.587392 0.751161 0.587872 0.256577
3 0.835772 0.751161 0.835772 0.564749 0.828541 0.564749 0.828541 0.751161
3 0.828541 0.558818 0.575744 0.558818 0.575744 0.564749 0.828541 0.564749
2 0.780753 0.558818 0.734832 0.558818 0.734832 0.564749 0.780753 0.564749
3 0.835772 0.558818 0.987511 0.558818 0.970420 0.564749 0.835772 0.564749
2 0.839157 0.558818 0.884855 0.558818 0.884855 0.564749 0.839157 0.564749
3 0.987511 0.558818 0.987511 0.591817 0.970420 0.591817 0.970420 0.564749
3 0.835772 0.564749 0.835772 0.242558 0.827884 0.242558 0.827884 0.564749
2 0.835772 0.558295 0.835772 0.454230 0.827884 0.454230 0.827884 0.558295
3 0.934083 0.751161 0.934083 0.703695 0.926195 0.705512 0.926195 0.751161
3 0.934083 0.703695 0.905147 0.664814 0.900716 0.671284 0.926195 0.705512
2 0.929613 0.697683 0.911418 0.673241 0.904687 0.676611 0.922882 0.701058
3 0.905147 0.664814 0.828541 0.664814 0.828541 0.671284 0.900716 0.671284
