0 0.110505 0.857294 0.260405 0.857294 0.260405 0.766444 0.111537 0.766444 0.111537 0.857301 0.110505 0.857294
0 0.286714 0.610167 0.351566 0.610167 0.225898 0.610348 0.219120 0.610348 0.119215 0.610710 0.119215 0.419903 0.286714 0.419903
0 0.219120 0.690535 0.119215 0.690535 0.119215 0.610710 0.219120 0.610348
0 0.461642 0.514961 0.461642 0.757170 0.225926 0.757170 0.225926 0.610348 0.351566 0.610167 0.351566 0.514961
0 0.461642 0.419903 0.119215 0.419903 0.119215 0.177532 0.461642 0.177532
0 0.251654 0.991534 0.113455 0.991534 0.113455 0.866878 0.251654 0.866878
0 0.461642 0.509144 0.292945 0.509144 0.292945 0.427658 0.461642 0.427658
0 0.219120 0.757170 0.119215 0.757170 0.119215 0.695059 0.219120 0.695059
0 0.345335 0.604351 0.292945 0.604351 0.292945 0.514961 0.345335 0.514961
3 0.106753 0.165900 0.106753 0.768803 0.119215 0.768803 0.119215 0.177532
3 0.113455 0.768803 0.474104 0.768803 0.461642 0.757170 0.106753 0.757170
2 0.159426 0.768803 0.212647 0.768803 0.212647 0.757170 0.159426 0.757170
1 0.293831 0.768803 0.373209 0.768803 0.373209 0.757170 0.293831 0.757170
1 0.373209 0.768803 0.406871 0.768803 0.406871 0.757170 0.373209 0.757170
3 0.474104 0.768803 0.474104 0.165900 0.461642 0.177532 0.461642 0.757170
3 0.474104 0.165900 0.106753 0.165900 0.119215 0.177532 0.461642 0.177532
1 0.271926 0.165900 0.253059 0.165900 0.253059 0.177532 0.271926 0.177532
1 0.388627 0.165900 0.272279 0.165900 0.272279 0.177532 0.388627 0.177532
2 0.250615 0.165900 0.198904 0.165900 0.198904 0.177532 0.250615 0.177532
3 0.474104 0.427658 0.292945 0.427658 0.286714 0.419903 0.474104 0.419903
3 0.286714 0.419903 0.286714 0.610167 0.292945 0.604351 0.292945 0.427658
2 0.286714 0.468443 0.286714 0.505280 0.292945 0.505280 0.292945 0.468443
2 0.286714 0.545083 0.286714 0.584459 0.292945 0.584459 0.292945 0.545083
3 0.286714 0.610167 0.351566 0.610167 0.345335 0.604351 0.292945 0.604351
3 0.351566 0.610167 0.351566 0.514961 0.345335 0.509144 0.345335 0.604351
3 0.345335 0.509144 0.286714 0.509144 0.286714 0.514961 0.345335 0.514961
3 0.345335 0.509144 0.474104 0.509144 0.474104 0.514961 0.351566 0.514961
3 0.219120 0.610348 0.219120 0.768803 0.225926 0.768803 0.225926 0.610348
3 0.106753 0.695059 0.225926 0.695059 0.225926 0.690535 0.106753 0.690535
2 0.158720 0.695059 0.215479 0.695059 0.215479 0.690535 0.158720 0.690535
3 0.106753 0.757170 0.106753 1.000000 0.113455 0.991534 0.113455 0.768803
3 0.106753 1.000000 0.261194 1.000000 0.251654 0.991534 0.113455 0.991534
3 0.261194 1.000000 0.261194 0.856881 0.251654 0.866878 0.251654 0.991534
3 0.261194 0.856881 0.106753 0.856881 0.106753 0.866878 0.251654 0.866878
2 0.228966 0.856881 0.178231 0.856881 0.178231 0.866878 0.228966 0.866878
0 0.862579 0.497008 0.873546 0.497008 0.873546 0.497505 0.768150 0.497505 0.768150 0.442904 0.862579 0.442904
0 0.873546 0.633917 0.768150 0.633917 0.768150 0.497505 0.873546 0.497505
0 0.727039 0.579754 0.762612 0.579754 0.762612 0.754766 0.532642 0.754766 0.532642 0.544630 0.727039 0.544630
0 0.873546 0.436441 0.768150 0.436441 0.768150 0.422275 0.707252 0.422275 0.707252 0.182017 0.873546 0.181920
0 0.699518 0.422275 0.532642 0.422275 0.532642 0.182017 0.699518 0.182017
0 0.762612 0.575230 0.731885 0.575230 0.731885 0.540107 0.532642 0.540107 0.532642 0.427445 0.762612 0.427445
0 0.873546 0.754766 0.768150 0.754766 0.768150 0.643565 0.873546 0.643565
3 0.519488 0.164478 0.519488 0.770276 0.532642 0.754766 0.532642 0.182017
3 0.519488 0.770276 0.890162 0.770276 0.873546 0.754766 0.532642 0.754766
1 0.641860 0.770276 0.668051 0.770276 0.668051 0.754766 0.641860 0.754766
1 0.667608 0.770276 0.754186 0.770276 0.754186 0.754766 0.667608 0.754766
1 0.781713 0.770276 0.822112 0.770276 0.822112 0.754766 0.781713 0.754766
3 0.890162 0.770276 0.890162 0.164375 0.873546 0.181920 0.873546 0.754766
3 0.890162 0.164375 0.519488 0.164478 0.532642 0.182017 0.873546 0.181920
1 0.628705 0.164452 0.603365 0.164459 0.603372 0.181998 0.628712 0.181991
1 0.697954 0.164433 0.628705 0.164452 0.628712 0.181991 0.697954 0.181972
1 0.783666 0.164407 0.709350 0.164426 0.709356 0.181966 0.783673 0.181946
1 0.803938 0.164400 0.783666 0.164407 0.783673 0.181946 0.803938 0.181940
3 0.519488 0.422275 0.768150 0.422275 0.762612 0.427445 0.519488 0.427445
2 0.647433 0.422275 0.695461 0.422275 0.695461 0.427445 0.647433 0.427445
2 0.710326 0.422275 0.759392 0.422275 0.759392 0.427445 0.710326 0.427445
3 0.768150 0.422275 0.768150 0.770276 0.762612 0.770276 0.762612 0.427445
2 0.768150 0.494649 0.768150 0.534529 0.762612 0.534529 0.762612 0.494649
3 0.762612 0.436441 0.890162 0.436441 0.890162 0.442904 0.762612 0.442904
3 0.762612 0.633917 0.890162 0.633917 0.890162 0.643565 0.762612 0.643565
2 0.772305 0.633917 0.812073 0.633917 0.812073 0.643565 0.772305 0.643565
3 0.519488 0.540107 0.731885 0.540107 0.727039 0.544630 0.519488 0.544630
2 0.672399 0.540107 0.722684 0.540107 0.722684 0.544630 0.672399 0.544630
3 0.731885 0.540107 0.731885 0.575230 0.727039 0.579754 0.727039 0.544630
3 0.727039 0.579754 0.768150 0.579754 0.768150 0.575230 0.731885 0.575230
3 0.699518 0.164426 0.699518 0.427445 0.707252 0.427445 0.707252 0.164426
3 0.862579 0.436441 0.862579 0.497008 0.877901 0.497008 0.877901 0.436441
