0 0.322564 0.871974 0.063042 0.871974 0.063042 0.494117 0.322564 0.494117
0 0.285159 0.184611 0.322564 0.184611 0.322564 0.474221 0.063042 0.474221 0.063042 0.101895 0.285159 0.101895
0 0.509551 0.642225 0.446259 0.642225 0.446259 0.871974 0.330007 0.871974 0.330007 0.353796 0.509551 0.353796
0 0.820273 0.642225 0.509551 0.642225 0.509551 0.101895 0.820273 0.101895
0 0.427543 0.339205 0.330007 0.339205 0.330007 0.101895 0.427543 0.101895
0 0.502108 0.339205 0.435663 0.339205 0.435663 0.101895 0.502108 0.101895
0 0.936837 0.083259 0.839219 0.083259 0.839219 0.644944 0.936837 0.644944 0.936837 0.083259 0.936837 0.083259
3 0.063042 0.871974 0.446259 0.871974 0.456408 0.891870 0.040713 0.891870
2 0.387689 0.871974 0.442842 0.871974 0.442842 0.891870 0.387689 0.891870
3 0.446259 0.871974 0.446259 0.642225 0.456408 0.662121 0.456408 0.891870
3 0.446259 0.642225 0.820273 0.642225 0.839219 0.662121 0.456408 0.662121
3 0.820273 0.642225 0.820273 0.101895 0.839219 0.059450 0.839219 0.662121
1 0.820273 0.493361 0.820273 0.131103 0.839219 0.131103 0.839219 0.493361
2 0.820273 0.595084 0.820273 0.503177 0.839219 0.503177 0.839219 0.595084
3 0.820273 0.101895 0.063042 0.101895 0.040713 0.059450 0.839219 0.059450
3 0.063042 0.101895 0.063042 0.871974 0.040713 0.891870 0.040713 0.059450
1 0.063042 0.538207 0.063042 0.802709 0.040713 0.802709 0.040713 0.538207
1 0.063042 0.182860 0.063042 0.437015 0.040713 0.437015 0.040713 0.182860
3 0.330007 0.871974 0.330007 0.184611 0.322564 0.184611 0.322564 0.871974
2 0.330007 0.605019 0.330007 0.502089 0.322564 0.502089 0.322564 0.605019
2 0.330007 0.465082 0.330007 0.362165 0.322564 0.362165 0.322564 0.465082
3 0.330007 0.184611 0.330007 0.101895 0.285159 0.101895 0.285159 0.184611
3 0.322564 0.474221 0.063042 0.474221 0.063042 0.494117 0.322564 0.494117
3 0.330007 0.339205 0.502108 0.339205 0.509551 0.353796 0.330007 0.353796
2 0.359961 0.339205 0.400079 0.339205 0.400079 0.353796 0.359961 0.353796
2 0.439303 0.339205 0.477648 0.339205 0.477648 0.353796 0.439303 0.353796
3 0.509551 0.353796 0.509551 0.101895 0.502108 0.101895 0.502108 0.339205
3 0.435663 0.101895 0.435663 0.339205 0.427543 0.339205 0.427543 0.101895
3 0.839219 0.071322 0.942926 0.071322 0.942926 0.083259 0.839219 0.083259
3 0.839219 0.644944 0.943014 0.644944 0.943014 0.656882 0.839219 0.656882
