0 0.225518 0.996000 0.493372 0.996000 0.493372 0.850394 0.225036 0.850394 0.225036 0.995664 0.225518 0.996000
0 0.363067 0.667328 0.309754 0.667328 0.309754 0.550410 0.363067 0.550410
0 0.484929 0.680174 0.430708 0.680174 0.430708 0.550410 0.484929 0.550410
0 0.426836 0.687871 0.484929 0.687871 0.484929 0.828291 0.366938 0.828291 0.366938 0.550410 0.426836 0.550410
0 0.484929 0.537116 0.355757 0.537116 0.355757 0.260956 0.484929 0.260949
0 0.493826 0.687997 0.526146 0.687997 0.535937 0.687997 0.535937 0.801612 0.493259 0.801612 0.493259 0.687605 0.493826 0.687997
0 0.105307 0.248354 0.105307 0.081619 0.359551 0.081619 0.359551 0.246780 0.105039 0.246780 0.105307 0.248354
0 0.351885 0.537116 0.292445 0.537116 0.292445 0.549808 0.118469 0.549808 0.118469 0.537116 0.095156 0.537116 0.095156 0.501355 0.075870 0.465174 0.075870 0.330253 0.094459 0.292484 0.094811 0.260956 0.351885 0.260956
0 0.292445 0.550410 0.305882 0.550410 0.305882 0.675024 0.363067 0.675024 0.363067 0.809351 0.356922 0.809351 0.356922 0.828291 0.226169 0.828291 0.226169 0.630783 0.226152 0.630783 0.226152 0.549808 0.292445 0.549808
0 0.226152 0.630783 0.222298 0.630783 0.222298 0.828291 0.095156 0.828291 0.095156 0.550410 0.118469 0.550410 0.118469 0.549808 0.226152 0.549808
3 0.083310 0.240665 0.495839 0.240658 0.484929 0.260949 0.083310 0.260956
2 0.189746 0.240665 0.220119 0.240665 0.220119 0.260956 0.189746 0.260956
1 0.399648 0.240658 0.439668 0.240658 0.439668 0.260949 0.399648 0.260949
1 0.266242 0.240665 0.306948 0.240665 0.306948 0.260956 0.266242 0.260956
1 0.223730 0.240665 0.266063 0.240665 0.266063 0.260956 0.223730 0.260956
1 0.115594 0.240665 0.157135 0.240665 0.157135 0.260956 0.115594 0.260956
3 0.495839 0.240658 0.495839 0.852081 0.484929 0.828291 0.484929 0.260949
2 0.495839 0.719049 0.495839 0.779075 0.484929 0.779075 0.484929 0.719049
1 0.495839 0.594805 0.495839 0.633568 0.484929 0.633568 0.484929 0.594805
1 0.495839 0.438397 0.495839 0.478517 0.484929 0.478517 0.484929 0.438397
3 0.495839 0.852081 0.083190 0.852081 0.095156 0.828291 0.484929 0.828291
2 0.307086 0.852081 0.274569 0.852081 0.274569 0.828291 0.307086 0.828291
1 0.156367 0.852081 0.139910 0.852081 0.139910 0.828291 0.156367 0.828291
1 0.177400 0.852081 0.155758 0.852081 0.155758 0.828291 0.177400 0.828291
1 0.441720 0.852081 0.400331 0.852081 0.400331 0.828291 0.441720 0.828291
3 0.083190 0.852081 0.083190 0.511612 0.095156 0.501355 0.095156 0.828291
3 0.083190 0.511612 0.063903 0.475438 0.075870 0.465174 0.095156 0.501355
1 0.083384 0.511976 0.068616 0.484275 0.076827 0.466972 0.091595 0.494673
3 0.063903 0.475438 0.063903 0.320555 0.075870 0.330253 0.075870 0.465174
1 0.063903 0.397269 0.063903 0.330715 0.075870 0.330715 0.075870 0.397269
1 0.063903 0.463187 0.063903 0.395366 0.075870 0.395366 0.075870 0.463187
3 0.063903 0.320555 0.082599 0.282562 0.094459 0.292484 0.075870 0.330253
1 0.069285 0.309612 0.081913 0.283955 0.090465 0.300593 0.077840 0.326251
3 0.082599 0.282562 0.083067 0.240658 0.095033 0.241190 0.094459 0.292484
3 0.083190 0.537116 0.118469 0.537116 0.118469 0.550410 0.083190 0.550410
3 0.173180 0.537116 0.237108 0.537116 0.237108 0.550410 0.173180 0.550410
3 0.292445 0.537116 0.495839 0.537116 0.495839 0.550410 0.292445 0.550410
3 0.363067 0.537116 0.363067 0.852081 0.366938 0.852081 0.366938 0.537116
2 0.363067 0.716915 0.363067 0.777669 0.366938 0.777669 0.366938 0.716915
3 0.305882 0.537116 0.305882 0.675024 0.309754 0.667328 0.309754 0.537116
2 0.305882 0.609268 0.305882 0.666306 0.309754 0.666306 0.309754 0.609268
3 0.305882 0.675024 0.366938 0.675024 0.366938 0.667328 0.309754 0.667328
3 0.426836 0.537116 0.426836 0.687871 0.430708 0.680174 0.430708 0.537116
2 0.426836 0.630888 0.426836 0.672687 0.430708 0.672687 0.430708 0.630888
3 0.426836 0.687871 0.495839 0.687871 0.495839 0.680174 0.430708 0.680174
3 0.222298 0.630783 0.222298 0.852081 0.226169 0.852081 0.226169 0.630783
3 0.351885 0.240658 0.351885 0.550410 0.355757 0.550410 0.355757 0.240658
2 0.351885 0.406414 0.351885 0.488292 0.355757 0.488292 0.355757 0.406414
3 0.356922 0.852081 0.356922 0.809351 0.366449 0.809351 0.366449 0.852081
0 0.844589 0.804159 0.831690 0.804159 0.844589 0.780153
0 0.851054 0.831062 0.761687 0.831062 0.761687 0.813255 0.851054 0.813255
0 0.844589 0.769321 0.826199 0.804159 0.761687 0.804159 0.761687 0.631686 0.844589 0.631686
0 0.713041 0.831062 0.595948 0.831062 0.595948 0.811562 0.585829 0.811562 0.585477 0.669238 0.713041 0.669238
0 0.975102 0.540285 0.848108 0.540285 0.848108 0.264629 0.975102 0.264629
0 0.975102 0.831062 0.863956 0.831062 0.863956 0.804159 0.848108 0.804159 0.848108 0.548682 0.975102 0.548682
0 0.713041 0.660142 0.585477 0.660142 0.585002 0.264629 0.713041 0.264629
0 0.844589 0.623289 0.757112 0.623289 0.757112 0.831062 0.717616 0.831062 0.717616 0.264629 0.844589 0.264629
0 0.706118 0.247816 0.706118 0.084061 0.851357 0.084061 0.851357 0.247270 0.706393 0.247270 0.706118 0.247816
3 0.573708 0.242239 0.986364 0.242239 0.975102 0.264629 0.585002 0.264629
2 0.786552 0.242239 0.815951 0.242239 0.815951 0.264629 0.786552 0.264629
1 0.743013 0.242239 0.781615 0.242239 0.781615 0.264629 0.743013 0.264629
3 0.986364 0.242239 0.986364 0.853452 0.975102 0.831062 0.975102 0.264629
1 0.986364 0.570141 0.986364 0.649717 0.975102 0.649717 0.975102 0.570141
1 0.986364 0.441273 0.986364 0.520253 0.975102 0.520253 0.975102 0.441273
3 0.986364 0.853452 0.574598 0.853452 0.585829 0.831062 0.975102 0.831062
3 0.574598 0.853452 0.573708 0.242239 0.585002 0.264629 0.585829 0.831062
1 0.574113 0.519743 0.573989 0.436480 0.585252 0.436410 0.585375 0.519680
1 0.574299 0.649269 0.574187 0.570540 0.585449 0.570470 0.585562 0.649199
3 0.713041 0.242239 0.713041 0.853452 0.717616 0.853452 0.717616 0.242239
2 0.713041 0.435913 0.713041 0.497115 0.717616 0.497115 0.717616 0.435913
3 0.574331 0.669238 0.717616 0.669238 0.717616 0.660142 0.574331 0.660142
2 0.640444 0.669238 0.667808 0.669238 0.667808 0.660142 0.640444 0.660142
3 0.761687 0.853452 0.761687 0.631686 0.757112 0.623289 0.757112 0.853452
3 0.757112 0.813255 0.851054 0.813255 0.863956 0.804159 0.757112 0.804159
3 0.851054 0.813255 0.851054 0.853452 0.863956 0.853452 0.863956 0.804159
3 0.848108 0.813255 0.848108 0.242239 0.844589 0.242239 0.844589 0.813255
2 0.848108 0.616873 0.848108 0.557337 0.844589 0.557337 0.844589 0.616873
2 0.848108 0.532421 0.848108 0.476684 0.844589 0.476684 0.844589 0.532421
3 0.844589 0.548682 0.986364 0.548682 0.986364 0.540285 0.844589 0.540285
3 0.761687 0.631686 0.848108 0.631686 0.848108 0.623289 0.757112 0.623289
2 0.774417 0.631686 0.806490 0.631686 0.806490 0.623289 0.774417 0.623289
3 0.583897 0.853452 0.583897 0.811562 0.595948 0.811562 0.595948 0.853452
3 0.824088 0.808224 0.844589 0.769321 0.847264 0.774891 0.826762 0.813794
