0 0.398718 0.829859 0.398718 0.681457 0.615005 0.681457 0.615871 0.830019 0.398718 0.829859 0.398718 0.829859
0 0.573664 0.076664 0.573664 0.357748 0.087999 0.357748 0.087999 0.076364
0 0.584495 0.199427 0.584852 0.076664 0.900445 0.076924 0.900445 0.317096 0.584495 0.317096 0.584495 0.267784 0.573664 0.267784 0.573664 0.199427
0 0.573664 0.438719 0.691284 0.438719 0.691284 0.555181 0.424278 0.555181 0.424278 0.357748 0.573664 0.357748
0 0.413447 0.665458 0.087999 0.665458 0.087999 0.364414 0.413447 0.364414
0 0.900445 0.665458 0.702115 0.665458 0.702115 0.438719 0.900445 0.438719
0 0.601791 0.838679 0.601791 0.991334 0.412797 0.991334 0.412797 0.838539
0 0.894651 0.426686 0.702115 0.426686 0.702115 0.325569 0.894651 0.325569
0 0.691284 0.665458 0.561133 0.665458 0.561133 0.561848 0.691284 0.561848
0 0.550303 0.665458 0.424278 0.665458 0.424278 0.561848 0.550303 0.561848
0 0.691284 0.432052 0.584495 0.432052 0.584495 0.323763 0.691284 0.323763
3 0.062005 0.060211 0.062005 0.681457 0.087999 0.665458 0.087999 0.076364
1 0.062005 0.610633 0.062005 0.665078 0.087999 0.665078 0.087999 0.610633
3 0.062005 0.681457 0.921023 0.681457 0.900445 0.665458 0.087999 0.665458
2 0.432379 0.681457 0.531479 0.681457 0.531479 0.665458 0.432379 0.665458
1 0.088096 0.681457 0.252743 0.681457 0.252743 0.665458 0.088096 0.665458
1 0.627351 0.681457 0.670403 0.681457 0.670403 0.665458 0.627351 0.665458
1 0.728130 0.681457 0.817363 0.681457 0.817363 0.665458 0.728130 0.665458
3 0.921023 0.681457 0.921023 0.438719 0.900445 0.438719 0.900445 0.665458
3 0.921023 0.438719 0.921023 0.317123 0.894651 0.317123 0.894651 0.438719
3 0.921023 0.317123 0.921023 0.060798 0.900445 0.076924 0.900445 0.317123
3 0.921023 0.060798 0.062005 0.060211 0.087999 0.076364 0.900445 0.076924
2 0.510706 0.060518 0.423725 0.060458 0.423704 0.076597 0.510673 0.076657
1 0.672948 0.060631 0.625510 0.060598 0.625489 0.076737 0.672916 0.076771
1 0.790937 0.060711 0.672948 0.060631 0.672916 0.076771 0.790904 0.076851
1 0.382461 0.060431 0.305845 0.060378 0.305813 0.076517 0.382428 0.076571
1 0.305423 0.060378 0.230085 0.060325 0.230053 0.076464 0.305390 0.076517
1 0.230085 0.060325 0.150914 0.060271 0.150892 0.076411 0.230053 0.076464
3 0.062005 0.364414 0.413447 0.364414 0.424278 0.357748 0.062005 0.357748
3 0.413447 0.364414 0.413447 0.681457 0.424278 0.681457 0.424278 0.357748
2 0.413447 0.412213 0.413447 0.466898 0.424278 0.466898 0.424278 0.412213
3 0.921023 0.438719 0.702115 0.438719 0.691284 0.426686 0.921023 0.426686
2 0.785846 0.438719 0.718989 0.438719 0.718989 0.426686 0.785846 0.426686
3 0.691284 0.438719 0.691284 0.323763 0.702115 0.317096 0.702115 0.438719
3 0.702115 0.317096 0.921023 0.317096 0.921023 0.325569 0.702115 0.325569
3 0.691284 0.438719 0.573664 0.438719 0.584495 0.432052 0.691284 0.432052
3 0.573664 0.438719 0.573664 0.267784 0.584495 0.267784 0.584495 0.432052
2 0.573664 0.406580 0.573664 0.366041 0.584495 0.366041 0.584495 0.406580
3 0.573664 0.199427 0.573664 0.060565 0.584495 0.060565 0.584495 0.199427
3 0.702115 0.317096 0.573664 0.317096 0.573664 0.323763 0.691284 0.323763
3 0.691284 0.426686 0.691284 0.681457 0.702115 0.681457 0.702115 0.438719
2 0.691284 0.498963 0.691284 0.552875 0.702115 0.552875 0.702115 0.498963
3 0.413447 0.561848 0.702115 0.561848 0.702115 0.555181 0.413447 0.555181
2 0.430830 0.561848 0.529443 0.561848 0.529443 0.555181 0.430830 0.555181
2 0.598975 0.561848 0.684223 0.561848 0.684223 0.555181 0.598975 0.555181
3 0.550303 0.555181 0.550303 0.681457 0.561133 0.681457 0.561133 0.555181
3 0.398718 0.829859 0.398718 1.000000 0.412797 0.991334 0.412797 0.838539
3 0.412797 0.991334 0.601791 0.991334 0.615871 1.000000 0.398718 1.000000
3 0.601791 0.991334 0.601791 0.838679 0.615871 0.830019 0.615871 1.000000
3 0.615871 0.830019 0.398718 0.829859 0.412797 0.838539 0.601791 0.838679
2 0.548180 0.829972 0.461968 0.829906 0.461957 0.838572 0.548169 0.838639
