0 0.188057 0.109025 0.144898 0.109025 0.144898 0.095397 0.100881 0.095445 0.100881 0.392752 0.187491 0.360969 0.188057 0.109025
0 0.949755 0.435174 0.544341 0.435174 0.529000 0.435125 0.529000 0.117786 0.949755 0.117786
0 0.522641 0.435125 0.431865 0.435125 0.431865 0.434794 0.196357 0.434794 0.196357 0.380759 0.196878 0.109998 0.522641 0.109998
0 0.621296 0.445171 0.621296 0.617927 0.519874 0.617927 0.519874 0.694595 0.520205 0.753108 0.519874 0.753108 0.519874 0.774251 0.459893 0.774251 0.459893 0.752524 0.437138 0.752524 0.437138 0.810093 0.330087 0.810093 0.330087 0.675447 0.431865 0.675447 0.431865 0.444529
0 0.323727 0.773754 0.271035 0.773754 0.271035 0.894587 0.234332 0.950540 0.115687 0.950540 0.115687 0.744483 0.140834 0.744483 0.140834 0.735722 0.101778 0.735722 0.101778 0.675447 0.323727 0.675447
0 0.323727 0.665713 0.115687 0.665713 0.115687 0.444529 0.323727 0.444529
0 0.425505 0.665713 0.330087 0.665713 0.330087 0.474228 0.425505 0.474228
0 0.190633 0.434794 0.115687 0.434794 0.115687 0.410176 0.190633 0.382842
0 0.323727 0.826660 0.315148 0.826660 0.276759 0.885826 0.276759 0.782515 0.323727 0.782515
0 0.561334 0.753108 0.527201 0.753108 0.526565 0.694595 0.561334 0.694595
3 0.196878 0.109998 0.529000 0.109998 0.529000 0.067167 0.188057 0.067167
3 0.621296 0.435515 0.621296 0.617927 0.639104 0.633502 0.639104 0.463725
3 0.621296 0.617927 0.519874 0.617927 0.568279 0.633502 0.639104 0.633502
3 0.519874 0.617927 0.519874 0.694595 0.568279 0.679020 0.568279 0.633502
3 0.519874 0.694595 0.561334 0.694595 0.568330 0.679020 0.568279 0.679020
3 0.561334 0.694595 0.561334 0.753108 0.568330 0.764789 0.568330 0.679020
3 0.561334 0.753108 0.519874 0.753108 0.527506 0.764789 0.568330 0.764789
3 0.519874 0.753108 0.519874 0.774251 0.527506 0.783012 0.527506 0.764789
3 0.527506 0.783012 0.455581 0.783012 0.437138 0.774251 0.519874 0.774251
2 0.512293 0.783012 0.460021 0.783012 0.460021 0.774251 0.512293 0.774251
3 0.455581 0.783012 0.455581 0.854433 0.437138 0.826660 0.437138 0.774251
3 0.455581 0.854433 0.318601 0.854433 0.315148 0.826660 0.437138 0.826660
3 0.318601 0.854433 0.223647 1.000000 0.234332 0.950540 0.315148 0.826660
3 0.223647 1.000000 0.085160 1.000000 0.115687 0.950540 0.234332 0.950540
3 0.115687 0.950540 0.115687 0.744483 0.085160 0.744483 0.085160 1.000000
1 0.115687 0.876179 0.115687 0.746537 0.085160 0.746537 0.085160 0.876179
3 0.101778 0.735722 0.101778 0.675447 0.085160 0.675447 0.085160 0.744483
3 0.115687 0.410176 0.196357 0.380759 0.187491 0.360969 0.085160 0.398291
3 0.196357 0.380759 0.196878 0.109998 0.188057 0.067167 0.187491 0.360969
2 0.196732 0.185838 0.196872 0.112539 0.187968 0.112500 0.187828 0.185790
1 0.196395 0.361758 0.196713 0.194638 0.187809 0.194599 0.187491 0.361719
3 0.323727 0.826660 0.323727 0.434794 0.330087 0.474228 0.330087 0.826660
2 0.323727 0.757264 0.323727 0.679467 0.330087 0.679467 0.330087 0.757264
3 0.115687 0.675447 0.115687 0.434794 0.085160 0.434794 0.085160 0.675447
1 0.115687 0.627184 0.115687 0.483612 0.085160 0.483612 0.085160 0.627184
3 0.115687 0.434794 0.115687 0.410176 0.085160 0.398291 0.085160 0.434794
3 0.323727 0.434794 0.115687 0.434794 0.115687 0.444529 0.323727 0.444529
2 0.174440 0.434794 0.136840 0.434794 0.136840 0.444529 0.174440 0.444529
3 0.437138 0.774251 0.437138 0.752524 0.459893 0.752524 0.459893 0.774251
3 0.330087 0.810093 0.437138 0.810093 0.437138 0.826913 0.330087 0.826913
3 0.085160 0.675447 0.431865 0.675447 0.425505 0.665713 0.085160 0.665713
2 0.264154 0.675447 0.317679 0.675447 0.317679 0.665713 0.264154 0.665713
3 0.431865 0.675447 0.431865 0.444529 0.425505 0.434775 0.425505 0.665713
2 0.431865 0.582640 0.431865 0.532157 0.425505 0.532157 0.425505 0.582640
3 0.431865 0.434794 0.323727 0.434794 0.330087 0.474228 0.425505 0.474228
3 0.425505 0.434775 0.639104 0.435495 0.621296 0.445171 0.431865 0.444529
2 0.533281 0.435135 0.585757 0.435310 0.585744 0.445045 0.533268 0.444869
2 0.452236 0.434863 0.504966 0.435048 0.504954 0.444782 0.452217 0.444597
3 0.529000 0.067167 0.529000 0.435125 0.522641 0.435125 0.522641 0.109998
2 0.529000 0.212170 0.529000 0.350534 0.522641 0.350534 0.522641 0.212170
3 0.529000 0.067167 0.999998 0.067167 0.999998 0.117786 0.529000 0.117786
3 0.999998 0.067167 0.999998 0.463355 0.949755 0.435174 0.949755 0.067167
1 0.999998 0.127685 0.999998 0.413749 0.949755 0.413749 0.949755 0.127685
3 0.949755 0.435174 0.621296 0.435515 0.639104 0.463725 0.999998 0.463355
3 0.196357 0.380759 0.196357 0.434794 0.190633 0.434794 0.190633 0.382842
3 0.085160 0.744483 0.140834 0.744483 0.140834 0.735722 0.101778 0.735722
3 0.323727 0.773754 0.271035 0.773754 0.276759 0.782515 0.323727 0.782515
2 0.315790 0.773754 0.280371 0.773754 0.280371 0.782515 0.315790 0.782515
3 0.271035 0.773754 0.271035 0.896699 0.276759 0.896699 0.276759 0.782515
3 0.188057 0.067167 0.144898 0.067167 0.144898 0.109025 0.188057 0.109025
3 0.144898 0.067167 0.085617 0.067167 0.085617 0.095397 0.144898 0.095397
3 0.519874 0.694595 0.520205 0.753614 0.527201 0.753516 0.526870 0.694507
2 0.519893 0.697057 0.520186 0.749925 0.527182 0.749837 0.526889 0.696970
