0 0.194612 0.299860 0.238568 0.299860 0.238568 0.578201 0.202286 0.578201 0.179559 0.629871 0.179559 0.724424 0.102069 0.724424 0.102069 0.646694 0.076237 0.581267 0.127008 0.466403 0.098371 0.401845 0.099948 0.401845 0.099948 0.389946 0.034875 0.389946 0.034875 0.068347 0.194612 0.068347
0 0.119454 0.466449 0.068903 0.580809 0.096702 0.650795 0.096673 0.651152 0.096673 0.724424 0.034875 0.724424 0.034875 0.401845 0.090597 0.401845
0 0.327281 0.287045 0.200423 0.287045 0.200423 0.068347 0.327281 0.068347
0 0.281922 0.326651 0.286828 0.326651 0.286828 0.299860 0.327281 0.299860 0.327281 0.529991 0.243963 0.529991 0.243963 0.299860 0.281922 0.299860
0 0.202004 0.872679 0.100686 0.872679 0.100686 0.752799 0.202004 0.752799
0 0.323882 0.717586 0.246454 0.717586 0.246454 0.549395 0.323882 0.549395
0 0.238568 0.724424 0.183709 0.724424 0.183709 0.633578 0.183859 0.633404 0.204042 0.587354 0.238568 0.587354
3 0.034875 0.068347 0.327281 0.068347 0.340147 0.039972 0.019531 0.039972
2 0.134449 0.068347 0.169059 0.068347 0.169059 0.039972 0.134449 0.039972
1 0.058187 0.068347 0.107169 0.068347 0.107169 0.039972 0.058187 0.039972
1 0.221855 0.068347 0.271716 0.068347 0.271716 0.039972 0.221855 0.039972
3 0.340147 0.752799 0.238568 0.752799 0.238568 0.717586 0.323882 0.717586
3 0.238568 0.752799 0.022009 0.752799 0.034875 0.724424 0.238568 0.724424
2 0.134756 0.752799 0.108373 0.752799 0.108373 0.724424 0.134756 0.724424
3 0.034875 0.724424 0.034875 0.339347 0.022009 0.339347 0.022009 0.752799
3 0.034875 0.339347 0.034875 0.068347 0.019531 0.039972 0.019531 0.339347
3 0.238568 0.724424 0.238568 0.529991 0.246454 0.549395 0.246454 0.752799
3 0.194612 0.039972 0.194612 0.299860 0.200423 0.287045 0.200423 0.039972
3 0.194612 0.299860 0.340147 0.299860 0.340147 0.287045 0.200423 0.287045
2 0.202377 0.299860 0.232347 0.299860 0.232347 0.287045 0.202377 0.287045
3 0.238568 0.287045 0.238568 0.529991 0.243963 0.529991 0.243963 0.287045
2 0.238568 0.404967 0.238568 0.483483 0.243963 0.483483 0.243963 0.404967
3 0.034875 0.401845 0.099948 0.401845 0.099948 0.389946 0.034875 0.389946
3 0.090597 0.401845 0.119454 0.466449 0.127008 0.466403 0.094444 0.393498
2 0.097441 0.417168 0.117400 0.461845 0.121243 0.453497 0.101284 0.408811
3 0.119454 0.466449 0.068903 0.580809 0.076237 0.581267 0.127008 0.466403
3 0.068903 0.580809 0.096673 0.651152 0.102069 0.646694 0.076237 0.581267
3 0.096673 0.651152 0.096673 0.724424 0.102069 0.724424 0.102069 0.646694
3 0.179559 0.724424 0.179559 0.629871 0.183709 0.633578 0.183709 0.724424
3 0.179559 0.629871 0.202286 0.578201 0.204042 0.587354 0.183709 0.633578
3 0.202286 0.578201 0.238568 0.578201 0.238568 0.587354 0.204042 0.587354
2 0.204938 0.578201 0.234397 0.578201 0.234397 0.587354 0.204938 0.587354
3 0.089481 0.724424 0.089481 0.897392 0.100686 0.872679 0.100686 0.724424
3 0.100686 0.872679 0.202004 0.872679 0.213210 0.897392 0.089481 0.897392
3 0.213210 0.897392 0.213210 0.724424 0.202004 0.724424 0.202004 0.872679
3 0.238568 0.529991 0.327281 0.529991 0.340147 0.549395 0.246454 0.549395
2 0.288355 0.529991 0.315004 0.529991 0.315004 0.549395 0.288355 0.549395
3 0.327281 0.529991 0.340147 0.529991 0.340147 0.549395 0.327281 0.549395
3 0.327281 0.068347 0.327281 0.529991 0.340147 0.529991 0.340147 0.039972
1 0.327281 0.399877 0.327281 0.483135 0.340147 0.483135 0.340147 0.399877
3 0.323882 0.529991 0.323882 0.717586 0.340147 0.752799 0.340147 0.529991
1 0.323882 0.552096 0.323882 0.635793 0.340147 0.635793 0.340147 0.552096
3 0.281922 0.299860 0.281922 0.326651 0.286828 0.326651 0.286828 0.299860
0 0.413296 0.903589 0.413296 0.960357 0.542507 0.960357 0.542507 0.903589 0.413296 0.903589 0.413296 0.903589
0 0.539249 0.726758 0.360873 0.726758 0.360873 0.436509 0.409652 0.436509 0.426461 0.401388 0.426461 0.386578 0.539249 0.386578
0 0.657288 0.386294 0.539249 0.386294 0.539249 0.386578 0.426461 0.386578 0.426461 0.290167 0.360873 0.290167 0.360873 0.055963 0.657288 0.055963
0 0.657288 0.726758 0.539249 0.726758 0.539249 0.386294 0.657288 0.386294
0 0.530472 0.877045 0.425332 0.877045 0.425332 0.743233 0.530472 0.743233
0 0.421480 0.396665 0.407668 0.425525 0.360873 0.425525 0.360873 0.301151 0.421480 0.301151
3 0.360873 0.055963 0.657288 0.055963 0.669324 0.033309 0.348837 0.033309
1 0.377363 0.055963 0.425685 0.055963 0.425685 0.033309 0.377363 0.033309
1 0.439410 0.055963 0.489720 0.055963 0.489720 0.033309 0.439410 0.033309
1 0.530687 0.055963 0.581396 0.055963 0.581396 0.033309 0.530687 0.033309
1 0.594922 0.055963 0.645033 0.055963 0.645033 0.033309 0.594922 0.033309
3 0.657288 0.055963 0.657288 0.726758 0.669324 0.753302 0.669324 0.033309
1 0.657288 0.319366 0.657288 0.375997 0.669324 0.375997 0.669324 0.319366
3 0.657288 0.726758 0.530472 0.726758 0.542507 0.753302 0.669324 0.753302
1 0.624476 0.726758 0.574125 0.726758 0.574125 0.753302 0.624476 0.753302
3 0.530472 0.726758 0.530472 0.877045 0.542507 0.903589 0.542507 0.753302
3 0.530472 0.877045 0.425332 0.877045 0.413296 0.903589 0.542507 0.903589
2 0.523790 0.877045 0.485117 0.877045 0.485117 0.903589 0.523790 0.903589
1 0.484133 0.877045 0.470919 0.877045 0.470919 0.903589 0.484133 0.903589
3 0.425332 0.877045 0.425332 0.726758 0.413296 0.753302 0.413296 0.903589
3 0.425332 0.726758 0.360873 0.726758 0.348837 0.753302 0.413296 0.753302
1 0.387332 0.726758 0.363978 0.726758 0.363978 0.753302 0.387332 0.753302
3 0.360873 0.726758 0.360873 0.055963 0.348837 0.033309 0.348837 0.753302
3 0.425332 0.726758 0.530472 0.726758 0.530472 0.743233 0.425332 0.743233
2 0.487342 0.726758 0.524068 0.726758 0.524068 0.743233 0.487342 0.743233
3 0.543914 0.526833 0.543914 0.726758 0.539249 0.726758 0.539249 0.526833
3 0.360873 0.436509 0.409652 0.436509 0.407668 0.425525 0.360873 0.425525
3 0.409652 0.436509 0.426461 0.401388 0.421480 0.396665 0.407668 0.425525
3 0.426461 0.401388 0.426461 0.290167 0.421480 0.301151 0.421480 0.396665
2 0.426461 0.381214 0.426461 0.306908 0.421480 0.306908 0.421480 0.381214
3 0.426461 0.290167 0.360873 0.290167 0.360873 0.301151 0.421480 0.301151
0 0.871581 0.343246 0.896483 0.392674 0.896483 0.438412 0.856889 0.527281 0.808048 0.527281 0.759008 0.637294 0.759008 0.724982 0.692637 0.724982 0.692637 0.472060 0.777203 0.472060 0.812273 0.400280 0.812273 0.343246 0.839607 0.279174
0 0.970458 0.408426 0.987549 0.408426 0.987549 0.724982 0.764404 0.724982 0.764404 0.642163 0.810310 0.539180 0.859151 0.539180 0.901878 0.443282 0.901878 0.395228 0.970458 0.395228
0 0.987549 0.383328 0.899770 0.383328 0.842355 0.269105 0.842355 0.052064 0.987549 0.052064
0 0.836959 0.268446 0.806625 0.338633 0.692637 0.338633 0.692637 0.052064 0.836959 0.052064
0 0.884754 0.965218 0.738983 0.965218 0.738983 0.752442 0.884754 0.752442
0 0.806878 0.395090 0.775087 0.460161 0.692637 0.460161 0.692637 0.350532 0.806878 0.350532
3 0.692637 0.052064 0.987549 0.052064 1.000000 0.024604 0.680186 0.024604
1 0.799225 0.052064 0.835967 0.052064 0.835967 0.024604 0.799225 0.024604
1 0.843874 0.052064 0.923481 0.052064 0.923481 0.024604 0.843874 0.024604
3 0.987549 0.052064 0.987549 0.724982 1.000000 0.752442 1.000000 0.024604
1 0.987549 0.221270 0.987549 0.362395 1.000000 0.362395 1.000000 0.221270
1 0.987549 0.410724 0.987549 0.548627 1.000000 0.548627 1.000000 0.410724
3 0.692637 0.724982 0.692637 0.052064 0.680186 0.024604 0.680186 0.752442
3 0.692637 0.350532 0.806878 0.350532 0.812273 0.338633 0.692637 0.338633
3 0.806878 0.350532 0.806878 0.395090 0.812273 0.400280 0.812273 0.338633
3 0.806878 0.395090 0.775087 0.460161 0.777203 0.472060 0.812273 0.400280
2 0.805774 0.397351 0.784777 0.440325 0.788446 0.449039 0.809447 0.406065
3 0.759008 0.724982 0.759008 0.635106 0.764404 0.639976 0.764404 0.724982
3 0.759008 0.635106 0.807073 0.527281 0.809335 0.539180 0.764404 0.639976
3 0.807073 0.527281 0.856889 0.527281 0.859151 0.539180 0.809335 0.539180
3 0.859151 0.539180 0.901878 0.443282 0.896483 0.438412 0.856889 0.527281
2 0.875246 0.503053 0.898952 0.449845 0.895105 0.441506 0.871399 0.494705
3 0.901878 0.443282 0.901878 0.395228 0.896483 0.383328 0.896483 0.438412
3 0.901878 0.395228 0.970458 0.395228 0.970458 0.383328 0.896483 0.383328
3 0.970458 0.408426 0.987549 0.408426 0.987549 0.383328 0.970458 0.383328
3 0.836959 0.052064 0.836959 0.268446 0.842355 0.273215 0.842355 0.052064
3 0.836959 0.268446 0.806625 0.338633 0.810530 0.346844 0.842355 0.273215
2 0.834453 0.274240 0.811742 0.326789 0.815648 0.334999 0.838358 0.282451
3 0.837341 0.274927 0.899060 0.397699 0.902675 0.388857 0.840956 0.266094
2 0.840952 0.282103 0.893640 0.386916 0.897255 0.378074 0.844567 0.273270
3 0.738983 0.724982 0.738983 0.965218 0.725702 0.994508 0.725702 0.752442
3 0.738983 0.965218 0.884754 0.965218 0.895130 0.994508 0.725702 0.994508
3 0.884754 0.965218 0.884754 0.724982 0.895130 0.752442 0.895130 0.994508
3 0.738983 0.724982 0.692637 0.724982 0.680186 0.752442 0.725702 0.752442
3 0.987549 0.724982 0.884754 0.724982 0.895130 0.752442 1.000000 0.752442
3 0.895130 0.724982 0.725702 0.724982 0.725702 0.752442 0.884754 0.752442
2 0.868485 0.724982 0.841574 0.724982 0.841574 0.752442 0.868485 0.752442
3 0.775087 0.460161 0.692637 0.460161 0.692637 0.472060 0.777203 0.472060
