0 0.455671 0.658585 0.268565 0.658585 0.268565 0.467923 0.455671 0.467923
0 0.455671 0.446777 0.268565 0.446777 0.268565 0.351058 0.262280 0.351058 0.262280 0.257891 0.268565 0.257891 0.268565 0.160015 0.455671 0.160015
0 0.256722 0.257891 0.262280 0.257891 0.262280 0.351058 0.256722 0.351058 0.256722 0.658585 0.055721 0.658585 0.055721 0.160015 0.256722 0.160015
0 0.055500 0.678955 0.055500 0.881557 0.455781 0.881557 0.455781 0.679970 0.055500 0.678955 0.055500 0.678955
3 0.016429 0.160015 0.491039 0.160015 0.491039 0.138870 0.016429 0.138870
3 0.016429 0.679730 0.491039 0.679730 0.491039 0.658585 0.016429 0.658585
2 0.138869 0.679730 0.202430 0.679730 0.202430 0.658585 0.138869 0.658585
1 0.066158 0.679730 0.132766 0.679730 0.132766 0.658585 0.066158 0.658585
2 0.329725 0.679730 0.392994 0.679730 0.392994 0.658585 0.329725 0.658585
3 0.043879 0.101047 0.043879 0.728182 0.055721 0.728182 0.055721 0.101047
1 0.043879 0.490717 0.043879 0.628727 0.055721 0.628727 0.055721 0.490717
3 0.455671 0.101047 0.455671 0.728182 0.467513 0.728182 0.467513 0.101047
1 0.455671 0.495609 0.455671 0.629996 0.467513 0.629996 0.467513 0.495609
1 0.455671 0.278684 0.455671 0.417850 0.467513 0.417850 0.467513 0.278684
3 0.256722 0.101019 0.256722 0.160015 0.268565 0.160015 0.268565 0.101019
3 0.256722 0.160015 0.256722 0.257891 0.268565 0.257891 0.268565 0.160015
3 0.256722 0.351058 0.256722 0.679730 0.268565 0.679730 0.268565 0.351058
3 0.256722 0.679730 0.256722 0.727688 0.268565 0.727688 0.268565 0.679730
3 0.256722 0.467923 0.455671 0.467923 0.455671 0.446777 0.256722 0.446777
2 0.328786 0.467923 0.379597 0.467923 0.379597 0.446777 0.328786 0.446777
3 0.467513 0.467923 0.491039 0.467923 0.491039 0.446777 0.467513 0.446777
0 0.961095 0.655371 0.709133 0.655371 0.709133 0.158098 0.961095 0.158098
0 0.709133 0.655371 0.557174 0.655371 0.557174 0.158098 0.709133 0.158098
0 0.557174 0.676516 0.557174 0.845934 0.961994 0.845934 0.961095 0.676516 0.557174 0.676516 0.557174 0.676516
3 0.557174 0.158098 0.961095 0.158098 0.972937 0.136953 0.545332 0.136953
1 0.725806 0.158098 0.793733 0.158098 0.793733 0.136953 0.725806 0.136953
3 0.961095 0.158098 0.961095 0.655371 0.972937 0.676516 0.972937 0.136953
3 0.961095 0.655371 0.557174 0.655371 0.545332 0.676516 0.972937 0.676516
2 0.792612 0.655371 0.725427 0.655371 0.725427 0.676516 0.792612 0.676516
3 0.557174 0.655371 0.557174 0.158098 0.545332 0.136953 0.545332 0.676516
