0 0.697861 0.925410 0.697861 1.000000 0.566414 1.000000 0.566414 0.923717 0.698251 0.923717 0.698251 0.926249 0.697861 0.925410
0 0.174704 0.298832 0.174704 0.151167 0.988280 0.151167 0.988280 0.298847 0.174704 0.298832 0.174704 0.298832
0 0.965772 0.676401 0.707658 0.676401 0.707658 0.463257 0.965772 0.463257
0 0.965772 0.463257 0.693494 0.463257 0.693494 0.315918 0.965772 0.315918
0 0.693494 0.602891 0.170089 0.602891 0.170089 0.328345 0.554694 0.328345 0.554694 0.315918 0.693494 0.315918
0 0.489389 0.772729 0.555260 0.772729 0.555260 0.874369 0.555579 0.874369 0.555579 0.904922 0.170089 0.904922 0.170089 0.612210 0.489389 0.612210
0 0.693494 0.855395 0.564703 0.855395 0.564703 0.766515 0.498831 0.766515 0.498831 0.612210 0.693494 0.612210
0 0.965772 0.902422 0.707658 0.902422 0.707658 0.791834 0.965772 0.791834
0 0.965772 0.782514 0.707658 0.782514 0.707658 0.685720 0.965772 0.685720
0 0.693494 0.904922 0.572162 0.904922 0.572162 0.864878 0.693494 0.864878
3 0.170089 0.904922 0.170089 0.328345 0.134681 0.298832 0.134681 0.924168
3 0.134681 0.298832 0.554694 0.298832 0.554694 0.328345 0.170089 0.328345
1 0.438496 0.298832 0.548344 0.298832 0.548344 0.328345 0.438496 0.328345
1 0.291882 0.298832 0.430175 0.298832 0.430175 0.328345 0.291882 0.328345
3 0.554694 0.298832 1.000000 0.298832 0.965772 0.315918 0.554694 0.315918
1 0.772408 0.298832 0.899771 0.298832 0.899771 0.315918 0.772408 0.315918
2 0.564089 0.298832 0.678753 0.298832 0.678753 0.315918 0.564089 0.315918
3 1.000000 0.298832 1.000000 0.924168 0.965772 0.902422 0.965772 0.315918
3 0.707658 0.612210 0.134681 0.612210 0.134681 0.602891 0.707658 0.602891
2 0.663751 0.612210 0.565670 0.612210 0.565670 0.602891 0.663751 0.602891
3 0.693494 0.782514 1.000000 0.782514 1.000000 0.791834 0.693494 0.791834
3 0.693494 0.676401 1.000000 0.676401 1.000000 0.685720 0.693494 0.685720
3 0.489389 0.602891 0.489389 0.772729 0.498831 0.766515 0.498831 0.602891
2 0.489389 0.708476 0.489389 0.764954 0.498831 0.764954 0.498831 0.708476
3 0.489389 0.772729 0.555260 0.772729 0.564703 0.766515 0.498831 0.766515
3 0.555260 0.864878 0.693494 0.864878 0.707658 0.855395 0.555260 0.855395
2 0.577025 0.864878 0.685728 0.864878 0.685728 0.855395 0.577025 0.855395
3 0.693494 0.924168 0.693494 0.864878 0.707658 0.855395 0.707658 0.904922
3 0.693494 0.855395 0.693494 0.463257 0.707658 0.463257 0.707658 0.864878
2 0.693494 0.673317 0.693494 0.614905 0.707658 0.614905 0.707658 0.673317
2 0.693494 0.755961 0.693494 0.710900 0.707658 0.710900 0.707658 0.755961
2 0.693494 0.838697 0.693494 0.794514 0.707658 0.794514 0.707658 0.838697
3 0.555260 0.772729 0.555260 0.874369 0.564703 0.874369 0.564703 0.766515
3 0.555579 0.874369 0.555579 0.924168 0.572162 0.924168 0.572162 0.864878
3 0.572162 0.864878 0.555260 0.864878 0.555260 0.874369 0.555579 0.874369
3 0.965772 0.902422 0.693494 0.902422 0.693494 0.924168 1.000000 0.924168
1 0.839081 0.902422 0.710478 0.902422 0.710478 0.924168 0.839081 0.924168
3 0.693494 0.904922 0.170089 0.904922 0.134681 0.924168 0.693494 0.924168
1 0.491101 0.904922 0.361695 0.904922 0.361695 0.924168 0.491101 0.924168
1 0.361695 0.904922 0.230531 0.904922 0.230531 0.924168 0.361695 0.924168
2 0.685728 0.904922 0.577898 0.904922 0.577898 0.924168 0.685728 0.924168
3 0.987867 0.315918 0.987867 0.150523 0.978425 0.156736 0.978425 0.315918
3 0.987867 0.150523 0.872483 0.150523 0.872483 0.156736 0.978425 0.156736
