0 0.537793 0.470012 0.537793 0.588094 0.681938 0.588094 0.681768 0.470012 0.537793 0.470012 0.537793 0.470012
0 0.121962 0.158677 0.059551 0.158677 0.059551 0.168802 0.045676 0.168802 0.045676 0.293128 0.059551 0.293194 0.059602 0.303130 0.121962 0.303130 0.121962 0.158677 0.121962 0.158677
0 0.421770 0.985593 0.421770 0.994300 0.596565 0.994279 0.596565 0.741444 0.495911 0.741444 0.495830 0.847521 0.421815 0.847521 0.421770 0.994300 0.421770 0.985593
0 0.881241 0.299176 0.880617 0.554562 0.989664 0.554639 0.989664 0.299294 0.881241 0.299176 0.881241 0.299176
0 0.888623 0.201909 0.989664 0.201909 0.989664 0.293025 0.881396 0.293025 0.881241 0.242658 0.888623 0.242658 0.888623 0.201909 0.888623 0.201909
0 0.909691 0.110522 0.968566 0.110522 0.968566 0.146236 0.977232 0.146236 0.977232 0.191707 0.902586 0.191707 0.902309 0.146682 0.909691 0.146682 0.909691 0.110522 0.909691 0.110522
0 0.335198 0.419455 0.361349 0.456286 0.488961 0.456286 0.523945 0.456291 0.523945 0.572570 0.481483 0.572570 0.481483 0.578419 0.325897 0.578419 0.325897 0.542895 0.318419 0.542895 0.318419 0.587044 0.481483 0.587044 0.481483 0.587044 0.266737 0.587044 0.266737 0.380853 0.335198 0.380853
0 0.481483 0.828570 0.408162 0.828570 0.408114 0.981050 0.137124 0.981050 0.137124 0.738258 0.266737 0.738258 0.266737 0.587044 0.481483 0.587044
0 0.619386 0.451062 0.488961 0.451062 0.488961 0.372371 0.463316 0.372371 0.463316 0.267944 0.487300 0.267944 0.487300 0.255237 0.619386 0.255237
0 0.619386 0.250115 0.602744 0.250115 0.602744 0.255237 0.562564 0.255237 0.562564 0.250115 0.545109 0.250115 0.545109 0.178882 0.619386 0.178882
0 0.298971 0.232722 0.266737 0.232302 0.266737 0.271130 0.137124 0.271130 0.137124 0.135322 0.298971 0.135322
0 0.298908 0.232722 0.325908 0.267944 0.335198 0.267944 0.335198 0.375731 0.266737 0.375731 0.266737 0.232302
0 0.459625 0.377493 0.481819 0.377493 0.481819 0.451164 0.406490 0.451164 0.406490 0.375731 0.338889 0.375731 0.338889 0.342332 0.335198 0.342332 0.335198 0.303591 0.338889 0.303591 0.338889 0.267944 0.459625 0.267944
0 0.834967 0.571448 0.694192 0.571448 0.694192 0.451062 0.626768 0.451062 0.626768 0.346220 0.695288 0.346220 0.695288 0.226222 0.739798 0.226222 0.739798 0.178882 0.834967 0.178882
0 0.263046 0.427568 0.137124 0.427568 0.137124 0.276252 0.263046 0.276252
0 0.263046 0.710852 0.247688 0.710852 0.247688 0.733137 0.137124 0.733137 0.137124 0.587254 0.263046 0.587254
0 0.263046 0.577656 0.137124 0.577656 0.137124 0.432690 0.263046 0.432690
0 0.410195 0.262822 0.327373 0.262822 0.302662 0.230509 0.302662 0.135322 0.410195 0.135322
0 0.690490 0.316191 0.674785 0.316191 0.674785 0.339561 0.626768 0.339561 0.626768 0.178882 0.690490 0.178882
0 0.478656 0.259944 0.416064 0.259944 0.416064 0.135322 0.478656 0.135322
0 0.402799 0.451164 0.362892 0.451164 0.338889 0.417356 0.338889 0.380853 0.402799 0.380853
0 0.541418 0.250115 0.487300 0.250115 0.487300 0.178882 0.541418 0.178882
0 0.735369 0.220076 0.695288 0.220076 0.695288 0.178882 0.735369 0.178882
3 0.421763 1.000000 0.121962 1.000000 0.137124 0.981050 0.408114 0.981050
1 0.204057 1.000000 0.170406 1.000000 0.170406 0.981050 0.204057 0.981050
1 0.236516 1.000000 0.203105 1.000000 0.203105 0.981050 0.236516 0.981050
1 0.268856 1.000000 0.236516 1.000000 0.236516 0.981050 0.268856 0.981050
1 0.355085 1.000000 0.321383 1.000000 0.321383 0.981050 0.355085 0.981050
1 0.387488 1.000000 0.355085 1.000000 0.355085 0.981050 0.387488 0.981050
3 0.137124 0.981050 0.137124 0.135322 0.121962 0.116371 0.121962 1.000000
2 0.137124 0.222842 0.137124 0.184378 0.121962 0.184378 0.121962 0.222842
1 0.137124 0.383040 0.137124 0.343802 0.121962 0.343802 0.121962 0.383040
1 0.137124 0.421366 0.137124 0.383040 0.121962 0.383040 0.121962 0.421366
1 0.137124 0.473685 0.137124 0.435051 0.121962 0.435051 0.121962 0.473685
1 0.137124 0.512620 0.137124 0.473685 0.121962 0.473685 0.121962 0.512620
1 0.137124 0.649596 0.137124 0.618010 0.121962 0.618010 0.121962 0.649596
1 0.137124 0.678401 0.137124 0.650103 0.121962 0.650103 0.121962 0.678401
1 0.137124 0.951113 0.137124 0.919051 0.121962 0.919051 0.121962 0.951113
3 0.121962 0.116371 0.494546 0.116371 0.478656 0.135322 0.137124 0.135322
1 0.418183 0.116371 0.471654 0.116371 0.471654 0.135322 0.418183 0.135322
1 0.331917 0.116371 0.387296 0.116371 0.387296 0.135322 0.331917 0.135322
1 0.223973 0.116371 0.247533 0.116371 0.247533 0.135322 0.223973 0.135322
1 0.181184 0.116371 0.203525 0.116371 0.203525 0.135322 0.181184 0.135322
3 0.478656 0.135322 0.478656 0.178882 0.494546 0.159932 0.494546 0.116371
3 0.478656 0.178882 0.834967 0.178882 0.848623 0.159932 0.494546 0.159932
1 0.759467 0.178882 0.793225 0.178882 0.793225 0.159932 0.759467 0.159932
1 0.577756 0.178882 0.610030 0.178882 0.610030 0.159932 0.577756 0.159932
1 0.502851 0.178882 0.535723 0.178882 0.535723 0.159932 0.502851 0.159932
3 0.848623 0.159932 0.848623 0.589907 0.834967 0.571448 0.834967 0.178882
1 0.848623 0.358302 0.848623 0.406697 0.834967 0.406697 0.834967 0.358302
1 0.848623 0.299013 0.848623 0.344084 0.834967 0.344084 0.834967 0.299013
1 0.848623 0.237910 0.848623 0.284492 0.834967 0.284492 0.834967 0.237910
3 0.848623 0.589907 0.681768 0.589907 0.694192 0.571448 0.834967 0.571448
2 0.815065 0.589907 0.722428 0.589907 0.722428 0.571448 0.815065 0.571448
3 0.681768 0.589907 0.681768 0.470012 0.694192 0.451062 0.694192 0.571448
3 0.694192 0.451062 0.523945 0.451062 0.537793 0.470012 0.681768 0.470012
2 0.679878 0.451062 0.646205 0.451062 0.646205 0.470012 0.679878 0.470012
1 0.572020 0.451062 0.545116 0.451062 0.545116 0.470012 0.572020 0.470012
1 0.600193 0.451062 0.572020 0.451062 0.572020 0.470012 0.600193 0.470012
3 0.537793 0.470012 0.537793 0.591520 0.523945 0.572570 0.523945 0.451062
2 0.537793 0.488404 0.537793 0.533302 0.523945 0.533302 0.523945 0.488404
1 0.537793 0.533138 0.537793 0.557435 0.523945 0.557435 0.523945 0.533138
3 0.537793 0.591520 0.495830 0.591520 0.481483 0.572570 0.523945 0.572570
1 0.514828 0.591520 0.499820 0.591520 0.499820 0.572570 0.514828 0.572570
3 0.495830 0.591520 0.495830 0.847521 0.481483 0.828570 0.481483 0.572570
1 0.495830 0.753306 0.495830 0.798280 0.481483 0.798280 0.481483 0.753306
1 0.495830 0.691563 0.495830 0.738064 0.481483 0.738064 0.481483 0.691563
1 0.495830 0.630835 0.495830 0.676572 0.481483 0.676572 0.481483 0.630835
3 0.495830 0.847521 0.421815 0.847521 0.408162 0.828570 0.481483 0.828570
3 0.421815 0.847521 0.421763 1.000000 0.408114 0.981050 0.408162 0.828570
2 0.421811 0.851060 0.421800 0.892054 0.408143 0.892049 0.408154 0.851055
3 0.619386 0.159932 0.619386 0.470012 0.626768 0.470012 0.626768 0.159932
3 0.626768 0.346220 0.674785 0.346220 0.674785 0.339561 0.626768 0.339561
3 0.674785 0.346220 0.695288 0.346220 0.690490 0.316191 0.674785 0.316191
3 0.695288 0.346220 0.695288 0.159932 0.690490 0.159932 0.690490 0.316191
2 0.695288 0.287320 0.695288 0.249577 0.690490 0.249577 0.690490 0.287320
3 0.690490 0.226222 0.739798 0.226222 0.735369 0.220076 0.690490 0.220076
2 0.709011 0.226222 0.733114 0.226222 0.733114 0.220076 0.709011 0.220076
3 0.739798 0.226222 0.739798 0.159932 0.735369 0.159932 0.735369 0.220076
3 0.121962 0.276252 0.263046 0.276252 0.266737 0.271130 0.121962 0.271130
3 0.263046 0.276252 0.263046 0.710852 0.266737 0.738258 0.266737 0.271130
2 0.263046 0.591843 0.263046 0.629836 0.266737 0.629836 0.266737 0.591843
2 0.263046 0.436178 0.263046 0.473014 0.266737 0.473014 0.266737 0.436178
2 0.263046 0.385299 0.263046 0.424439 0.266737 0.424439 0.266737 0.385299
3 0.266737 0.738258 0.247688 0.738258 0.247688 0.710852 0.263046 0.710852
3 0.247688 0.738258 0.121962 0.738258 0.121962 0.733137 0.247688 0.733137
3 0.121962 0.587254 0.266737 0.587254 0.266737 0.577656 0.121962 0.577656
3 0.121962 0.432690 0.266737 0.432690 0.266737 0.427568 0.121962 0.427568
3 0.481483 0.587044 0.318419 0.587044 0.325897 0.578419 0.481483 0.578419
3 0.318419 0.587044 0.318419 0.542895 0.325897 0.542895 0.325897 0.578419
3 0.478656 0.178882 0.478656 0.259944 0.487300 0.267944 0.487300 0.178882
3 0.478656 0.259944 0.410195 0.259944 0.410195 0.267944 0.487300 0.267944
3 0.410195 0.267944 0.410195 0.116371 0.416064 0.116371 0.416064 0.259944
2 0.410195 0.219687 0.410195 0.180260 0.416064 0.180260 0.416064 0.219687
3 0.410195 0.267944 0.325908 0.267944 0.327373 0.262822 0.410195 0.262822
3 0.325908 0.267944 0.298971 0.232722 0.302662 0.230509 0.327373 0.262822
2 0.322907 0.264021 0.302584 0.237444 0.305116 0.233715 0.325439 0.260292
3 0.298971 0.232722 0.298971 0.116371 0.302662 0.116371 0.302662 0.230509
3 0.459625 0.259944 0.459625 0.377493 0.463316 0.372371 0.463316 0.259944
3 0.459625 0.377493 0.481819 0.377493 0.488961 0.372371 0.463316 0.372371
3 0.481819 0.377493 0.481819 0.451164 0.488961 0.456286 0.488961 0.372371
3 0.481819 0.451164 0.362892 0.451164 0.361349 0.456286 0.488961 0.456286
2 0.456975 0.451164 0.431758 0.451164 0.431758 0.456286 0.456975 0.456286
3 0.362892 0.451164 0.338889 0.417356 0.335198 0.419455 0.361349 0.456286
2 0.361840 0.449679 0.341255 0.420690 0.338623 0.424280 0.359212 0.453274
3 0.338889 0.417356 0.338889 0.342332 0.335198 0.342332 0.335198 0.419455
3 0.338889 0.303591 0.338889 0.262822 0.335198 0.262822 0.335198 0.303591
3 0.263046 0.380853 0.338889 0.380853 0.338889 0.375731 0.263046 0.375731
2 0.293379 0.380853 0.321918 0.380853 0.321918 0.375731 0.293379 0.375731
3 0.338889 0.380853 0.402799 0.380853 0.406490 0.375731 0.338889 0.375731
3 0.402799 0.380853 0.402799 0.456286 0.406490 0.456286 0.406490 0.375731
3 0.478656 0.255237 0.562564 0.255237 0.562564 0.250115 0.478656 0.250115
2 0.510546 0.255237 0.539118 0.255237 0.539118 0.250115 0.510546 0.250115
3 0.602744 0.255237 0.626768 0.255237 0.626768 0.250115 0.602744 0.250115
3 0.541418 0.159932 0.541418 0.255237 0.545109 0.255237 0.545109 0.159932
3 0.902309 0.146682 0.902309 0.100279 0.909691 0.110522 0.909691 0.146682
3 0.902309 0.100279 0.977232 0.100279 0.968566 0.110522 0.909691 0.110522
3 0.977232 0.100279 0.977232 0.146236 0.968566 0.146236 0.968566 0.110522
3 0.881241 0.242658 0.881241 0.191666 0.888623 0.201909 0.888623 0.242658
3 0.881241 0.191666 0.999999 0.191666 0.989664 0.201909 0.888623 0.201909
3 0.999999 0.191666 0.999999 0.554639 0.989664 0.554639 0.989664 0.201909
1 0.999999 0.234709 0.999999 0.283693 0.989664 0.283693 0.989664 0.234709
1 0.999999 0.416966 0.999999 0.524421 0.989664 0.524421 0.989664 0.416966
3 0.889106 0.554562 0.889106 0.510146 0.880617 0.510146 0.880617 0.554562
3 0.881241 0.286024 0.881241 0.299176 0.888623 0.293030 0.888623 0.286024
3 0.881241 0.299176 0.999999 0.299176 0.999999 0.293030 0.888623 0.293030
3 0.523945 0.451062 0.488961 0.451062 0.488961 0.456291 0.523945 0.456291
2 0.519453 0.451062 0.490932 0.451062 0.490932 0.456291 0.519453 0.456291
