0 0.970185 0.897764 0.720273 0.897764 0.720273 0.737724 0.970185 0.737724
0 0.970185 0.737724 0.483881 0.737724 0.483881 0.270397 0.970185 0.270397
0 0.483881 0.737724 0.093385 0.737724 0.093385 0.571515 0.483881 0.571515
0 0.469621 0.562012 0.093385 0.561545 0.093385 0.270397 0.469621 0.270397
0 0.469621 0.562012 0.093385 0.562012 0.093385 0.561545
0 0.576514 0.233249 0.576514 0.080819 0.971482 0.080819 0.971482 0.233249 0.576514 0.233249 0.576514 0.233249
0 0.706014 0.897764 0.301181 0.897764 0.301181 0.747227 0.706014 0.747227
0 0.280440 0.897764 0.106348 0.897764 0.106348 0.754138 0.280440 0.754138
3 1.000000 0.915043 1.000000 0.233249 0.970185 0.270397 0.970185 0.915043
3 0.970185 0.270397 0.093385 0.270397 0.064867 0.233249 1.000000 0.233249
2 0.720649 0.270397 0.600625 0.270397 0.600625 0.233249 0.720649 0.233249
1 0.919241 0.270397 0.730462 0.270397 0.730462 0.233249 0.919241 0.233249
1 0.423849 0.270397 0.211076 0.270397 0.211076 0.233249 0.423849 0.233249
3 0.093385 0.270397 0.093385 0.737724 0.064867 0.737724 0.064867 0.233249
3 0.064867 0.737724 0.064867 0.915043 0.106348 0.897764 0.106348 0.754138
3 0.064867 0.915043 0.985430 0.915043 0.985430 0.897764 0.106348 0.897764
2 0.731330 0.915043 0.858808 0.915043 0.858808 0.897764 0.731330 0.897764
3 0.064867 0.737724 0.301181 0.737724 0.301181 0.754138 0.106348 0.754138
3 0.301181 0.737724 0.301181 0.897764 0.280440 0.897764 0.280440 0.754138
2 0.301181 0.820513 0.301181 0.887950 0.280440 0.887950 0.280440 0.820513
3 0.301181 0.737724 0.720273 0.737724 0.706014 0.747227 0.301181 0.747227
3 0.720273 0.737724 0.720273 0.897764 0.706014 0.897764 0.706014 0.747227
2 0.720273 0.821999 0.720273 0.894343 0.706014 0.894343 0.706014 0.821999
3 0.093385 0.571515 0.483881 0.571515 0.469621 0.562012 0.093385 0.562012
3 0.483881 0.571515 0.483881 0.270397 0.469621 0.270397 0.469621 0.562012
2 0.483881 0.552284 0.483881 0.479992 0.469621 0.479992 0.469621 0.552284
3 1.000000 0.233249 1.000000 0.069588 0.971482 0.069588 0.971482 0.233249
