0 0.355388 0.607487 0.580150 0.607487 0.580150 0.798717 0.557492 0.798717 0.557492 0.873185 0.173617 0.873185 0.173617 0.617629 0.271148 0.617629 0.271148 0.596077 0.355388 0.596077
0 0.669237 0.149596 0.669168 0.596077 0.173617 0.596077 0.173617 0.148417
0 0.158232 0.149647 0.035146 0.149989 0.035146 0.596077 0.158232 0.596077 0.158232 0.149647 0.158232 0.149647
0 0.982906 0.873185 0.790391 0.873185 0.790391 0.799668 0.769528 0.799668 0.769528 0.684758 0.982906 0.684758
0 0.982906 0.150585 0.982906 0.675883 0.769528 0.675883 0.769528 0.596077 0.676860 0.596077 0.676929 0.149596
0 0.669168 0.607487 0.763545 0.607487 0.763545 0.873185 0.586133 0.873185 0.586133 0.596077 0.669168 0.596077
3 0.173617 0.148417 0.173617 0.873185 0.158232 0.893470 0.158232 0.133166
2 0.173617 0.454747 0.173617 0.552340 0.158232 0.552340 0.158232 0.454747
1 0.173617 0.150255 0.173617 0.192345 0.158232 0.192345 0.158232 0.150255
1 0.173617 0.192345 0.173617 0.442855 0.158232 0.442855 0.158232 0.192345
1 0.173617 0.663637 0.173617 0.704497 0.158232 0.704497 0.158232 0.663637
1 0.173617 0.703571 0.173617 0.846144 0.158232 0.846144 0.158232 0.703571
3 0.158232 0.893470 1.000000 0.893470 0.982906 0.873185 0.173617 0.873185
2 0.688014 0.893470 0.759836 0.893470 0.759836 0.873185 0.688014 0.873185
3 0.982906 0.873185 0.982906 0.150585 1.000000 0.135410 1.000000 0.893470
1 0.982906 0.806869 0.982906 0.703926 1.000000 0.703926 1.000000 0.806869
1 0.982906 0.437062 0.982906 0.255290 1.000000 0.255290 1.000000 0.437062
1 0.982906 0.475399 0.982906 0.437683 1.000000 0.437683 1.000000 0.475399
3 0.982906 0.150585 0.173617 0.148417 0.158232 0.133166 1.000000 0.135410
3 0.158232 0.596077 0.271148 0.596077 0.271148 0.617629 0.158232 0.617629
3 0.769528 0.596077 0.769528 0.675883 0.763545 0.684758 0.763545 0.607487
3 0.763545 0.684758 1.000000 0.684758 1.000000 0.675883 0.769528 0.675883
3 0.769528 0.675883 0.769528 0.799668 0.763545 0.799668 0.763545 0.675883
2 0.769528 0.710582 0.769528 0.791351 0.763545 0.791351 0.763545 0.710582
3 0.790391 0.799668 0.790391 0.893470 0.763545 0.893470 0.763545 0.799668
3 0.355388 0.596077 0.586133 0.596077 0.580150 0.607487 0.355388 0.607487
3 0.676860 0.596077 0.769528 0.596077 0.763545 0.607487 0.669168 0.607487
2 0.696322 0.596077 0.759921 0.596077 0.759921 0.607487 0.696322 0.607487
3 0.669168 0.607487 0.669168 0.134535 0.676860 0.134535 0.676860 0.596077
3 0.586133 0.596077 0.586133 0.798717 0.580150 0.798717 0.580150 0.607487
2 0.586133 0.685392 0.586133 0.798058 0.580150 0.798058 0.580150 0.685392
3 0.586133 0.798717 0.586133 0.893470 0.557492 0.893470 0.557492 0.798717
3 0.158232 0.617629 0.028308 0.617629 0.028308 0.596077 0.158232 0.596077
3 0.158232 0.133166 0.028308 0.133166 0.028308 0.149647 0.158232 0.149647
